 sig=    1.000000000000000      inputfile=
 /home/rjrj524/Finished/vmec_gc_tracer/revised_251128/nc/wout_pwO_nfp2_A6.nc                                                                                                                             
 dt=   1.0000000000000000E-010
 steps=     20000000
 x0=   4.0000000000000001E-002    3.080000000000000      
    6.410000000000000     
 u=   -194544.1000000000     
 v_perp=    220905.1000000000     
 
time(s)         x0(1)       x0(2)        x0(3)      r
    4.9990000000E-07    1.2592152312E+00    7.8671554906E-03    6.3425343920E+00    4.0299808845E-02
    9.9990000000E-07    1.2587638484E+00    4.8087220230E-02    6.2751665655E+00    4.0199366136E-02
    1.4999000000E-06    1.2565484364E+00    8.7991733161E-02    6.2075374522E+00    3.9739782051E-02
    1.9999000000E-06    1.2525189646E+00    1.2723864416E-01    6.1392796222E+00    3.9016913562E-02
    2.4999000000E-06    1.2465909785E+00    1.6553680569E-01    6.0700745855E+00    3.8148869884E-02
    2.9999000000E-06    1.2386572668E+00    2.0259408406E-01    5.9996461684E+00    3.7244725104E-02
    3.4999000000E-06    1.2285958437E+00    2.3816875659E-01    5.9277816385E+00    3.6388616493E-02
    3.9999000000E-06    1.2162843217E+00    2.7203895828E-01    5.8543134566E+00    3.5639306344E-02
    4.4999000000E-06    1.2016121179E+00    3.0399414320E-01    5.7791087648E+00    3.5037140240E-02
    4.9999000000E-06    1.1844891791E+00    3.3382108643E-01    5.7020590494E+00    3.4609051473E-02
    5.4999000000E-06    1.1648549574E+00    3.6128593782E-01    5.6230721772E+00    3.4371304407E-02
    5.9999000000E-06    1.1426905574E+00    3.8612406568E-01    5.5420664913E+00    3.4332560730E-02
    6.4999000000E-06    1.1180245923E+00    4.0806368422E-01    5.4589750379E+00    3.4500559773E-02
    6.9999000000E-06    1.0909470242E+00    4.2683342319E-01    5.3737445346E+00    3.4887273669E-02
    7.4999000000E-06    1.0616214240E+00    4.4216659525E-01    5.2863341261E+00    3.5503749996E-02
    7.9999000000E-06    1.0302787328E+00    4.5381751406E-01    5.1967159832E+00    3.6348568409E-02
    8.4999000000E-06    9.9721396033E-01    4.6157112372E-01    5.1048636846E+00    3.7403516054E-02
    8.9999000000E-06    9.6276922492E-01    4.6525958463E-01    5.0107412813E+00    3.8638629758E-02
    9.4999000000E-06    9.2730254610E-01    4.6476754292E-01    4.9143041170E+00    4.0020332369E-02
    9.9999000000E-06    8.9120009869E-01    4.6001322232E-01    4.8154919919E+00    4.1516719854E-02
    1.0499900000E-05    8.5487554152E-01    4.5094986343E-01    4.7142381377E+00    4.3098052340E-02
    1.0999900000E-05    8.1876810517E-01    4.3757011458E-01    4.6104783349E+00    4.4732682350E-02
    1.1499900000E-05    7.8333608767E-01    4.1991270185E-01    4.5041579942E+00    4.6384287393E-02
    1.1999900000E-05    7.4903663571E-01    3.9807341256E-01    4.3952433163E+00    4.8017878438E-02
    1.2499900000E-05    7.1631258826E-01    3.7221315356E-01    4.2837339386E+00    4.9608210250E-02
    1.2999900000E-05    6.8561608194E-01    3.4257407679E-01    4.1696504801E+00    5.1137880517E-02
    1.3499900000E-05    6.5739002542E-01    3.0947114384E-01    4.0530511421E+00    5.2585305230E-02
    1.3999900000E-05    6.3205899226E-01    2.7329916851E-01    3.9340136983E+00    5.3918598278E-02
    1.4499900000E-05    6.0998413705E-01    2.3451321117E-01    3.8126586403E+00    5.5101106478E-02
    1.4999900000E-05    5.9144733958E-01    1.9360172067E-01    3.6891775407E+00    5.6098406552E-02
    1.5499900000E-05    5.7665869237E-01    1.5108027011E-01    3.5638213358E+00    5.6882680111E-02
    1.5999900000E-05    5.6572133420E-01    1.0739028341E-01    3.4369839437E+00    5.7436892073E-02
    1.6499900000E-05    5.5868273837E-01    6.2984546121E-02    3.3090346290E+00    5.7756289123E-02
    1.6999900000E-05    5.5552270397E-01    1.8185271242E-02    3.1804709166E+00    5.7841441599E-02
    1.7499900000E-05    5.5622853227E-01   -2.6707790243E-02    3.0517865683E+00    5.7689507093E-02
    1.7999900000E-05    5.6080641268E-01   -7.1402767446E-02    2.9234786369E+00    5.7292291350E-02
    1.8499900000E-05    5.6926278611E-01   -1.1558632969E-01    2.7960324778E+00    5.6644335721E-02
    1.8999900000E-05    5.8156601179E-01   -1.5889383501E-01    2.6698942711E+00    5.5753637880E-02
    1.9499900000E-05    5.9761870614E-01   -2.0088758905E-01    2.5454357350E+00    5.4642509009E-02
    1.9999900000E-05    6.1725552343E-01   -2.4109929990E-01    2.4229676784E+00    5.3340408605E-02
    2.0499900000E-05    6.4025009596E-01   -2.7903468642E-01    2.3027030762E+00    5.1877519222E-02
    2.0999900000E-05    6.6632490967E-01   -3.1422412869E-01    2.1847944642E+00    5.0282397980E-02
    2.1499900000E-05    6.9513808434E-01   -3.4622405815E-01    2.0693357233E+00    4.8582502716E-02
    2.1999900000E-05    7.2628768141E-01   -3.7465371911E-01    1.9563969372E+00    4.6802587098E-02
    2.2499900000E-05    7.5933070527E-01   -3.9921176481E-01    1.8460237330E+00    4.4963875525E-02
    2.2999900000E-05    7.9380404543E-01   -4.1968802485E-01    1.7382333820E+00    4.3090724413E-02
    2.3499900000E-05    8.2923521247E-01   -4.3596105050E-01    1.6330115313E+00    4.1217746050E-02
    2.3999900000E-05    8.6514390439E-01   -4.4798056384E-01    1.5303115953E+00    3.9386849489E-02
    2.4499900000E-05    9.0106992270E-01   -4.5575240526E-01    1.4300735580E+00    3.7636234274E-02
    2.4999900000E-05    9.3658607213E-01   -4.5932116955E-01    1.3322305214E+00    3.5995311285E-02
    2.5499900000E-05    9.7130853914E-01   -4.5876136625E-01    1.2367201732E+00    3.4488576291E-02
    2.5999900000E-05    1.0048824130E+00   -4.5417505921E-01    1.1434869024E+00    3.3141437436E-02
    2.6499900000E-05    1.0369856942E+00   -4.4569121585E-01    1.0524906413E+00    3.1980110589E-02
    2.6999900000E-05    1.0673274411E+00   -4.3347362390E-01    9.6370434984E-01    3.1028147347E-02
    2.7499900000E-05    1.0956356941E+00   -4.1774804615E-01    8.7709390715E-01    3.0300516042E-02
    2.7999900000E-05    1.1217140635E+00   -3.9875694521E-01    7.9262877687E-01    2.9798214128E-02
    2.8499900000E-05    1.1454238888E+00   -3.7675841229E-01    7.1026334662E-01    2.9510832426E-02
    2.8999900000E-05    1.1666904561E+00   -3.5201265708E-01    6.2993994525E-01    2.9426017169E-02
    2.9499900000E-05    1.1854924676E+00   -3.2478477381E-01    5.5158727377E-01    2.9534683800E-02
    2.9999900000E-05    1.2018547317E+00   -2.9533176973E-01    4.7512122157E-01    2.9826940710E-02
    3.0499900000E-05    1.2158406808E+00   -2.6388583706E-01    4.0044526036E-01    3.0286008875E-02
    3.0999900000E-05    1.2275432447E+00   -2.3064877070E-01    3.2744812750E-01    3.0884800662E-02
    3.1499900000E-05    1.2370695105E+00   -1.9583153797E-01    2.5598682048E-01    3.1583182106E-02
    3.1999900000E-05    1.2445378903E+00   -1.5962955865E-01    1.8589039482E-01    3.2323914607E-02
    3.2499900000E-05    1.2500572770E+00   -1.2230734420E-01    1.1692308202E-01    3.3028545353E-02
    3.2999900000E-05    1.2537255992E+00   -8.4114808351E-02    4.8811174746E-02    3.3598695867E-02
    3.3499900000E-05    1.2556125519E+00   -4.5348681346E-02   -1.8774270272E-02    3.3929964002E-02
    3.3999900000E-05    1.2557562203E+00   -6.3158024521E-03   -8.6188379689E-02    3.3939122534E-02
    3.4499900000E-05    1.2541607250E+00    3.2657551737E-02   -1.5379517574E-01    3.3592856734E-02
    3.4999900000E-05    1.2507983792E+00    7.1253603369E-02   -2.2193756961E-01    3.2920958884E-02
    3.5499900000E-05    1.2456141934E+00    1.0914738789E-01   -2.9093089733E-01    3.2004237880E-02
    3.5999900000E-05    1.2385298842E+00    1.4605011092E-01   -3.6104130357E-01    3.0944826160E-02
    3.6499900000E-05    1.2294513669E+00    1.8168914486E-01   -4.3249443962E-01    2.9837471675E-02
    3.6999900000E-05    1.2182798331E+00    2.1580685330E-01   -5.0548023770E-01    2.8755946297E-02
    3.7499900000E-05    1.2049218188E+00    2.4816986147E-01   -5.8015681722E-01    2.7753671834E-02
    3.7999900000E-05    1.1892991954E+00    2.7855114096E-01   -6.5666220514E-01    2.6868271397E-02
    3.8499900000E-05    1.1713596110E+00    3.0670543339E-01   -7.3512344969E-01    2.6124445721E-02
    3.8999900000E-05    1.1510832714E+00    3.3236730321E-01   -8.1565507516E-01    2.5535942102E-02
    3.9499900000E-05    1.1284967191E+00    3.5524320211E-01   -8.9836004825E-01    2.5109213492E-02
    3.9999900000E-05    1.1036813119E+00    3.7503526659E-01   -9.8332199092E-01    2.4848859057E-02
    4.0499900000E-05    1.0767833618E+00    3.9145734282E-01   -1.0706033726E+00    2.4760770014E-02
    4.0999900000E-05    1.0480194376E+00    4.0425051916E-01   -1.1602477155E+00    2.4849867620E-02
    4.1499900000E-05    1.0176748815E+00    4.1319622569E-01   -1.2522860873E+00    2.5114239535E-02
    4.1999900000E-05    9.8608973458E-01    4.1812984691E-01   -1.3467428820E+00    2.5540166934E-02
    4.2499900000E-05    9.5365003319E-01    4.1893725892E-01   -1.4436441379E+00    2.6100933486E-02
    4.2999900000E-05    9.2076943622E-01    4.1555809533E-01   -1.5430175644E+00    2.6760789990E-02
    4.3499900000E-05    8.8788307161E-01    4.0798636176E-01   -1.6448937475E+00    2.7482894868E-02
    4.3999900000E-05    8.5543402062E-01    3.9627951119E-01   -1.7492992694E+00    2.8235501020E-02
    4.4499900000E-05    8.2384424163E-01    3.8056439121E-01   -1.8562419083E+00    2.8993734565E-02
    4.4999900000E-05    7.9350761496E-01    3.6102719423E-01   -1.9657021688E+00    2.9738978085E-02
    4.5499900000E-05    7.6479915150E-01    3.3789949314E-01   -2.0776282423E+00    3.0456493908E-02
    4.5999900000E-05    7.3810286544E-01    3.1144799420E-01   -2.1919382918E+00    3.1130806481E-02
    4.6499900000E-05    7.1382047170E-01    2.8197404450E-01   -2.3085152679E+00    3.1739708912E-02
    4.6999900000E-05    6.9235919175E-01    2.4982140817E-01   -2.4271983327E+00    3.2252385526E-02
    4.7499900000E-05    6.7408182092E-01    2.1538163053E-01   -2.5477590244E+00    3.2635395827E-02
    4.7999900000E-05    6.5924992912E-01    1.7907908780E-01   -2.6698815732E+00    3.2861339103E-02
    4.8499900000E-05    6.4803869999E-01    1.4135834318E-01   -2.7931973896E+00    3.2914441749E-02
    4.8999900000E-05    6.4050198139E-01    1.0264699075E-01   -2.9172975617E+00    3.2791473785E-02
    4.9499900000E-05    6.3665224944E-01    6.3363743351E-02   -3.0417971750E+00    3.2497171589E-02
    4.9999900000E-05    6.3642263706E-01    2.3884442656E-02   -3.1663017167E+00    3.2035572160E-02
    5.0499900000E-05    6.3976153983E-01   -1.5415862156E-02   -3.2904431841E+00    3.1404222836E-02
    5.0999900000E-05    6.4657903745E-01   -5.4178490213E-02   -3.4138522689E+00    3.0596286342E-02
    5.1499900000E-05    6.5672888798E-01   -9.2053863103E-02   -3.5361831028E+00    2.9612525308E-02
    5.1999900000E-05    6.7002244132E-01   -1.2868111530E-01   -3.6571456958E+00    2.8471931022E-02
    5.2499900000E-05    6.8622496200E-01   -1.6369964877E-01   -3.7765000882E+00    2.7209970147E-02
    5.2999900000E-05    7.0510770335E-01   -1.9673911953E-01   -3.8940489954E+00    2.5863965394E-02
    5.3499900000E-05    7.2645910901E-01   -2.2743302818E-01   -4.0096220710E+00    2.4457763218E-02
    5.3999900000E-05    7.5006147614E-01   -2.5543844958E-01   -4.1230739404E+00    2.2999645365E-02
    5.4499900000E-05    7.7564698795E-01   -2.8045649439E-01   -4.2342921806E+00    2.1494746208E-02
    5.4999900000E-05    8.0287007793E-01   -3.0224572377E-01   -4.3432011096E+00    1.9958435963E-02
    5.5499900000E-05    8.3131514611E-01   -3.2063148305E-01   -4.4497599982E+00    1.8418198051E-02
    5.5999900000E-05    8.6053958221E-01   -3.3550119612E-01   -4.5539599273E+00    1.6904378883E-02
    5.6499900000E-05    8.9010869811E-01   -3.4681089026E-01   -4.6558206886E+00    1.5439421304E-02
    5.6999900000E-05    9.1962070736E-01   -3.5458420076E-01   -4.7553859764E+00    1.4033812544E-02
    5.7499900000E-05    9.4871726693E-01   -3.5890208176E-01   -4.8527135700E+00    1.2690025666E-02
    5.7999900000E-05    9.7707776416E-01   -3.5990659404E-01   -4.9478646884E+00    1.1409547904E-02
    5.8499900000E-05    1.0044240797E+00   -3.5778783752E-01   -5.0408963818E+00    1.0197384378E-02
    5.8999900000E-05    1.0305282271E+00   -3.5276654888E-01   -5.1318601593E+00    9.0622477072E-03
    5.9499900000E-05    1.0552180512E+00   -3.4507377455E-01   -5.2208064310E+00    8.0140679397E-03
    5.9999900000E-05    1.0783748257E+00   -3.3493214012E-01   -5.3077900886E+00    7.0616026422E-03
    6.0499900000E-05    1.0999218289E+00   -3.2254975262E-01   -5.3928726812E+00    6.2113481891E-03
    6.0999900000E-05    1.1198137909E+00   -3.0811898399E-01   -5.4761194227E+00    5.4668000587E-03
    6.1499900000E-05    1.1380321576E+00   -2.9179965858E-01   -5.5575904428E+00    4.8274704132E-03
    6.1999900000E-05    1.1545801345E+00   -2.7370055913E-01   -5.6373303997E+00    4.2888774360E-03
    6.2499900000E-05    1.1694704495E+00   -2.5388027697E-01   -5.7153614126E+00    3.8449383111E-03
    6.2999900000E-05    1.1827089599E+00   -2.3239012161E-01   -5.7916873467E+00    3.4913446760E-03
    6.3499900000E-05    1.1942952048E+00   -2.0933111262E-01   -5.8663146483E+00    3.2261188304E-03
    6.3999900000E-05    1.2042312358E+00   -1.8487528018E-01   -5.9392865742E+00    3.0467957119E-03
    6.4499900000E-05    1.2125219472E+00   -1.5926628962E-01   -6.0107317001E+00    2.9447209927E-03
    6.4999900000E-05    1.2192017687E+00   -1.3272661981E-01   -6.0808647048E+00    2.9005718653E-03
    6.5499900000E-05    1.2243165040E+00   -1.0544146814E-01   -6.1499666155E+00    2.8865254960E-03
    6.5999900000E-05    1.2279078313E+00   -7.7615770732E-02   -6.2183579093E+00    2.8731552354E-03
    6.6499900000E-05    1.2300127919E+00   -4.9469905366E-02   -6.2863635704E+00    2.8346174932E-03
    6.6999900000E-05    1.2306624004E+00   -2.1180970505E-02   -6.3542791267E+00    2.7510721957E-03
    6.7499900000E-05    1.2298760760E+00    7.1931747865E-03   -6.4223358307E+00    2.6107840865E-03
    6.7999900000E-05    1.2276478808E+00    3.5593164498E-02   -6.4907355444E+00    2.4125536587E-03
    6.8499900000E-05    1.2239675335E+00    6.2868971282E-02   -6.5600365118E+00    2.1660436494E-03
    6.8999900000E-05    1.2187743663E+00    9.1321838282E-02   -6.6295549236E+00    1.8894265050E-03
    6.9499900000E-05    1.2121868231E+00    1.1715870158E-01   -6.7006321927E+00    1.6084078947E-03
    6.9999900000E-05    1.2042574039E+00    1.4071186067E-01   -6.7734444787E+00    1.3246136909E-03
    7.0499900000E-05    1.1872718046E+00    1.9960984346E-01   -6.8352409353E+00    1.1649982378E-03
    7.0999899999E-05    1.1683335673E+00    2.2766297607E-01   -6.9080669277E+00    1.2862760946E-03
    7.1499899999E-05    1.1540318360E+00    2.4588208430E-01   -6.9864631555E+00    1.6095359494E-03
    7.1999899999E-05    1.1383763220E+00    2.6326975360E-01   -7.0663596991E+00    1.9924109598E-03
    7.2499899999E-05    1.1211054739E+00    2.7928170986E-01   -7.1478504819E+00    2.4539686612E-03
    7.2999899999E-05    1.1022638373E+00    2.9333522343E-01   -7.2311189638E+00    2.9914506930E-03
    7.3499899999E-05    1.0818369319E+00    3.0552151139E-01   -7.3161776402E+00    3.6041846456E-03
    7.3999899999E-05    1.0598591691E+00    3.1559319703E-01   -7.4031230340E+00    4.2898815757E-03
    7.4499899999E-05    1.0363984796E+00    3.2332094447E-01   -7.4920359915E+00    5.0439278143E-03
    7.4999899999E-05    1.0115729532E+00    3.2846232597E-01   -7.5829878814E+00    5.8591477972E-03
    7.5499899999E-05    9.8555787379E-01    3.3077072341E-01   -7.6760425226E+00    6.7278890881E-03
    7.5999899999E-05    9.5857643675E-01    3.3002859363E-01   -7.7712558596E+00    7.6452230641E-03
    7.6499899999E-05    9.3089586268E-01    3.2605816056E-01   -7.8686785286E+00    8.6102466321E-03
    7.6999899999E-05    9.0282568951E-01    3.1873308706E-01   -7.9683549457E+00    9.6234638012E-03
    7.7499899999E-05    8.7472414459E-01    3.0797989826E-01   -8.0703218151E+00    1.0681022385E-02
    7.7999899999E-05    8.4700109336E-01    2.9377968753E-01   -8.1746033954E+00    1.1769833406E-02
    7.8499899999E-05    8.2009674172E-01    2.7618124778E-01   -8.2812031955E+00    1.2867960822E-02
    7.8999899999E-05    7.9444825260E-01    2.5530098220E-01   -8.3900956479E+00    1.3951690526E-02
    7.9499899999E-05    7.7044417492E-01    2.3132543632E-01   -8.5012168302E+00    1.5004380464E-02
    7.9999899999E-05    7.4839218248E-01    2.0451031211E-01   -8.6144624873E+00    1.6019192790E-02
    8.0499899999E-05    7.2855037822E-01    1.7514869817E-01   -8.7296933275E+00    1.6992350511E-02
    8.0999899999E-05    7.1113716867E-01    1.4357830445E-01   -8.8467496218E+00    1.7912600323E-02
    8.1499899999E-05    6.9638756166E-01    1.1014693991E-01   -8.9654530981E+00    1.8756838692E-02
    8.1999899999E-05    6.8454157158E-01    7.5213929158E-02   -9.0855980057E+00    1.9496397805E-02
    8.2499899999E-05    6.7582947434E-01    3.9136493749E-02   -9.2069278143E+00    2.0108972698E-02
    8.2999899999E-05    6.7041655733E-01    2.2825475631E-03   -9.3291353787E+00    2.0585851418E-02
    8.3499899999E-05    6.6841172563E-01   -3.4980807487E-02   -9.4518734782E+00    2.0929190271E-02
    8.3999899999E-05    6.6988343731E-01   -7.2281313039E-02   -9.5747822268E+00    2.1142100446E-02
    8.4499899999E-05    6.7487834112E-01   -1.0923434854E-01   -9.6975037404E+00    2.1221986681E-02
    8.4999899999E-05    6.8340407366E-01   -1.4543258326E-01   -9.8196851285E+00    2.1162596530E-02
    8.5499899999E-05    6.9542592687E-01   -1.8045871978E-01   -9.9409580576E+00    2.0962158864E-02
    8.5999899998E-05    7.1081381515E-01   -2.1388607247E-01   -1.0060963540E+01    2.0629691527E-02
    8.6499899998E-05    7.2934735709E-01   -2.4530171445E-01   -1.0179375570E+01    2.0185276163E-02
    8.6999899998E-05    7.5072897672E-01   -2.7432260869E-01   -1.0295927961E+01    1.9655700466E-02
    8.7499899998E-05    7.7460927740E-01   -3.0060522627E-01   -1.0410420330E+01    1.9068875311E-02
    8.7999899998E-05    8.0062194827E-01   -3.2384456444E-01   -1.0522700987E+01    1.8448833213E-02
    8.8499899998E-05    8.2839850781E-01   -3.4376657126E-01   -1.0632653922E+01    1.7813775168E-02
    8.8999899998E-05    8.5756940567E-01   -3.6012602044E-01   -1.0740193755E+01    1.7177597674E-02
    8.9499899998E-05    8.8775618661E-01   -3.7271428192E-01   -1.0845265095E+01    1.6554048652E-02
    8.9999899998E-05    9.1855663185E-01   -3.8137593118E-01   -1.0947843440E+01    1.5960969948E-02
    9.0499899998E-05    9.4954183083E-01   -3.8602749081E-01   -1.1047929671E+01    1.5422622105E-02
    9.0999899998E-05    9.8028127820E-01   -3.8666002992E-01   -1.1145535522E+01    1.4968389945E-02
    9.1499899998E-05    1.0103616439E+00   -3.8333083275E-01   -1.1240676725E+01    1.4627098586E-02
    9.1999899998E-05    1.0394127195E+00   -3.7614156365E-01   -1.1333368428E+01    1.4419831847E-02
    9.2499899998E-05    1.0671067975E+00   -3.6524013770E-01   -1.1423632851E+01    1.4356858698E-02
    9.2999899998E-05    1.0931697915E+00   -3.5082051563E-01   -1.1511502922E+01    1.4440176683E-02
    9.3499899998E-05    1.1173855538E+00   -3.3312084208E-01   -1.1597028330E+01    1.4667749917E-02
    9.3999899998E-05    1.1395979126E+00   -3.1241115975E-01   -1.1680279857E+01    1.5036289671E-02
    9.4499899998E-05    1.1597054930E+00   -2.8898486216E-01   -1.1761353228E+01    1.5541954585E-02
    9.4999899998E-05    1.1776610661E+00   -2.6313201387E-01   -1.1840362268E+01    1.6178984851E-02
    9.5499899998E-05    1.1934602502E+00   -2.3513047586E-01   -1.1917436236E+01    1.6936455344E-02
    9.5999899998E-05    1.2071335872E+00   -2.0523196021E-01   -1.1992709932E+01    1.7795153225E-02
    9.6499899998E-05    1.2187355022E+00   -1.7367370721E-01   -1.2066324844E+01    1.8725600770E-02
    9.6999899998E-05    1.2283373295E+00   -1.4068591926E-01   -1.2138430050E+01    1.9686720436E-02
    9.7499899998E-05    1.2360180988E+00   -1.0650722463E-01   -1.2209191381E+01    2.0623753249E-02
    9.7999899998E-05    1.2418552405E+00   -7.1388840774E-02   -1.2278799497E+01    2.1467650331E-02
    9.8499899998E-05    1.2459161511E+00   -3.5592927328E-02   -1.2347475927E+01    2.2142473289E-02
    9.8999899998E-05    1.2482528231E+00    6.0880622786E-04   -1.2415478002E+01    2.2584101363E-02
    9.9499899998E-05    1.2488986771E+00    3.6945802226E-02   -1.2483098610E+01    2.2762559211E-02
    9.9999899998E-05    1.2478645807E+00    7.3148243162E-02   -1.2550661531E+01    2.2693562200E-02
    1.0049990000E-04    1.2451344646E+00    1.0895146937E-01   -1.2618505431E+01    2.2431777788E-02
    1.0099990000E-04    1.2406634894E+00    1.4409442146E-01   -1.2686962990E+01    2.2051720586E-02
    1.0149990000E-04    1.2343805005E+00    1.7833229664E-01   -1.2756336214E+01    2.1629123610E-02
    1.0199990000E-04    1.2261974971E+00    2.1143063214E-01   -1.2826886290E+01    2.1230441554E-02
    1.0249990000E-04    1.2160172883E+00    2.4318369249E-01   -1.2898823031E+01    2.0909365499E-02
    1.0299990000E-04    1.2037412423E+00    2.7340586488E-01   -1.2972309039E+01    2.0706769721E-02
    1.0349990000E-04    1.1892799371E+00    3.0190774866E-01   -1.3047471804E+01    2.0652371047E-02
    1.0399990000E-04    1.1725656397E+00    3.2847979360E-01   -1.3124415185E+01    2.0766962967E-02
    1.0449990000E-04    1.1535597322E+00    3.5289936897E-01   -1.3203224364E+01    2.1065302835E-02
    1.0499990000E-04    1.1322612884E+00    3.7493524028E-01   -1.3283972094E+01    2.1559682887E-02
    1.0549990000E-04    1.1087091903E+00    3.9435536102E-01   -1.3366719251E+01    2.2260759247E-02
    1.0599990000E-04    1.0829947656E+00    4.1091369612E-01   -1.3451518953E+01    2.3173055464E-02
    1.0649990000E-04    1.0552619876E+00    4.2436714757E-01   -1.3538414167E+01    2.4291780731E-02
    1.0699990000E-04    1.0256968703E+00    4.3450530522E-01   -1.3627438567E+01    2.5606004157E-02
    1.0749990000E-04    9.9451204286E-01    4.4115785257E-01   -1.3718620335E+01    2.7102314205E-02
    1.0799990000E-04    9.6194753470E-01    4.4417538889E-01   -1.3811990861E+01    2.8766022204E-02
    1.0849990000E-04    9.2827680181E-01    4.4341913764E-01   -1.3907589575E+01    3.0583123438E-02
    1.0899990000E-04    8.9381693492E-01    4.3876388772E-01   -1.4005466307E+01    3.2540092748E-02
    1.0949990000E-04    8.5893867455E-01    4.3010208573E-01   -1.4105681923E+01    3.4617987261E-02
    1.0999990000E-04    8.2407243113E-01    4.1734932066E-01   -1.4208305428E+01    3.6785409218E-02
    1.1049990000E-04    7.8969822813E-01    4.0046113986E-01   -1.4313403462E+01    3.8999622030E-02
    1.1099990000E-04    7.5632099755E-01    3.7946269730E-01   -1.4421024829E+01    4.1215752859E-02
    1.1149990000E-04    7.2443661321E-01    3.5447536285E-01   -1.4531182453E+01    4.3396797850E-02
    1.1199990000E-04    6.9450170087E-01    3.2573365285E-01   -1.4643853565E+01    4.5515869775E-02
    1.1249990000E-04    6.6691114740E-01    2.9356087459E-01   -1.4758982173E+01    4.7553218306E-02
    1.1299990000E-04    6.4198781791E-01    2.5835308675E-01   -1.4876501929E+01    4.9494032295E-02
    1.1349990000E-04    6.1999965121E-01    2.2052616070E-01   -1.4996315747E+01    5.1325682230E-02
