 sig=    1.000000000000000      inputfile=
 /home/rjrj524/Finished/vmec_gc_tracer/revised_251128/nc/wout_pwO_nfp2_A6.nc                                                                                                                             
 dt=   1.0000000000000000E-010
 steps=     20000000
 x0=   4.0000000000000001E-002    3.080000000000000      
    6.410000000000000     
 u=    157197.6000000000     
 v_perp=    211554.9000000000     
 
time(s)         x0(1)       x0(2)        x0(3)      r
    4.9990000000E-07    1.2562126268E+00   -6.0224453149E-02    6.4665978625E+00    4.0480949352E-02
    9.9990000000E-07    1.2536747424E+00   -8.7837108601E-02    6.5238473284E+00    4.1155713357E-02
    1.4999000000E-06    1.2502467271E+00   -1.1503736759E-01    6.5819422654E+00    4.1991976409E-02
    1.9999000000E-06    1.2458662815E+00   -1.4167518694E-01    6.6410566078E+00    4.2954482064E-02
    2.4999000000E-06    1.2404694475E+00   -1.6761718623E-01    6.7013197186E+00    4.4009724677E-02
    2.9999000000E-06    1.2339977928E+00   -1.9272844965E-01    6.7628306911E+00    4.5129417080E-02
    3.4999000000E-06    1.2264021417E+00   -2.1688189799E-01    6.8256639363E+00    4.6291365714E-02
    3.9999000000E-06    1.2176456103E+00   -2.3995522433E-01    6.8898780607E+00    4.7478735167E-02
    4.4999000000E-06    1.2077066387E+00   -2.6182254681E-01    6.9555242246E+00    4.8678350686E-02
    4.9999000000E-06    1.1965799106E+00   -2.8235733452E-01    7.0226481774E+00    4.9879142450E-02
    5.4999000000E-06    1.1842785681E+00   -3.0142776919E-01    7.0912934022E+00    5.1071342232E-02
    5.9999000000E-06    1.1708358393E+00   -3.1889724443E-01    7.1615016071E+00    5.2246310849E-02
    6.4999000000E-06    1.1563068601E+00   -3.3462441666E-01    7.2333127167E+00    5.3396257725E-02
    6.9999000000E-06    1.1407703848E+00   -3.4846423241E-01    7.3067636168E+00    5.4513316564E-02
    7.4999000000E-06    1.1243263757E+00   -3.6027939812E-01    7.3818819687E+00    5.5588165075E-02
    7.9999000000E-06    1.1071011641E+00   -3.6993430110E-01    7.4586854053E+00    5.6609256049E-02
    8.4999000000E-06    1.0892444520E+00   -3.7731091084E-01    7.5371755564E+00    5.7563407981E-02
    8.9999000000E-06    1.0709224473E+00   -3.8232564796E-01    7.6173354661E+00    5.8437947213E-02
    9.4999000000E-06    1.0523270663E+00   -3.8491683018E-01    7.6991363456E+00    5.9223344323E-02
    9.9999000000E-06    1.0336651603E+00   -3.8506096086E-01    7.7825376129E+00    5.9914337785E-02
    1.0499900000E-05    1.0151585909E+00   -3.8276591347E-01    7.8674912550E+00    6.0509621832E-02
    1.0999900000E-05    9.9704318382E-01   -3.7806510755E-01    7.9539427305E+00    6.1010091496E-02
    1.1499900000E-05    9.7955117428E-01   -3.7102724502E-01    8.0418258795E+00    6.1417496234E-02
    1.1999900000E-05    9.6292437302E-01   -3.6173664024E-01    8.1310624921E+00    6.1734083768E-02
    1.2499900000E-05    9.4736726818E-01   -3.5032446563E-01    8.2215526159E+00    6.1962816054E-02
    1.2999900000E-05    9.3307456791E-01   -3.3693660087E-01    8.3131786997E+00    6.2107740952E-02
    1.3499900000E-05    9.2021818328E-01   -3.2173898855E-01    8.4058036157E+00    6.2173857426E-02
    1.3999900000E-05    9.0895636785E-01   -3.0490858514E-01    8.4992726615E+00    6.2166454931E-02
    1.4499900000E-05    8.9942296815E-01   -2.8663715321E-01    8.5934152526E+00    6.2090347400E-02
    1.4999900000E-05    8.9171894955E-01   -2.6713110452E-01    8.6880498710E+00    6.1949324683E-02
    1.5499900000E-05    8.8591958793E-01   -2.4660446733E-01    8.7829907673E+00    6.1746019899E-02
    1.5999900000E-05    8.8206182969E-01   -2.2528003638E-01    8.8780544298E+00    6.1482009065E-02
    1.6499900000E-05    8.8013523162E-01   -2.0338673688E-01    8.9730666724E+00    6.1158055594E-02
    1.6999900000E-05    8.8010690042E-01   -1.8114886980E-01    9.0678662600E+00    6.0774556444E-02
    1.7499900000E-05    8.8192315424E-01   -1.5878561052E-01    9.1623062378E+00    6.0331852973E-02
    1.7999900000E-05    8.8552013402E-01   -1.3650936376E-01    9.2562540861E+00    5.9830360502E-02
    1.8499900000E-05    8.9082318756E-01   -1.1452648544E-01    9.3495924649E+00    5.9269944597E-02
    1.8999900000E-05    8.9773571537E-01   -9.3037609190E-02    9.4422221938E+00    5.8648856660E-02
    1.9499900000E-05    9.0612703322E-01   -7.2235822166E-02    9.5340655592E+00    5.7963064267E-02
    1.9999900000E-05    9.1583436201E-01   -5.2303695144E-02    9.6250659958E+00    5.7207317672E-02
    2.0499900000E-05    9.2665031547E-01   -3.3411100162E-02    9.7151886784E+00    5.6377734324E-02
    2.0999900000E-05    9.3835284728E-01   -1.5712050937E-02    9.8044107186E+00    5.5475028566E-02
    2.1499900000E-05    9.5071413701E-01    6.5811390897E-04    9.8927136324E+00    5.4506506381E-02
    2.1999900000E-05    9.6351953073E-01    1.5586670723E-02    9.9800739997E+00    5.3486215558E-02
    2.2499900000E-05    9.7658064549E-01    2.8987543812E-02    1.0066457029E+01    5.2432790248E-02
    2.2999900000E-05    9.8972739509E-01    4.0805888530E-02    1.0151818016E+01    5.1365709353E-02
    2.3499900000E-05    1.0028239760E+00    5.1017523490E-02    1.0236101190E+01    5.0301492342E-02
    2.3999900000E-05    1.0157548787E+00    5.9628908606E-02    1.0319248852E+01    4.9251477007E-02
    2.4499900000E-05    1.0284302154E+00    6.6672017782E-02    1.0401206057E+01    4.8222527820E-02
    2.4999900000E-05    1.0407769314E+00    7.2199696269E-02    1.0481927335E+01    4.7219780984E-02
    2.5499900000E-05    1.0527414914E+00    7.6278728735E-02    1.0561377743E+01    4.6249185984E-02
    2.5999900000E-05    1.0642690175E+00    7.8993445547E-02    1.0639538845E+01    4.5318037134E-02
    2.6499900000E-05    1.0753135010E+00    8.0441557022E-02    1.0716404778E+01    4.4434867874E-02
    2.6999900000E-05    1.0858395784E+00    8.0731034967E-02    1.0791980428E+01    4.3608318370E-02
    2.7499900000E-05    1.0958076687E+00    7.9987651767E-02    1.0866284678E+01    4.2845555404E-02
    2.7999900000E-05    1.1051956119E+00    7.8337542497E-02    1.0939342581E+01    4.2152178373E-02
    2.8499900000E-05    1.1139787228E+00    7.5917437070E-02    1.1011190524E+01    4.1531686495E-02
    2.8999900000E-05    1.1221591517E+00    7.2841097303E-02    1.1081864620E+01    4.0986720439E-02
    2.9499900000E-05    1.1297397777E+00    6.9216433113E-02    1.1151408599E+01    4.0519739712E-02
    2.9999900000E-05    1.1367443291E+00    6.5119998946E-02    1.1219862735E+01    4.0132548500E-02
    3.0499900000E-05    1.1431865955E+00    6.0637775209E-02    1.1287275497E+01    3.9825275531E-02
    3.0999900000E-05    1.1491013086E+00    5.5821961774E-02    1.1353684602E+01    3.9595415726E-02
    3.1499900000E-05    1.1545177737E+00    5.0726844461E-02    1.1419128288E+01    3.9438586784E-02
    3.1999900000E-05    1.1594671186E+00    4.5394753409E-02    1.1483641352E+01    3.9350326141E-02
    3.2499900000E-05    1.1639808081E+00    3.9854671799E-02    1.1547256078E+01    3.9327351950E-02
    3.2999900000E-05    1.1680895638E+00    3.4123758467E-02    1.1610002667E+01    3.9366892184E-02
    3.3499900000E-05    1.1718207524E+00    2.8216834988E-02    1.1671911212E+01    3.9464776186E-02
    3.3999900000E-05    1.1751973650E+00    2.2154901390E-02    1.1733013708E+01    3.9614003198E-02
    3.4499900000E-05    1.1782380287E+00    1.5971099508E-02    1.1793346571E+01    3.9804806787E-02
    3.4999900000E-05    1.1809604897E+00    9.7029985515E-03    1.1852949389E+01    4.0025798480E-02
    3.5499900000E-05    1.1833843103E+00    3.3817163165E-03    1.1911862380E+01    4.0264952088E-02
    3.5999900000E-05    1.1855287984E+00   -2.9629271609E-03    1.1970129114E+01    4.0510005835E-02
    3.6499900000E-05    1.1874052454E+00   -9.2613664689E-03    1.2027812156E+01    4.0749197228E-02
    3.6999900000E-05    1.1890332186E+00   -1.5494626783E-02    1.2084962752E+01    4.0972626543E-02
    3.7499900000E-05    1.1904264610E+00   -2.1639670376E-02    1.2141641017E+01    4.1172575017E-02
    3.7999900000E-05    1.1915927038E+00   -2.7671510136E-02    1.2197914737E+01    4.1342133359E-02
    3.8499900000E-05    1.1925337441E+00   -3.3558073700E-02    1.2253858629E+01    4.1471007911E-02
    3.8999900000E-05    1.1932470868E+00   -3.9264676399E-02    1.2309549131E+01    4.1541300156E-02
    3.9499900000E-05    1.1937265963E+00   -4.4764302946E-02    1.2365058271E+01    4.1527414851E-02
    3.9999900000E-05    1.1939605124E+00   -5.0025395478E-02    1.2420458319E+01    4.1402797529E-02
    4.0499900000E-05    1.1939309242E+00   -5.5027259656E-02    1.2475819262E+01    4.1150826221E-02
    4.0999900000E-05    1.1936136796E+00   -5.9779716700E-02    1.2531205707E+01    4.0773100787E-02
    4.1499900000E-05    1.1929801651E+00   -6.4316949037E-02    1.2586681791E+01    4.0290039416E-02
    4.1999900000E-05    1.1920016787E+00   -6.8702339879E-02    1.2642308895E+01    3.9732929323E-02
    4.2499900000E-05    1.1906547258E+00   -7.3012068246E-02    1.2698147657E+01    3.9131950336E-02
    4.2999900000E-05    1.1889261478E+00   -7.7315205147E-02    1.2754259488E+01    3.8505340914E-02
    4.3499900000E-05    1.1868158604E+00   -8.1661346211E-02    1.2810706413E+01    3.7855003732E-02
    4.3999900000E-05    1.1843357058E+00   -8.6076747925E-02    1.2867550513E+01    3.7171075528E-02
    4.4499900000E-05    1.1815031811E+00   -9.0586352938E-02    1.2924847779E+01    3.6441737120E-02
    4.4999900000E-05    1.1783382224E+00   -9.5183409880E-02    1.2982660984E+01    3.5662403108E-02
    4.5499900000E-05    1.1748548485E+00   -9.9869387499E-02    1.3041048834E+01    3.4839400981E-02
    4.5999900000E-05    1.1710648590E+00   -1.0460849355E-01    1.3100081429E+01    3.3985681403E-02
    4.6499900000E-05    1.1669683965E+00   -1.0939428673E-01    1.3159815439E+01    3.3116104785E-02
    4.6999900000E-05    1.1625606315E+00   -1.1419488053E-01    1.3220309726E+01    3.2245485615E-02
    4.7499900000E-05    1.1578281680E+00   -1.1897559887E-01    1.3281614317E+01    3.1390186864E-02
    4.7999900000E-05    1.1527499521E+00   -1.2369631934E-01    1.3343770392E+01    3.0568701004E-02
    4.8499900000E-05    1.1473012645E+00   -1.2830547830E-01    1.3406813261E+01    2.9799774931E-02
    4.8999900000E-05    1.1414566425E+00   -1.3274476802E-01    1.3470774550E+01    2.9098752694E-02
    4.9499900000E-05    1.1351922930E+00   -1.3695177121E-01    1.3535684337E+01    2.8475732766E-02
    4.9999900000E-05    1.1284878187E+00   -1.4086032744E-01    1.3601573026E+01    2.7936026738E-02
    5.0499900000E-05    1.1213302728E+00   -1.4439371179E-01    1.3668474242E+01    2.7481667973E-02
    5.0999900000E-05    1.1137097061E+00   -1.4747873556E-01    1.3736420840E+01    2.7112567445E-02
    5.1499900000E-05    1.1056162963E+00   -1.5004993372E-01    1.3805443904E+01    2.6827083297E-02
    5.1999900000E-05    1.0970404701E+00   -1.5204502050E-01    1.3875574024E+01    2.6622719579E-02
    5.2499900000E-05    1.0879719821E+00   -1.5340233104E-01    1.3946841107E+01    2.6497318786E-02
    5.2999900000E-05    1.0784003007E+00   -1.5405732704E-01    1.4019273966E+01    2.6449897184E-02
    5.3499900000E-05    1.0683143029E+00   -1.5394294303E-01    1.4092899118E+01    2.6480324880E-02
    5.3999900000E-05    1.0577041819E+00   -1.5298872515E-01    1.4167740046E+01    2.6588177256E-02
    5.4499900000E-05    1.0465650524E+00   -1.5111907571E-01    1.4243816071E+01    2.6771853203E-02
    5.4999900000E-05    1.0349041239E+00   -1.4824888165E-01    1.4321141773E+01    2.7028460317E-02
    5.5499900000E-05    1.0227468166E+00   -1.4428310169E-01    1.4399726126E+01    2.7354114420E-02
    5.5999900000E-05    1.0101385000E+00   -1.3912265417E-01    1.4479571428E+01    2.7743966690E-02
    5.6499900000E-05    9.9714252744E-01   -1.3267322989E-01    1.4560672925E+01    2.8191945424E-02
    5.6999900000E-05    9.8384151118E-01   -1.2485107224E-01    1.4643020340E+01    2.8690139757E-02
    5.7499900000E-05    9.7033225380E-01   -1.1559103274E-01    1.4726597400E+01    2.9228653164E-02
    5.7999900000E-05    9.5672546347E-01   -1.0484957187E-01    1.4811382331E+01    2.9795422357E-02
    5.8499900000E-05    9.4314577772E-01   -9.2605989728E-02    1.4897347926E+01    3.0376873494E-02
    5.8999900000E-05    9.2973081801E-01   -7.8863918098E-02    1.4984461305E+01    3.0958551216E-02
