 sig=    1.000000000000000      inputfile=
 /home/rjrj524/Finished/vmec_gc_tracer/revised_251128/nc/wout_pwO_nfp2_A6.nc                                                                                                                             
 dt=   1.0000000000000000E-010
 steps=     20000000
 x0=   4.0000000000000001E-002    0.000000000000000      
    6.410000000000000     
 u=   -624.7111000000000     
 v_perp=    127133.5000000000     
 
time(s)         x0(1)       x0(2)        x0(3)      r
    4.9990000000E-07    1.1911973435E+00   -5.9322988543E-02    6.4099526969E+00    3.9908842440E-02
    9.9990000000E-07    1.1912524479E+00   -5.8825867829E-02    6.4099560849E+00    3.9818480961E-02
    1.4999000000E-06    1.1913057074E+00   -5.8335264371E-02    6.4100100702E+00    3.9728926720E-02
    1.9999000000E-06    1.1913571449E+00   -5.7851199916E-02    6.4101145517E+00    3.9640172123E-02
    2.4999000000E-06    1.1914067813E+00   -5.7373704663E-02    6.4102694400E+00    3.9552208871E-02
    2.9999000000E-06    1.1914546368E+00   -5.6902800670E-02    6.4104746628E+00    3.9465028053E-02
    3.4999000000E-06    1.1915007326E+00   -5.6438445417E-02    6.4107301848E+00    3.9378621053E-02
    3.9999000000E-06    1.1915450890E+00   -5.5980565804E-02    6.4110359964E+00    3.9292980371E-02
    4.4999000000E-06    1.1915877253E+00   -5.5529069562E-02    6.4113921099E+00    3.9208099652E-02
    4.9999000000E-06    1.1916286567E+00   -5.5083924221E-02    6.4117985323E+00    3.9123973306E-02
    5.4999000000E-06    1.1916678913E+00   -5.4645254397E-02    6.4122552305E+00    3.9040594660E-02
    5.9999000000E-06    1.1917054347E+00   -5.4213235847E-02    6.4127621682E+00    3.8957954940E-02
    6.4999000000E-06    1.1917412904E+00   -5.3788081182E-02    6.4133193097E+00    3.8876043246E-02
    6.9999000000E-06    1.1917754646E+00   -5.3369915909E-02    6.4139266631E+00    3.8794847006E-02
    7.4999000000E-06    1.1918079684E+00   -5.2958692424E-02    6.4145843109E+00    3.8714353766E-02
    7.9999000000E-06    1.1918388127E+00   -5.2554327972E-02    6.4152923605E+00    3.8634551968E-02
    8.4999000000E-06    1.1918680077E+00   -5.2156716625E-02    6.4160509409E+00    3.8555430927E-02
    8.9999000000E-06    1.1918955595E+00   -5.1765815687E-02    6.4168601726E+00    3.8476980593E-02
    9.4999000000E-06    1.1919214680E+00   -5.1381713823E-02    6.4177201430E+00    3.8399190576E-02
    9.9999000000E-06    1.1919457308E+00   -5.1004524906E-02    6.4186309445E+00    3.8322049693E-02
    1.0499900000E-05    1.1919683440E+00   -5.0634377882E-02    6.4195926779E+00    3.8245545937E-02
    1.0999900000E-05    1.1919893051E+00   -5.0271337874E-02    6.4206054796E+00    3.8169666582E-02
    1.1499900000E-05    1.1920086177E+00   -4.9915269691E-02    6.4216695700E+00    3.8094398969E-02
    1.1999900000E-05    1.1920262861E+00   -4.9565982615E-02    6.4227852029E+00    3.8019731024E-02
    1.2499900000E-05    1.1920423142E+00   -4.9223257888E-02    6.4239526557E+00    3.7945651236E-02
    1.2999900000E-05    1.1920567032E+00   -4.8886910259E-02    6.4251722082E+00    3.7872148540E-02
    1.3499900000E-05    1.1920694376E+00   -4.8557153928E-02    6.4264440133E+00    3.7799211305E-02
    1.3999900000E-05    1.1920804930E+00   -4.8234404379E-02    6.4277681663E+00    3.7726825963E-02
    1.4499900000E-05    1.1920898424E+00   -4.7919123632E-02    6.4291447589E+00    3.7654976831E-02
    1.4999900000E-05    1.1920974563E+00   -4.7611814348E-02    6.4305738804E+00    3.7583646155E-02
    1.5499900000E-05    1.1921033136E+00   -4.7312732514E-02    6.4320557190E+00    3.7512814475E-02
    1.5999900000E-05    1.1921074085E+00   -4.7021722046E-02    6.4335906203E+00    3.7442461999E-02
    1.6499900000E-05    1.1921097358E+00   -4.6738571856E-02    6.4351789603E+00    3.7372569158E-02
    1.6999900000E-05    1.1921102901E+00   -4.6463047186E-02    6.4368211353E+00    3.7303116553E-02
    1.7499900000E-05    1.1921090642E+00   -4.6194925598E-02    6.4385175484E+00    3.7234084862E-02
    1.7999900000E-05    1.1921060375E+00   -4.5934285755E-02    6.4402685080E+00    3.7165454513E-02
    1.8499900000E-05    1.1921011812E+00   -4.5681369923E-02    6.4420742756E+00    3.7097205227E-02
    1.8999900000E-05    1.1920944653E+00   -4.5436419430E-02    6.4439351247E+00    3.7029315968E-02
    1.9499900000E-05    1.1920858582E+00   -4.5199672096E-02    6.4458513410E+00    3.6961764978E-02
    1.9999900000E-05    1.1920753313E+00   -4.4971262933E-02    6.4478232575E+00    3.6894529817E-02
    2.0499900000E-05    1.1920628722E+00   -4.4750918501E-02    6.4498513630E+00    3.6827587313E-02
    2.0999900000E-05    1.1920484716E+00   -4.4538267924E-02    6.4519361913E+00    3.6760913400E-02
    2.1499900000E-05    1.1920321196E+00   -4.4332952917E-02    6.4540782825E+00    3.6694482941E-02
    2.1999900000E-05    1.1920138047E+00   -4.4134631817E-02    6.4562781812E+00    3.6628269553E-02
    2.2499900000E-05    1.1919935037E+00   -4.3943231616E-02    6.4585363463E+00    3.6562245457E-02
    2.2999900000E-05    1.1919711609E+00   -4.3759373775E-02    6.4608529992E+00    3.6496381540E-02
    2.3499900000E-05    1.1919467139E+00   -4.3583793545E-02    6.4632283295E+00    3.6430647614E-02
    2.3999900000E-05    1.1919200980E+00   -4.3417216999E-02    6.4656625381E+00    3.6365012660E-02
    2.4499900000E-05    1.1918912468E+00   -4.3260352970E-02    6.4681558397E+00    3.6299445078E-02
    2.4999900000E-05    1.1918601051E+00   -4.3113610032E-02    6.4707085644E+00    3.6233912877E-02
    2.5499900000E-05    1.1918266453E+00   -4.2976768906E-02    6.4733212749E+00    3.6168383426E-02
    2.5999900000E-05    1.1917908420E+00   -4.2849543600E-02    6.4759945660E+00    3.6102823122E-02
    2.6499900000E-05    1.1917526684E+00   -4.2731671927E-02    6.4787290319E+00    3.6037197256E-02
    2.6999900000E-05    1.1917120956E+00   -4.2622921640E-02    6.4815252640E+00    3.5971469890E-02
    2.7499900000E-05    1.1916690858E+00   -4.2523234038E-02    6.4843837987E+00    3.5905603852E-02
    2.7999900000E-05    1.1916235860E+00   -4.2432830213E-02    6.4873050781E+00    3.5839561212E-02
    2.8499900000E-05    1.1915755408E+00   -4.2351946857E-02    6.4902895454E+00    3.5773303661E-02
    2.8999900000E-05    1.1915248934E+00   -4.2280801999E-02    6.4933376570E+00    3.5706792636E-02
    2.9499900000E-05    1.1914715869E+00   -4.2219589451E-02    6.4964498844E+00    3.5639989439E-02
    2.9999900000E-05    1.1914155715E+00   -4.2168323058E-02    6.4996267701E+00    3.5572855267E-02
    3.0499900000E-05    1.1913568084E+00   -4.2126789365E-02    6.5028689444E+00    3.5505350973E-02
    3.0999900000E-05    1.1912952582E+00   -4.2094780527E-02    6.5061770424E+00    3.5437436882E-02
    3.1499900000E-05    1.1912308789E+00   -4.2072119537E-02    6.5095516946E+00    3.5369072723E-02
    3.1999900000E-05    1.1911636249E+00   -4.2058691200E-02    6.5129935158E+00    3.5300217587E-02
    3.2499900000E-05    1.1910934252E+00   -4.2054810074E-02    6.5165029732E+00    3.5230830082E-02
    3.2999900000E-05    1.1910201891E+00   -4.2061097093E-02    6.5200804304E+00    3.5160868905E-02
    3.3499900000E-05    1.1909438245E+00   -4.2078131192E-02    6.5237262712E+00    3.5090293319E-02
    3.3999900000E-05    1.1908642396E+00   -4.2106427190E-02    6.5274409087E+00    3.5019063519E-02
    3.4499900000E-05    1.1907813489E+00   -4.2146333109E-02    6.5312248222E+00    3.4947140937E-02
    3.4999900000E-05    1.1906950922E+00   -4.2197732677E-02    6.5350786657E+00    3.4874488010E-02
    3.5499900000E-05    1.1906054136E+00   -4.2260421784E-02    6.5390031339E+00    3.4801067716E-02
    3.5999900000E-05    1.1905122532E+00   -4.2334249474E-02    6.5429989113E+00    3.4726843509E-02
    3.6499900000E-05    1.1904155455E+00   -4.2419131401E-02    6.5470666674E+00    3.4651779363E-02
    3.6999900000E-05    1.1903152131E+00   -4.2515154259E-02    6.5512070185E+00    3.4575840031E-02
    3.7499900000E-05    1.1902111687E+00   -4.2622511346E-02    6.5554205508E+00    3.4498991710E-02
    3.7999900000E-05    1.1901033243E+00   -4.2741371140E-02    6.5597078680E+00    3.4421202343E-02
    3.8499900000E-05    1.1899915910E+00   -4.2871870735E-02    6.5640695951E+00    3.4342441753E-02
    3.8999900000E-05    1.1898758809E+00   -4.3014096719E-02    6.5685063864E+00    3.4262681637E-02
    3.9499900000E-05    1.1897561044E+00   -4.3168123620E-02    6.5730189129E+00    3.4181895256E-02
    3.9999900000E-05    1.1896321649E+00   -4.3334090052E-02    6.5776078346E+00    3.4100057465E-02
    4.0499900000E-05    1.1895039579E+00   -4.3512203225E-02    6.5822737994E+00    3.4017145043E-02
    4.0999900000E-05    1.1893713737E+00   -4.3702694179E-02    6.5870174576E+00    3.3933137217E-02
    4.1499900000E-05    1.1892343056E+00   -4.3905699830E-02    6.5918395040E+00    3.3848016493E-02
    4.1999900000E-05    1.1890926524E+00   -4.4121245242E-02    6.5967406869E+00    3.3761768812E-02
    4.2499900000E-05    1.1889463173E+00   -4.4349259557E-02    6.6017218043E+00    3.3674383201E-02
    4.2999900000E-05    1.1887951954E+00   -4.4589745839E-02    6.6067836478E+00    3.3585851261E-02
    4.3499900000E-05    1.1886391647E+00   -4.4842877249E-02    6.6119269689E+00    3.3496166861E-02
    4.3999900000E-05    1.1884780938E+00   -4.5108894245E-02    6.6171525137E+00    3.3405326463E-02
    4.4499900000E-05    1.1883118450E+00   -4.5388056293E-02    6.6224610394E+00    3.3313329613E-02
    4.4999900000E-05    1.1881402888E+00   -4.5680473353E-02    6.6278533725E+00    3.3220179100E-02
    4.5499900000E-05    1.1879632978E+00   -4.5986191205E-02    6.6333303806E+00    3.3125880557E-02
    4.5999900000E-05    1.1877807403E+00   -4.6305260741E-02    6.6388929502E+00    3.3030442106E-02
    4.6499900000E-05    1.1875924685E+00   -4.6637867926E-02    6.6445419418E+00    3.2933874340E-02
    4.6999900000E-05    1.1873983146E+00   -4.6984353839E-02    6.6502781838E+00    3.2836191438E-02
    4.7499900000E-05    1.1871981054E+00   -4.7345044207E-02    6.6561025315E+00    3.2737412129E-02
    4.7999900000E-05    1.1869916754E+00   -4.7720112735E-02    6.6620159136E+00    3.2637560008E-02
    4.8499900000E-05    1.1867788882E+00   -4.8109393904E-02    6.6680193971E+00    3.2536661470E-02
    4.8999900000E-05    1.1865596055E+00   -4.8512722456E-02    6.6741140711E+00    3.2434743096E-02
    4.9499900000E-05    1.1863336734E+00   -4.8930067076E-02    6.6803010019E+00    3.2331830635E-02
    4.9999900000E-05    1.1861009067E+00   -4.9361656050E-02    6.6865811939E+00    3.2227950630E-02
    5.0499900000E-05    1.1858611113E+00   -4.9807732401E-02    6.6929556701E+00    3.2123133482E-02
    5.0999900000E-05    1.1856140938E+00   -5.0268465985E-02    6.6994254995E+00    3.2017414043E-02
    5.1499900000E-05    1.1853596438E+00   -5.0744117070E-02    6.7059917354E+00    3.1910830227E-02
    5.1999900000E-05    1.1850975304E+00   -5.1235062138E-02    6.7126554087E+00    3.1803420619E-02
    5.2499900000E-05    1.1848275148E+00   -5.1741676480E-02    6.7194175713E+00    3.1695224368E-02
    5.2999900000E-05    1.1845494127E+00   -5.2263807068E-02    6.7262794845E+00    3.1586282856E-02
    5.3499900000E-05    1.1842630842E+00   -5.2800902425E-02    6.7332425701E+00    3.1476641653E-02
    5.3999900000E-05    1.1839683861E+00   -5.3352430136E-02    6.7403082600E+00    3.1366349467E-02
    5.4499900000E-05    1.1836650460E+00   -5.3918859633E-02    6.7474776432E+00    3.1255454950E-02
    5.4999900000E-05    1.1833526995E+00   -5.4501282727E-02    6.7547516028E+00    3.1144004115E-02
    5.5499900000E-05    1.1830309781E+00   -5.5100691065E-02    6.7621310733E+00    3.1032041979E-02
    5.5999900000E-05    1.1826996477E+00   -5.5716964100E-02    6.7696174034E+00    3.0919615491E-02
    5.6499900000E-05    1.1823585300E+00   -5.6349533318E-02    6.7772121135E+00    3.0806774592E-02
    5.6999900000E-05    1.1820074186E+00   -5.6998018985E-02    6.7849166647E+00    3.0693570693E-02
    5.7499900000E-05    1.1816460144E+00   -5.7662647424E-02    6.7927323075E+00    3.0580055847E-02
    5.7999900000E-05    1.1812739950E+00   -5.8343724989E-02    6.8006602700E+00    3.0466283577E-02
    5.8499900000E-05    1.1808910510E+00   -5.9041383994E-02    6.8087018489E+00    3.0352309760E-02
    5.8999900000E-05    1.1804968886E+00   -5.9755582801E-02    6.8168584098E+00    3.0238192106E-02
    5.9499900000E-05    1.1800911884E+00   -6.0486380389E-02    6.8251312869E+00    3.0123988720E-02
    5.9999900000E-05    1.1796735979E+00   -6.1233972829E-02    6.8335217653E+00    3.0009757485E-02
    6.0499900000E-05    1.1792437640E+00   -6.1998475566E-02    6.8420311549E+00    2.9895557875E-02
    6.0999900000E-05    1.1788013609E+00   -6.2779757930E-02    6.8506608518E+00    2.9781453282E-02
    6.1499900000E-05    1.1783460580E+00   -6.3577646261E-02    6.8594122715E+00    2.9667511558E-02
    6.1999900000E-05    1.1778774648E+00   -6.4392235480E-02    6.8682867392E+00    2.9553802667E-02
    6.2499900000E-05    1.1773951463E+00   -6.5223782430E-02    6.8772855218E+00    2.9440397231E-02
    6.2999900000E-05    1.1768986855E+00   -6.6072346228E-02    6.8864099509E+00    2.9327367018E-02
    6.3499900000E-05    1.1763877076E+00   -6.6937676021E-02    6.8956614620E+00    2.9214786720E-02
    6.3999900000E-05    1.1758618341E+00   -6.7819470911E-02    6.9050415054E+00    2.9102734207E-02
    6.4499900000E-05    1.1753205960E+00   -6.8717819288E-02    6.9145513928E+00    2.8991289520E-02
    6.4999900000E-05    1.1747634438E+00   -6.9633109199E-02    6.9241923284E+00    2.8880533717E-02
    6.5499900000E-05    1.1741898142E+00   -7.0565669078E-02    6.9339655335E+00    2.8770549266E-02
    6.5999900000E-05    1.1735992719E+00   -7.1515101376E-02    6.9438724802E+00    2.8661421328E-02
    6.6499900000E-05    1.1729914514E+00   -7.2480616286E-02    6.9539147752E+00    2.8553238415E-02
    6.6999900000E-05    1.1723659603E+00   -7.3461508337E-02    6.9640939937E+00    2.8446091210E-02
    6.7499900000E-05    1.1717222416E+00   -7.4457757291E-02    6.9744114697E+00    2.8340071120E-02
    6.7999900000E-05    1.1710596571E+00   -7.5469593655E-02    6.9848684472E+00    2.8235269830E-02
    6.8499900000E-05    1.1703775721E+00   -7.6497109419E-02    6.9954662164E+00    2.8131779745E-02
    6.8999900000E-05    1.1696754207E+00   -7.7539996220E-02    7.0062062062E+00    2.8029694013E-02
    6.9499900000E-05    1.1689526511E+00   -7.8597805898E-02    7.0170898935E+00    2.7929105708E-02
    6.9999900000E-05    1.1682086742E+00   -7.9670165258E-02    7.0281187283E+00    2.7830107173E-02
    7.0499900000E-05    1.1674428372E+00   -8.0756866621E-02    7.0392941023E+00    2.7732789955E-02
    7.0999899999E-05    1.1666544631E+00   -8.1857697212E-02    7.0506174074E+00    2.7637245570E-02
    7.1499899999E-05    1.1658428967E+00   -8.2972260749E-02    7.0620900984E+00    2.7543565676E-02
    7.1999899999E-05    1.1650075093E+00   -8.4099978800E-02    7.0737136930E+00    2.7451841580E-02
    7.2499899999E-05    1.1641476627E+00   -8.5240234676E-02    7.0854897231E+00    2.7362162726E-02
    7.2999899999E-05    1.1632626606E+00   -8.6392545709E-02    7.0974196758E+00    2.7274615736E-02
    7.3499899999E-05    1.1623517501E+00   -8.7556540149E-02    7.1095050002E+00    2.7189284500E-02
    7.3999899999E-05    1.1614141708E+00   -8.8731777794E-02    7.1217471694E+00    2.7106250782E-02
    7.4499899999E-05    1.1604491900E+00   -8.9917634299E-02    7.1341477192E+00    2.7025595039E-02
    7.4999899999E-05    1.1594560819E+00   -9.1113383776E-02    7.1467082204E+00    2.6947396250E-02
    7.5499899999E-05    1.1584341170E+00   -9.2318239159E-02    7.1594302655E+00    2.6871731394E-02
    7.5999899999E-05    1.1573825235E+00   -9.3531472879E-02    7.1723154283E+00    2.6798674921E-02
    7.6499899999E-05    1.1563004862E+00   -9.4752410599E-02    7.1853652669E+00    2.6728298444E-02
    7.6999899999E-05    1.1551871795E+00   -9.5980325833E-02    7.1985813601E+00    2.6660670639E-02
    7.7499899999E-05    1.1540417703E+00   -9.7214430513E-02    7.2119653114E+00    2.6595857076E-02
    7.7999899999E-05    1.1528634198E+00   -9.8453873746E-02    7.2255187495E+00    2.6533919904E-02
    7.8499899999E-05    1.1516512796E+00   -9.9697753793E-02    7.2392433247E+00    2.6474917296E-02
    7.8999899999E-05    1.1504044767E+00   -1.0094516081E-01    7.2531406952E+00    2.6418902798E-02
    7.9499899999E-05    1.1491221111E+00   -1.0219517855E-01    7.2672125270E+00    2.6365924956E-02
    7.9999899999E-05    1.1478032598E+00   -1.0344686988E-01    7.2814604994E+00    2.6316027081E-02
    8.0499899999E-05    1.1464469820E+00   -1.0469926065E-01    7.2958863102E+00    2.6269247116E-02
    8.0999899999E-05    1.1450523266E+00   -1.0595131793E-01    7.3104916835E+00    2.6225617585E-02
    8.1499899999E-05    1.1436183503E+00   -1.0720190745E-01    7.3252783847E+00    2.6185165655E-02
    8.1999899999E-05    1.1421441025E+00   -1.0844983257E-01    7.3402482059E+00    2.6147913197E-02
    8.2499899999E-05    1.1406286125E+00   -1.0969386388E-01    7.3554029558E+00    2.6113876799E-02
    8.2999899999E-05    1.1390708850E+00   -1.1093274547E-01    7.3707444571E+00    2.6083067931E-02
    8.3499899999E-05    1.1374698974E+00   -1.1216519608E-01    7.3862745454E+00    2.6055493319E-02
    8.3999899999E-05    1.1358245985E+00   -1.1338990513E-01    7.4019950704E+00    2.6031155530E-02
    8.4499899999E-05    1.1341339095E+00   -1.1460552448E-01    7.4179078983E+00    2.6010053773E-02
    8.4999899999E-05    1.1323967260E+00   -1.1581065726E-01    7.4340149144E+00    2.5992184880E-02
    8.5499899999E-05    1.1306119214E+00   -1.1700384510E-01    7.4503180278E+00    2.5977544434E-02
    8.5999899998E-05    1.1287783510E+00   -1.1818355567E-01    7.4668191751E+00    2.5966127976E-02
    8.6499899998E-05    1.1268948546E+00   -1.1934817172E-01    7.4835203239E+00    2.5957932227E-02
    8.6999899998E-05    1.1249602602E+00   -1.2049598276E-01    7.5004234759E+00    2.5952956267E-02
    8.7499899998E-05    1.1229733847E+00   -1.2162517994E-01    7.5175306692E+00    2.5951202581E-02
    8.7999899998E-05    1.1209330346E+00   -1.2273385393E-01    7.5348439785E+00    2.5952677925E-02
    8.8499899998E-05    1.1188380045E+00   -1.2381999526E-01    7.5523655161E+00    2.5957393946E-02
    8.8999899998E-05    1.1166870762E+00   -1.2488149605E-01    7.5700974307E+00    2.5965367503E-02
    8.9499899998E-05    1.1144790165E+00   -1.2591615178E-01    7.5880419065E+00    2.5976620675E-02
    8.9999899998E-05    1.1122125769E+00   -1.2692166184E-01    7.6062011617E+00    2.5991180426E-02
    9.0499899998E-05    1.1098864947E+00   -1.2789562775E-01    7.6245774473E+00    2.6009077941E-02
    9.0999899998E-05    1.1074994959E+00   -1.2883554862E-01    7.6431730452E+00    2.6030347663E-02
    9.1499899998E-05    1.1050503023E+00   -1.2973881376E-01    7.6619902657E+00    2.6055026078E-02
    9.1999899998E-05    1.1025376393E+00   -1.3060269344E-01    7.6810314452E+00    2.6083150333E-02
    9.2499899998E-05    1.0999602470E+00   -1.3142432910E-01    7.7002989405E+00    2.6114756779E-02
    9.2999899998E-05    1.0973168908E+00   -1.3220072496E-01    7.7197951225E+00    2.6149879538E-02
    9.3499899998E-05    1.0946063716E+00   -1.3292874276E-01    7.7395223659E+00    2.6188549236E-02
    9.3999899998E-05    1.0918275329E+00   -1.3360510134E-01    7.7594830363E+00    2.6230791975E-02
    9.4499899998E-05    1.0889792637E+00   -1.3422638182E-01    7.7796794728E+00    2.6276628638E-02
    9.4999899998E-05    1.0860604778E+00   -1.3478906034E-01    7.8001139613E+00    2.6326074521E-02
    9.5499899998E-05    1.0830700977E+00   -1.3528952916E-01    7.8207887097E+00    2.6379139067E-02
    9.5999899998E-05    1.0800071000E+00   -1.3572404678E-01    7.8417058498E+00    2.6435825549E-02
    9.6499899998E-05    1.0768705500E+00   -1.3608870716E-01    7.8628674329E+00    2.6496130795E-02
    9.6999899998E-05    1.0736596398E+00   -1.3637941359E-01    7.8842754243E+00    2.6560044946E-02
    9.7499899998E-05    1.0703737237E+00   -1.3659186142E-01    7.9059316975E+00    2.6627551315E-02
    9.7999899998E-05    1.0670123043E+00   -1.3672157503E-01    7.9278380082E+00    2.6698626636E-02
    9.8499899998E-05    1.0635749931E+00   -1.3676396508E-01    7.9499959617E+00    2.6773241877E-02
    9.8999899998E-05    1.0600615214E+00   -1.3671433067E-01    7.9724070054E+00    2.6851362716E-02
    9.9499899998E-05    1.0564717649E+00   -1.3656785360E-01    7.9950724265E+00    2.6932949605E-02
    9.9999899998E-05    1.0528058841E+00   -1.3631949882E-01    8.0179933920E+00    2.7017957407E-02
    1.0049990000E-04    1.0490644810E+00   -1.3596392983E-01    8.0411709899E+00    2.7106334719E-02
    1.0099990000E-04    1.0452484404E+00   -1.3549569718E-01    8.0646061569E+00    2.7198023936E-02
    1.0149990000E-04    1.0413588285E+00   -1.3490935188E-01    8.0882996378E+00    2.7292961931E-02
    1.0199990000E-04    1.0373966043E+00   -1.3419967563E-01    8.1122518902E+00    2.7391080478E-02
    1.0249990000E-04    1.0333628160E+00   -1.3336152529E-01    8.1364631601E+00    2.7492304982E-02
    1.0299990000E-04    1.0292589537E+00   -1.3238961114E-01    8.1609335977E+00    2.7596552161E-02
    1.0349990000E-04    1.0250870686E+00   -1.3127848223E-01    8.1856632854E+00    2.7703728389E-02
    1.0399990000E-04    1.0208495194E+00   -1.3002275333E-01    8.2106521468E+00    2.7813730680E-02
    1.0449990000E-04    1.0165486723E+00   -1.2861731403E-01    8.2358998554E+00    2.7926447933E-02
    1.0499990000E-04    1.0121870575E+00   -1.2705723509E-01    8.2614058908E+00    2.8041760668E-02
    1.0549990000E-04    1.0077677160E+00   -1.2533760024E-01    8.2871696428E+00    2.8159538980E-02
    1.0599990000E-04    1.0032941163E+00   -1.2345360700E-01    8.3131903780E+00    2.8279641438E-02
    1.0649990000E-04    9.9876961450E-01   -1.2140087418E-01    8.3394670781E+00    2.8401915429E-02
    1.0699990000E-04    9.9419736805E-01   -1.1917545937E-01    8.3659984261E+00    2.8526197536E-02
    1.0749990000E-04    9.8958094579E-01   -1.1677355934E-01    8.3927829859E+00    2.8652312029E-02
    1.0799990000E-04    9.8492517300E-01   -1.1419119425E-01    8.4198194236E+00    2.8780068885E-02
    1.0849990000E-04    9.8023533275E-01   -1.1142465681E-01    8.4471062583E+00    2.8909263717E-02
    1.0899990000E-04    9.7551626695E-01   -1.0847089023E-01    8.4746416160E+00    2.9039678921E-02
    1.0949990000E-04    9.7077253555E-01   -1.0532737248E-01    8.5024232951E+00    2.9171083655E-02
    1.0999990000E-04    9.6600934051E-01   -1.0199176225E-01    8.5304490221E+00    2.9303233051E-02
    1.1049990000E-04    9.6123258844E-01   -9.8461933577E-02    8.5587164577E+00    2.9435868276E-02
    1.1099990000E-04    9.5644831246E-01   -9.4736210382E-02    8.5872230461E+00    2.9568717277E-02
    1.1149990000E-04    9.5166282913E-01   -9.0813320119E-02    8.6159660744E+00    2.9701495867E-02
    1.1199990000E-04    9.4688326669E-01   -8.6692261567E-02    8.6449428174E+00    2.9833909855E-02
    1.1249990000E-04    9.4211717377E-01   -8.2372462446E-02    8.6741504402E+00    2.9965657905E-02
    1.1299990000E-04    9.3737135733E-01   -7.7854080214E-02    8.7035857380E+00    3.0096434255E-02
    1.1349990000E-04    9.3265251552E-01   -7.3137780578E-02    8.7332453494E+00    3.0225931924E-02
    1.1399990000E-04    9.2796853419E-01   -6.8224438670E-02    8.7631261043E+00    3.0353847248E-02
    1.1449990000E-04    9.2332824550E-01   -6.3115262322E-02    8.7932249654E+00    3.0479884531E-02
    1.1499990000E-04    9.1874030502E-01   -5.7812047365E-02    8.8235387831E+00    3.0603759858E-02
    1.1549990000E-04    9.1421301377E-01   -5.2317169481E-02    8.8540642990E+00    3.0725205472E-02
    1.1599990000E-04    9.0975504780E-01   -4.6633420085E-02    8.8847983531E+00    3.0843974863E-02
    1.1649990000E-04    9.0537536881E-01   -4.0764020199E-02    8.9157378821E+00    3.0959847079E-02
    1.1699990000E-04    9.0108261462E-01   -3.4712691667E-02    8.9468798019E+00    3.1072630748E-02
    1.1749990000E-04    8.9688516490E-01   -2.8483600621E-02    8.9782210345E+00    3.1182169874E-02
    1.1799990000E-04    8.9279195447E-01   -2.2081235870E-02    9.0097586712E+00    3.1288347970E-02
    1.1849990000E-04    8.8881254056E-01   -1.5510426333E-02    9.0414899520E+00    3.1391085774E-02
    1.1899990000E-04    8.8495629212E-01   -8.7764306189E-03    9.0734120664E+00    3.1490337359E-02
    1.1949990000E-04    8.8123183024E-01   -1.8849466042E-03    9.1055220170E+00    3.1586089587E-02
    1.1999990000E-04    8.7764721452E-01    5.1579597930E-03    9.1378166232E+00    3.1678366280E-02
    1.2049990000E-04    8.7421060541E-01    1.2345918318E-02    9.1702925854E+00    3.1767228969E-02
    1.2099990000E-04    8.7093034183E-01    1.9672243515E-02    9.2029464207E+00    3.1852772699E-02
    1.2149990000E-04    8.6781490797E-01    2.7129909723E-02    9.2357743738E+00    3.1935118451E-02
    1.2199990000E-04    8.6487246384E-01    3.4711525963E-02    9.2687722668E+00    3.2014404570E-02
    1.2249990000E-04    8.6211072727E-01    4.2409340981E-02    9.3019354279E+00    3.2090778476E-02
    1.2299990000E-04    8.5953705603E-01    5.0215251624E-02    9.3352586643E+00    3.2164388391E-02
    1.2349990000E-04    8.5715873910E-01    5.8120797588E-02    9.3687362713E+00    3.2235375170E-02
    1.2399990000E-04    8.5498293258E-01    6.6117153435E-02    9.4023619977E+00    3.2303864633E-02
    1.2449990000E-04    8.5301640486E-01    7.4195141134E-02    9.4361290098E+00    3.2369961478E-02
    1.2499990000E-04    8.5126533144E-01    8.2345263107E-02    9.4700298922E+00    3.2433745360E-02
    1.2549990000E-04    8.4973506413E-01    9.0557758451E-02    9.5040566721E+00    3.2495269543E-02
    1.2599990000E-04    8.4843016618E-01    9.8822655579E-02    9.5382008961E+00    3.2554562196E-02
    1.2649990000E-04    8.4735488885E-01    1.0712977525E-01    9.5724537492E+00    3.2611629493E-02
    1.2699990000E-04    8.4651326357E-01    1.1546874585E-01    9.6068061229E+00    3.2666459947E-02
    1.2749990000E-04    8.4590906218E-01    1.2382902947E-01    9.6412486667E+00    3.2719029709E-02
    1.2799990000E-04    8.4554568648E-01    1.3219996018E-01    9.6757718334E+00    3.2769308359E-02
    1.2849990000E-04    8.4542588554E-01    1.4057081702E-01    9.7103659120E+00    3.2817264690E-02
    1.2899990000E-04    8.4555160289E-01    1.4893089348E-01    9.7450210723E+00    3.2862871973E-02
    1.2949990000E-04    8.4592415807E-01    1.5726951066E-01    9.7797274175E+00    3.2906112065E-02
    1.2999990000E-04    8.4654436929E-01    1.6557602228E-01    9.8144750095E+00    3.2946977811E-02
    1.3049990000E-04    8.4741265983E-01    1.7383980737E-01    9.8492538730E+00    3.2985473544E-02
    1.3099990000E-04    8.4852913663E-01    1.8205025528E-01    9.8840539810E+00    3.3021613765E-02
    1.3149990000E-04    8.4989363136E-01    1.9019674895E-01    9.9188652264E+00    3.3055420274E-02
    1.3199990000E-04    8.5150570221E-01    1.9826865213E-01    9.9536773867E+00    3.3086918164E-02
    1.3249990000E-04    8.5336458113E-01    2.0625531057E-01    9.9884800897E+00    3.3116131194E-02
    1.3299990000E-04    8.5546908348E-01    2.1414606985E-01    1.0023262786E+01    3.3143077098E-02
    1.3349990000E-04    8.5781757836E-01    2.2193028520E-01    1.0058014737E+01    3.3167763284E-02
    1.3399990000E-04    8.6040798181E-01    2.2959733025E-01    1.0092725010E+01    3.3190183294E-02
    1.3449990000E-04    8.6323775221E-01    2.3713661030E-01    1.0127382492E+01    3.3210314341E-02
    1.3499990000E-04    8.6630388442E-01    2.4453758167E-01    1.0161975920E+01    3.3228116096E-02
    1.3549990000E-04    8.6960290058E-01    2.5178977814E-01    1.0196493921E+01    3.3243530749E-02
    1.3599990000E-04    8.7313083709E-01    2.5888284465E-01    1.0230925069E+01    3.3256484284E-02
    1.3649990000E-04    8.7688322885E-01    2.6580657783E-01    1.0265257954E+01    3.3266888760E-02
    1.3699990000E-04    8.8085509342E-01    2.7255097168E-01    1.0299481258E+01    3.3274645321E-02
    1.3749990000E-04    8.8504091828E-01    2.7910626598E-01    1.0333583833E+01    3.3279647613E-02
    1.3799990000E-04    8.8943465490E-01    2.8546299453E-01    1.0367554780E+01    3.3281785273E-02
    1.3849990000E-04    8.9402972181E-01    2.9161203011E-01    1.0401383517E+01    3.3280947174E-02
    1.3899990000E-04    8.9881901821E-01    2.9754462368E-01    1.0435059845E+01    3.3277024179E-02
    1.3949990000E-04    9.0379494720E-01    3.0325243623E-01    1.0468573993E+01    3.3269911239E-02
    1.3999990000E-04    9.0894944654E-01    3.0872756290E-01    1.0501916651E+01    3.3259508748E-02
    1.4049990000E-04    9.1427402357E-01    3.1396255038E-01    1.0535078988E+01    3.3245723178E-02
    1.4099990000E-04    9.1975979070E-01    3.1895040932E-01    1.0568052652E+01    3.3228467064E-02
    1.4149990000E-04    9.2539749895E-01    3.2368462436E-01    1.0600829762E+01    3.3207658494E-02
    1.4199990000E-04    9.3117756800E-01    3.2815916364E-01    1.0633402883E+01    3.3183220287E-02
    1.4249990000E-04    9.3709011400E-01    3.3236848891E-01    1.0665765001E+01    3.3155079011E-02
    1.4299990000E-04    9.4312497748E-01    3.3630756617E-01    1.0697909484E+01    3.3123164039E-02
    1.4349990000E-04    9.4927175553E-01    3.3997187471E-01    1.0729830053E+01    3.3087406763E-02
    1.4399990000E-04    9.5551984739E-01    3.4335740778E-01    1.0761520734E+01    3.3047740049E-02
    1.4449990000E-04    9.6185860920E-01    3.4646058507E-01    1.0792975807E+01    3.3004097903E-02
    1.4499990000E-04    9.6827747111E-01    3.4927817597E-01    1.0824189749E+01    3.2956415181E-02
    1.4549990000E-04    9.7476590361E-01    3.5180733921E-01    1.0855157211E+01    3.2904627506E-02
    1.4599990000E-04    9.8131338432E-01    3.5404567537E-01    1.0885873015E+01    3.2848671493E-02
    1.4649990000E-04    9.8790934149E-01    3.5599131601E-01    1.0916332157E+01    3.2788485312E-02
    1.4699990000E-04    9.9454308619E-01    3.5764304504E-01    1.0946529825E+01    3.2724009698E-02
    1.4749990000E-04    1.0012036461E+00    3.5900054680E-01    1.0976461467E+01    3.2655189689E-02
    1.4799990000E-04    1.0078799831E+00    3.6006430071E-01    1.1006122764E+01    3.2581977364E-02
    1.4849990000E-04    1.0145615482E+00    3.6083506601E-01    1.1035509496E+01    3.2504333951E-02
    1.4899990000E-04    1.0212384482E+00    3.6131367711E-01    1.1064617500E+01    3.2422231071E-02
    1.4949990000E-04    1.0279013659E+00    3.6150108416E-01    1.1093442684E+01    3.2335651437E-02
    1.4999990000E-04    1.0345408853E+00    3.6139914358E-01    1.1121981247E+01    3.2244589857E-02
    1.5049990000E-04    1.0411473806E+00    3.6101087801E-01    1.1150229767E+01    3.2149055737E-02
    1.5099990000E-04    1.0477112128E+00    3.6034037363E-01    1.1178185193E+01    3.2049076222E-02
    1.5149990000E-04    1.0542233630E+00    3.5939202741E-01    1.1205844666E+01    3.1944698592E-02
    1.5199990000E-04    1.0606756840E+00    3.5817014368E-01    1.1233205428E+01    3.1835989992E-02
    1.5249990000E-04    1.0670604455E+00    3.5667949311E-01    1.1260264982E+01    3.1723036228E-02
    1.5299990000E-04    1.0733698846E+00    3.5492600692E-01    1.1287021303E+01    3.1605941166E-02
    1.5349990000E-04    1.0795963705E+00    3.5291664596E-01    1.1313472821E+01    3.1484828271E-02
    1.5399990000E-04    1.0857331294E+00    3.5065827828E-01    1.1339618140E+01    3.1359840798E-02
    1.5449990000E-04    1.0917743484E+00    3.4815735428E-01    1.1365455962E+01    3.1231137515E-02
    1.5499990000E-04    1.0977142471E+00    3.4542138529E-01    1.1390985511E+01    3.1098885869E-02
    1.5549990000E-04    1.1035469551E+00    3.4245928052E-01    1.1416206619E+01    3.0963259847E-02
    1.5599990000E-04    1.1092675176E+00    3.3927953770E-01    1.1441119209E+01    3.0824440709E-02
    1.5649990000E-04    1.1148719642E+00    3.3588989876E-01    1.1465723207E+01    3.0682613793E-02
    1.5699990000E-04    1.1203564178E+00    3.3229898046E-01    1.1490019022E+01    3.0537963201E-02
    1.5749990000E-04    1.1257171078E+00    3.2851632704E-01    1.1514007550E+01    3.0390669850E-02
    1.5799990000E-04    1.1309512120E+00    3.2455055792E-01    1.1537689623E+01    3.0240910531E-02
    1.5849990000E-04    1.1360568400E+00    3.2040910973E-01    1.1561065905E+01    3.0088854605E-02
    1.5899990000E-04    1.1410317976E+00    3.1610099714E-01    1.1584137693E+01    2.9934663316E-02
    1.5949990000E-04    1.1458734561E+00    3.1163743005E-01    1.1606907096E+01    2.9778493911E-02
    1.5999990000E-04    1.1505802689E+00    3.0702808448E-01    1.1629375925E+01    2.9620500043E-02
    1.6049990000E-04    1.1551519551E+00    3.0228015604E-01    1.1651545368E+01    2.9460827954E-02
    1.6099990000E-04    1.1595882364E+00    2.9740147865E-01    1.1673416914E+01    2.9299616931E-02
    1.6149990000E-04    1.1638887018E+00    2.9240104883E-01    1.1694992509E+01    2.9137003035E-02
    1.6199990000E-04    1.1680534496E+00    2.8728718930E-01    1.1716273992E+01    2.8973120404E-02
    1.6249990000E-04    1.1720830407E+00    2.8206750514E-01    1.1737263063E+01    2.8808101840E-02
    1.6299990000E-04    1.1759780982E+00    2.7675008181E-01    1.1757961653E+01    2.8642080801E-02
    1.6349990000E-04    1.1797394732E+00    2.7134295589E-01    1.1778371761E+01    2.8475190357E-02
    1.6399990000E-04    1.1833684205E+00    2.6585339637E-01    1.1798495225E+01    2.8307561320E-02
    1.6449990000E-04    1.1868663350E+00    2.6028874706E-01    1.1818333979E+01    2.8139325699E-02
    1.6499990000E-04    1.1902347712E+00    2.5465634695E-01    1.1837890044E+01    2.7970619256E-02
    1.6549990000E-04    1.1934755871E+00    2.4896287450E-01    1.1857165320E+01    2.7801579241E-02
    1.6599990000E-04    1.1965907109E+00    2.4321521116E-01    1.1876161864E+01    2.7632343939E-02
    1.6649990000E-04    1.1995820514E+00    2.3742089374E-01    1.1894882057E+01    2.7463055662E-02
    1.6699990000E-04    1.2024519169E+00    2.3158617530E-01    1.1913327969E+01    2.7293859506E-02
    1.6749990000E-04    1.2052029867E+00    2.2571581665E-01    1.1931501282E+01    2.7124899043E-02
    1.6799990000E-04    1.2078377342E+00    2.1981582026E-01    1.1949404226E+01    2.6956318560E-02
    1.6849990000E-04    1.2103585307E+00    2.1389314991E-01    1.1967039504E+01    2.6788267091E-02
    1.6899990000E-04    1.2127680608E+00    2.0795347630E-01    1.1984409540E+01    2.6620897071E-02
    1.6949990000E-04    1.2150691738E+00    2.0200172703E-01    1.2001516664E+01    2.6454362638E-02
    1.6999990000E-04    1.2172646254E+00    1.9604354653E-01    1.2018363633E+01    2.6288820608E-02
    1.7049990000E-04    1.2193572055E+00    1.9008458993E-01    1.2034953413E+01    2.6124430621E-02
    1.7099990000E-04    1.2213499305E+00    1.8412911633E-01    1.2051288697E+01    2.5961354892E-02
    1.7149990000E-04    1.2232458678E+00    1.7818091368E-01    1.2067372225E+01    2.5799759648E-02
    1.7199990000E-04    1.2250479464E+00    1.7224464822E-01    1.2083207293E+01    2.5639815163E-02
    1.7249990000E-04    1.2267590911E+00    1.6632496514E-01    1.2098797457E+01    2.5481694062E-02
    1.7299990000E-04    1.2283823241E+00    1.6042556135E-01    1.2114146204E+01    2.5325571250E-02
    1.7349990000E-04    1.2299206673E+00    1.5454979661E-01    1.2129257184E+01    2.5171624855E-02
    1.7399990000E-04    1.2313770686E+00    1.4870129860E-01    1.2144134451E+01    2.5020035647E-02
    1.7449990000E-04    1.2327544645E+00    1.4288337446E-01    1.2158782265E+01    2.4870985609E-02
    1.7499990000E-04    1.2340558185E+00    1.3709847568E-01    1.2173204890E+01    2.4724657794E-02
    1.7549990000E-04    1.2352840464E+00    1.3134878949E-01    1.2187406814E+01    2.4581236690E-02
    1.7599990000E-04    1.2364419787E+00    1.2563662484E-01    1.2201392935E+01    2.4440907064E-02
    1.7649990000E-04    1.2375323934E+00    1.1996401252E-01    1.2215168419E+01    2.4303852080E-02
    1.7699990000E-04    1.2385580231E+00    1.1433250913E-01    1.2228738610E+01    2.4170252393E-02
    1.7749990000E-04    1.2395215254E+00    1.0874345456E-01    1.2242109112E+01    2.4040285859E-02
    1.7799990000E-04    1.2404254800E+00    1.0319798277E-01    1.2255285809E+01    2.3914126810E-02
    1.7849990000E-04    1.2412723991E+00    9.7696781016E-02    1.2268274783E+01    2.3791944884E-02
    1.7899990000E-04    1.2420647208E+00    9.2240061720E-02    1.2281082291E+01    2.3673904015E-02
    1.7949990000E-04    1.2428047887E+00    8.6827797413E-02    1.2293714846E+01    2.3560161672E-02
    1.7999990000E-04    1.2434948310E+00    8.1460079779E-02    1.2306179332E+01    2.3450867988E-02
    1.8049990000E-04    1.2441369764E+00    7.6136860349E-02    1.2318482912E+01    2.3346164847E-02
    1.8099990000E-04    1.2447332633E+00    7.0857728292E-02    1.2330632927E+01    2.3246185283E-02
    1.8149990000E-04    1.2452856441E+00    6.5621667279E-02    1.2342636798E+01    2.3151053160E-02
    1.8199990000E-04    1.2457959668E+00    6.0427351834E-02    1.2354502115E+01    2.3060882956E-02
    1.8249990000E-04    1.2462659677E+00    5.5273275844E-02    1.2366236665E+01    2.2975779451E-02
    1.8299990000E-04    1.2466972685E+00    5.0157863146E-02    1.2377848458E+01    2.2895837474E-02
    1.8349990000E-04    1.2470913780E+00    4.5079429334E-02    1.2389345698E+01    2.2821141718E-02
    1.8399990000E-04    1.2474496954E+00    4.0036081177E-02    1.2400736724E+01    2.2751766695E-02
    1.8449990000E-04    1.2477735094E+00    3.5025727596E-02    1.2412029999E+01    2.2687776781E-02
    1.8499990000E-04    1.2480639969E+00    3.0046082495E-02    1.2423234088E+01    2.2629226337E-02
    1.8549990000E-04    1.2483222225E+00    2.5094678919E-02    1.2434357648E+01    2.2576159862E-02
    1.8599990000E-04    1.2485491371E+00    2.0168946573E-02    1.2445409435E+01    2.2528612181E-02
    1.8649990000E-04    1.2487455779E+00    1.5266228744E-02    1.2456398292E+01    2.2486608682E-02
    1.8699990000E-04    1.2489122696E+00    1.0383788396E-02    1.2467333134E+01    2.2450165572E-02
    1.8749990000E-04    1.2490498242E+00    5.5188149873E-03    1.2478222928E+01    2.2419290147E-02
    1.8799990000E-04    1.2491587417E+00    6.6843268182E-04    1.2489076682E+01    2.2393981062E-02
    1.8849990000E-04    1.2492394103E+00   -4.1702896574E-03    1.2499903430E+01    2.2374228593E-02
    1.8899990000E-04    1.2492921066E+00   -9.0003267564E-03    1.2510712215E+01    2.2360014879E-02
    1.8949990000E-04    1.2493169958E+00   -1.3824684091E-02    1.2521512081E+01    2.2351314155E-02
    1.8999990000E-04    1.2493141318E+00   -1.8646379912E-02    1.2532312059E+01    2.2348092941E-02
    1.9049990000E-04    1.2492834577E+00   -2.3468427625E-02    1.2543121159E+01    2.2350310223E-02
    1.9099990000E-04    1.2492248060E+00   -2.8293819798E-02    1.2553948359E+01    2.2357917590E-02
    1.9149990000E-04    1.2491378985E+00   -3.3125512500E-02    1.2564802592E+01    2.2370859363E-02
    1.9199990000E-04    1.2490223472E+00   -3.7966408656E-02    1.2575692738E+01    2.2389072693E-02
    1.9249990000E-04    1.2488776543E+00   -4.2819338697E-02    1.2586627615E+01    2.2412487644E-02
    1.9299990000E-04    1.2487032126E+00   -4.7687046600E-02    1.2597615966E+01    2.2441027265E-02
    1.9349990000E-04    1.2484983060E+00   -5.2572178077E-02    1.2608666450E+01    2.2474607647E-02
    1.9399990000E-04    1.2482621095E+00   -5.7477270582E-02    1.2619787629E+01    2.2513137984E-02
    1.9449990000E-04    1.2479936894E+00   -6.2404745805E-02    1.2630987952E+01    2.2556520623E-02
    1.9499990000E-04    1.2476920035E+00   -6.7356904547E-02    1.2642275747E+01    2.2604651123E-02
    1.9549990000E-04    1.2473559007E+00   -7.2335923660E-02    1.2653659200E+01    2.2657418311E-02
    1.9599990000E-04    1.2469841207E+00   -7.7343854143E-02    1.2665146347E+01    2.2714704344E-02
    1.9649990000E-04    1.2465752953E+00   -8.2382593825E-02    1.2676745062E+01    2.2776384788E-02
    1.9699990000E-04    1.2461279511E+00   -8.7453834291E-02    1.2688463070E+01    2.2842328727E-02
    1.9749990000E-04    1.2456405108E+00   -9.2559053388E-02    1.2700307929E+01    2.2912398956E-02
    1.9799990000E-04    1.2451112953E+00   -9.7699499139E-02    1.2712287027E+01    2.2986452221E-02
    1.9849990000E-04    1.2445385260E+00   -1.0287617955E-01    1.2724407570E+01    2.3064339540E-02
    1.9899990000E-04    1.2439203192E+00   -1.0808996006E-01    1.2736676535E+01    2.3145906532E-02
    1.9949990000E-04    1.2432546838E+00   -1.1334160112E-01    1.2749100648E+01    2.3230993651E-02
    1.9999990000E-04    1.2425395250E+00   -1.1863169317E-01    1.2761686395E+01    2.3319436458E-02
    2.0049990000E-04    1.2417726493E+00   -1.2396061269E-01    1.2774440031E+01    2.3411065923E-02
    2.0099990000E-04    1.2409517914E+00   -1.2932823558E-01    1.2787367676E+01    2.3505708970E-02
    2.0149990000E-04    1.2400746176E+00   -1.3473398665E-01    1.2800475289E+01    2.3603189345E-02
    2.0199990000E-04    1.2391387203E+00   -1.4017698792E-01    1.2813768610E+01    2.3703328413E-02
    2.0249990000E-04    1.2381415976E+00   -1.4565631199E-01    1.2827253065E+01    2.3805945811E-02
    2.0299990000E-04    1.2370806374E+00   -1.5117113093E-01    1.2840933716E+01    2.3910859563E-02
    2.0349990000E-04    1.2359531486E+00   -1.5672040072E-01    1.2854815370E+01    2.4017886336E-02
    2.0399990000E-04    1.2347563896E+00   -1.6230264750E-01    1.2868902664E+01    2.4126842050E-02
    2.0449990000E-04    1.2334875975E+00   -1.6791581365E-01    1.2883200116E+01    2.4237543052E-02
    2.0499990000E-04    1.2321439630E+00   -1.7355758145E-01    1.2897712019E+01    2.4349807095E-02
    2.0549990000E-04    1.2307226062E+00   -1.7922560918E-01    1.2912442364E+01    2.4463453778E-02
    2.0599990000E-04    1.2292205723E+00   -1.8491757219E-01    1.2927394842E+01    2.4578304322E-02
    2.0649990000E-04    1.2276348852E+00   -1.9063078582E-01    1.2942572979E+01    2.4694181716E-02
    2.0699990000E-04    1.2259625908E+00   -1.9636200147E-01    1.2957980213E+01    2.4810911672E-02
    2.0749990000E-04    1.2242007441E+00   -2.0210761942E-01    1.2973619826E+01    2.4928324382E-02
    2.0799990000E-04    1.2223463660E+00   -2.0786403877E-01    1.2989494845E+01    2.5046255290E-02
    2.0849990000E-04    1.2203964500E+00   -2.1362762348E-01    1.3005608072E+01    2.5164544738E-02
    2.0899990000E-04    1.2183480164E+00   -2.1939441916E-01    1.3021962201E+01    2.5283037185E-02
    2.0949990000E-04    1.2161981347E+00   -2.2516010474E-01    1.3038559838E+01    2.5401581450E-02
    2.0999990000E-04    1.2139438893E+00   -2.3092026305E-01    1.3055403419E+01    2.5520031314E-02
    2.1049990000E-04    1.2115823722E+00   -2.3667044829E-01    1.3072495207E+01    2.5638245838E-02
    2.1099990000E-04    1.2091107254E+00   -2.4240600635E-01    1.3089837372E+01    2.5756089306E-02
    2.1149990000E-04    1.2065262191E+00   -2.4812176540E-01    1.3107432106E+01    2.5873431461E-02
    2.1199990000E-04    1.2038262442E+00   -2.5381218789E-01    1.3125281584E+01    2.5990148128E-02
    2.1249990000E-04    1.2010082225E+00   -2.5947184135E-01    1.3143387814E+01    2.6106121548E-02
    2.1299990000E-04    1.1980695383E+00   -2.6509566702E-01    1.3161752566E+01    2.6221239633E-02
    2.1349990000E-04    1.1950076236E+00   -2.7067858511E-01    1.3180377516E+01    2.6335395089E-02
    2.1399990000E-04    1.1918201395E+00   -2.7621482411E-01    1.3199264485E+01    2.6448485460E-02
    2.1449990000E-04    1.1885049940E+00   -2.8169799815E-01    1.3218415413E+01    2.6560414149E-02
    2.1499990000E-04    1.1850602392E+00   -2.8712159231E-01    1.3237832207E+01    2.6671090688E-02
    2.1549990000E-04    1.1814839515E+00   -2.9247939975E-01    1.3257516603E+01    2.6780430151E-02
    2.1599990000E-04    1.1777743132E+00   -2.9776521106E-01    1.3277470279E+01    2.6888352274E-02
    2.1649990000E-04    1.1739297195E+00   -3.0297249544E-01    1.3297694968E+01    2.6994781012E-02
    2.1699990000E-04    1.1699488697E+00   -3.0809419733E-01    1.3318192519E+01    2.7099644209E-02
    2.1749990000E-04    1.1658306682E+00   -3.1312312633E-01    1.3338964777E+01    2.7202872991E-02
    2.1799990000E-04    1.1615741573E+00   -3.1805218180E-01    1.3360013501E+01    2.7304400497E-02
    2.1849990000E-04    1.1571785133E+00   -3.2287435736E-01    1.3381340365E+01    2.7404160291E-02
    2.1899990000E-04    1.1526432117E+00   -3.2758231830E-01    1.3402947090E+01    2.7502084824E-02
    2.1949990000E-04    1.1479681279E+00   -3.3216823289E-01    1.3424835490E+01    2.7598104395E-02
    2.1999990000E-04    1.1431534846E+00   -3.3662400793E-01    1.3447007387E+01    2.7692146114E-02
    2.2049990000E-04    1.1381997340E+00   -3.4094162915E-01    1.3469464494E+01    2.7784132720E-02
    2.2099990000E-04    1.1331075896E+00   -3.4511311083E-01    1.3492208416E+01    2.7873981445E-02
    2.2149990000E-04    1.1278780936E+00   -3.4913038477E-01    1.3515240678E+01    2.7961603294E-02
    2.2199990000E-04    1.1225127884E+00   -3.5298501246E-01    1.3538562802E+01    2.8046902930E-02
    2.2249990000E-04    1.1170136704E+00   -3.5666838764E-01    1.3562176233E+01    2.8129779065E-02
    2.2299990000E-04    1.1113831447E+00   -3.6017190912E-01    1.3586082276E+01    2.8210125231E-02
    2.2349990000E-04    1.1056239879E+00   -3.6348710828E-01    1.3610282047E+01    2.8287831112E-02
    2.2399990000E-04    1.0997393044E+00   -3.6660576910E-01    1.3634776428E+01    2.8362784456E-02
    2.2449990000E-04    1.0937326719E+00   -3.6951971469E-01    1.3659566143E+01    2.8434873566E-02
    2.2499990000E-04    1.0876081988E+00   -3.7222078523E-01    1.3684651759E+01    2.8503990132E-02
    2.2549990000E-04    1.0813705379E+00   -3.7470089665E-01    1.3710033676E+01    2.8570032174E-02
    2.2599990000E-04    1.0750248510E+00   -3.7695216726E-01    1.3735712099E+01    2.8632906885E-02
    2.2649990000E-04    1.0685766968E+00   -3.7896713176E-01    1.3761686973E+01    2.8692533259E-02
    2.2699990000E-04    1.0620319922E+00   -3.8073881284E-01    1.3787957974E+01    2.8748844639E-02
    2.2749990000E-04    1.0553970187E+00   -3.8226071800E-01    1.3814524523E+01    2.8801790990E-02
    2.2799990000E-04    1.0486784380E+00   -3.8352682401E-01    1.3841385801E+01    2.8851340725E-02
    2.2849990000E-04    1.0418833249E+00   -3.8453154173E-01    1.3868540774E+01    2.8897481949E-02
    2.2899990000E-04    1.0350192387E+00   -3.8526964315E-01    1.3895988225E+01    2.8940223065E-02
    2.2949990000E-04    1.0280941417E+00   -3.8573637436E-01    1.3923726731E+01    2.8979592632E-02
    2.2999990000E-04    1.0211163293E+00   -3.8592753068E-01    1.3951754645E+01    2.9015638528E-02
    2.3049990000E-04    1.0140943878E+00   -3.8583948380E-01    1.3980070091E+01    2.9048426535E-02
    2.3099990000E-04    1.0070371554E+00   -3.8546919368E-01    1.4008670966E+01    2.9078038431E-02
    2.3149990000E-04    9.9995369115E-01   -3.8481420640E-01    1.4037554943E+01    2.9104569634E-02
    2.3199990000E-04    9.9285324852E-01   -3.8387264098E-01    1.4066719476E+01    2.9128126458E-02
    2.3249990000E-04    9.8574525538E-01   -3.8264316841E-01    1.4096161808E+01    2.9148823026E-02
    2.3299990000E-04    9.7863929729E-01   -3.8112498638E-01    1.4125878977E+01    2.9166777931E-02
    2.3349990000E-04    9.7154510319E-01   -3.7931779278E-01    1.4155867827E+01    2.9182110738E-02
    2.3399990000E-04    9.6447253353E-01   -3.7722175872E-01    1.4186125014E+01    2.9194938454E-02
    2.3449990000E-04    9.5743156767E-01   -3.7483750491E-01    1.4216647009E+01    2.9205372139E-02
    2.3499990000E-04    9.5043228000E-01   -3.7216608923E-01    1.4247430099E+01    2.9213513829E-02
    2.3549990000E-04    9.4348481893E-01   -3.6920899403E-01    1.4278470382E+01    2.9219453970E-02
    2.3599990000E-04    9.3659938635E-01   -3.6596811563E-01    1.4309763760E+01    2.9223269590E-02
    2.3649990000E-04    9.2978621647E-01   -3.6244575764E-01    1.4341305929E+01    2.9225023376E-02
    2.3699990000E-04    9.2305555311E-01   -3.5864462828E-01    1.4373092361E+01    2.9224763811E-02
    2.3749990000E-04    9.1641762511E-01   -3.5456784210E-01    1.4405118279E+01    2.9222526450E-02
    2.3799990000E-04    9.0988261928E-01   -3.5021892554E-01    1.4437378634E+01    2.9218336323E-02
    2.3849990000E-04    9.0346065072E-01   -3.4560182565E-01    1.4469868071E+01    2.9212211401E-02
    2.3899990000E-04    8.9716173071E-01   -3.4072092083E-01    1.4502580893E+01    2.9204166900E-02
    2.3949990000E-04    8.9099573265E-01   -3.3558103205E-01    1.4535511029E+01    2.9194220165E-02
    2.3999990000E-04    8.8497235655E-01   -3.3018743314E-01    1.4568651997E+01    2.9182395774E-02
    2.4049990000E-04    8.7910109364E-01   -3.2454585820E-01    1.4601996873E+01    2.9168730432E-02
    2.4099990000E-04    8.7339119436E-01   -3.1866250383E-01    1.4635538264E+01    2.9153277241E-02
    2.4149990000E-04    8.6785163151E-01   -3.1254402914E-01    1.4669268295E+01    2.9136108931E-02
    2.4199990000E-04    8.6249106206E-01   -3.0619755091E-01    1.4703178596E+01    2.9117319678E-02
    2.4249990000E-04    8.5731779169E-01   -2.9963063164E-01    1.4737260305E+01    2.9097025269E-02
    2.4299990000E-04    8.5233974268E-01   -2.9285126067E-01    1.4771504081E+01    2.9075361464E-02
    2.4349990000E-04    8.4756442672E-01   -2.8586782838E-01    1.4805900136E+01    2.9052480601E-02
    2.4399990000E-04    8.4299892390E-01   -2.7868909431E-01    1.4840438267E+01    2.9028546627E-02
    2.4449990000E-04    8.3864986842E-01   -2.7132415057E-01    1.4875107909E+01    2.9003728904E-02
    2.4499990000E-04    8.3452344062E-01   -2.6378238228E-01    1.4909898188E+01    2.8978195283E-02
    2.4549990000E-04    8.3062536432E-01   -2.5607342734E-01    1.4944797983E+01    2.8952105005E-02
    2.4599990000E-04    8.2696090770E-01   -2.4820713728E-01    1.4979795988E+01    2.8925602036E-02
