 sig=    1.000000000000000      inputfile=
 /home/rjrj524/Finished/vmec_gc_tracer/revised_251128/nc/wout_pwO_nfp2_A6.nc                                                                                                                             
 dt=   1.0000000000000000E-010
 steps=     20000000
 x0=   4.0000000000000001E-002    0.000000000000000      
    6.410000000000000     
 u=    26981.12000000000     
 v_perp=    77550.10000000001     
 
time(s)         x0(1)       x0(2)        x0(3)      r
    4.9990000000E-07    1.1908534345E+00   -6.0888817281E-02    6.4202020781E+00    3.9957402981E-02
    9.9990000000E-07    1.1905517838E+00   -6.1953036735E-02    6.4304294761E+00    3.9914234272E-02
    1.4999000000E-06    1.1902354024E+00   -6.3019269479E-02    6.4406813391E+00    3.9870491631E-02
    1.9999000000E-06    1.1899042138E+00   -6.4087778471E-02    6.4509588415E+00    3.9826157654E-02
    2.4999000000E-06    1.1895581449E+00   -6.5158852255E-02    6.4612631227E+00    3.9781208717E-02
    2.9999000000E-06    1.1891971261E+00   -6.6232793574E-02    6.4715952899E+00    3.9735615548E-02
    3.4999000000E-06    1.1888210912E+00   -6.7309912894E-02    6.4819564188E+00    3.9689343969E-02
    3.9999000000E-06    1.1884299772E+00   -6.8390524414E-02    6.4923475536E+00    3.9642355745E-02
    4.4999000000E-06    1.1880237246E+00   -6.9474939836E-02    6.5027697085E+00    3.9594609521E-02
    4.9999000000E-06    1.1876022770E+00   -7.0563459985E-02    6.5132238703E+00    3.9546061832E-02
    5.4999000000E-06    1.1871655851E+00   -7.1656309831E-02    6.5237110213E+00    3.9496668167E-02
    5.9999000000E-06    1.1867136129E+00   -7.2753552051E-02    6.5342321700E+00    3.9446384032E-02
    6.4999000000E-06    1.1862463310E+00   -7.3855207330E-02    6.5447883099E+00    3.9395165889E-02
    6.9999000000E-06    1.1857637130E+00   -7.4961295479E-02    6.5553804056E+00    3.9342972004E-02
    7.4999000000E-06    1.1852657336E+00   -7.6071858883E-02    6.5660093866E+00    3.9289763245E-02
    7.9999000000E-06    1.1847523657E+00   -7.7186985084E-02    6.5766761407E+00    3.9235503836E-02
    8.4999000000E-06    1.1842235749E+00   -7.8306853931E-02    6.5873814992E+00    3.9180162093E-02
    8.9999000000E-06    1.1836793109E+00   -7.9431816894E-02    6.5981262114E+00    3.9123711356E-02
    9.4999000000E-06    1.1831195223E+00   -8.0562183061E-02    6.6089110215E+00    3.9066131046E-02
    9.9999000000E-06    1.1825441648E+00   -8.1698122521E-02    6.6197367061E+00    3.9007407394E-02
    1.0499900000E-05    1.1819532045E+00   -8.2839642781E-02    6.6306040844E+00    3.8947533891E-02
    1.0999900000E-05    1.1813466204E+00   -8.3986578067E-02    6.6415140249E+00    3.8886511426E-02
    1.1499900000E-05    1.1807243982E+00   -8.5138674907E-02    6.6524674188E+00    3.8824348007E-02
    1.1999900000E-05    1.1800865106E+00   -8.6295784023E-02    6.6634651144E+00    3.8761057926E-02
    1.2499900000E-05    1.1794329152E+00   -8.7457863687E-02    6.6745079180E+00    3.8696661137E-02
    1.2999900000E-05    1.1787635527E+00   -8.8624969062E-02    6.6855965985E+00    3.8631182870E-02
    1.3499900000E-05    1.1780783467E+00   -8.9797235655E-02    6.6967318947E+00    3.8564653272E-02
    1.3999900000E-05    1.1773772167E+00   -9.0974743767E-02    6.7079145628E+00    3.8497107081E-02
    1.4499900000E-05    1.1766600974E+00   -9.2157360583E-02    6.7191454328E+00    3.8428583172E-02
    1.4999900000E-05    1.1759269228E+00   -9.3344895468E-02    6.7304253541E+00    3.8359123804E-02
    1.5499900000E-05    1.1751776215E+00   -9.4537138373E-02    6.7417551827E+00    3.8288773760E-02
    1.5999900000E-05    1.1744121125E+00   -9.5733889447E-02    6.7531357695E+00    3.8217579524E-02
    1.6499900000E-05    1.1736302770E+00   -9.6935158991E-02    6.7645678904E+00    3.8145588688E-02
    1.6999900000E-05    1.1728319634E+00   -9.8141100149E-02    6.7760522680E+00    3.8072849873E-02
    1.7499900000E-05    1.1720170126E+00   -9.9351800891E-02    6.7875896432E+00    3.7999412610E-02
    1.7999900000E-05    1.1711852642E+00   -1.0056725326E-01    6.7991807839E+00    3.7925327084E-02
    1.8499900000E-05    1.1703365760E+00   -1.0178722894E-01    6.8108265268E+00    3.7850643697E-02
    1.8999900000E-05    1.1694708479E+00   -1.0301115878E-01    6.8225278177E+00    3.7775411855E-02
    1.9499900000E-05    1.1685879652E+00   -1.0423852915E-01    6.8342855715E+00    3.7699679071E-02
    1.9999900000E-05    1.1676877837E+00   -1.0546895685E-01    6.8461006436E+00    3.7623491058E-02
    2.0499900000E-05    1.1667701264E+00   -1.0670219244E-01    6.8579738273E+00    3.7546892314E-02
    2.0999900000E-05    1.1658347741E+00   -1.0793814712E-01    6.8699058417E+00    3.7469927354E-02
    2.1499900000E-05    1.1648814957E+00   -1.0917670277E-01    6.8818973965E+00    3.7392641875E-02
    2.1999900000E-05    1.1639100580E+00   -1.1041765595E-01    6.8939492108E+00    3.7315082994E-02
    2.2499900000E-05    1.1629202218E+00   -1.1166074812E-01    6.9060620017E+00    3.7237299257E-02
    2.2999900000E-05    1.1619117342E+00   -1.1290571052E-01    6.9182364690E+00    3.7159340705E-02
    2.3499900000E-05    1.1608843315E+00   -1.1415224538E-01    6.9304733019E+00    3.7081259329E-02
    2.3999900000E-05    1.1598377480E+00   -1.1539998589E-01    6.9427731928E+00    3.7003109626E-02
    2.4499900000E-05    1.1587717202E+00   -1.1664848192E-01    6.9551368429E+00    3.6924948960E-02
    2.4999900000E-05    1.1576859778E+00   -1.1789724991E-01    6.9675649450E+00    3.6846837397E-02
    2.5499900000E-05    1.1565802105E+00   -1.1914592981E-01    6.9800581301E+00    3.6768836646E-02
    2.5999900000E-05    1.1554540523E+00   -1.2039433551E-01    6.9926169517E+00    3.6691009545E-02
    2.6499900000E-05    1.1543070802E+00   -1.2164244142E-01    7.0052418923E+00    3.6613420124E-02
    2.6999900000E-05    1.1531388734E+00   -1.2289011047E-01    7.0179334613E+00    3.6536134163E-02
    2.7499900000E-05    1.1519491094E+00   -1.2413671050E-01    7.0306923316E+00    3.6459220549E-02
    2.7999900000E-05    1.1507375240E+00   -1.2538132937E-01    7.0435192643E+00    3.6382751185E-02
    2.8499900000E-05    1.1495038955E+00   -1.2662287056E-01    7.0564150771E+00    3.6306799622E-02
    2.8999900000E-05    1.1482479759E+00   -1.2786034055E-01    7.0693805452E+00    3.6231439299E-02
    2.9499900000E-05    1.1469693411E+00   -1.2909339985E-01    7.0824162084E+00    3.6156741686E-02
    2.9999900000E-05    1.1456675010E+00   -1.3032189004E-01    7.0955225421E+00    3.6082775508E-02
    3.0499900000E-05    1.1443419445E+00   -1.3154565278E-01    7.1087000219E+00    3.6009606725E-02
    3.0999900000E-05    1.1429921631E+00   -1.3276444404E-01    7.1219491552E+00    3.5937298561E-02
    3.1499900000E-05    1.1416177304E+00   -1.3397767202E-01    7.1352705753E+00    3.5865911241E-02
    3.1999900000E-05    1.1402182576E+00   -1.3518458249E-01    7.1486649769E+00    3.5795501181E-02
    3.2499900000E-05    1.1387933407E+00   -1.3638444995E-01    7.1621330485E+00    3.5726120303E-02
    3.2999900000E-05    1.1373425557E+00   -1.3757658948E-01    7.1756754686E+00    3.5657815573E-02
    3.3499900000E-05    1.1358654546E+00   -1.3876036608E-01    7.1892929023E+00    3.5590628800E-02
    3.3999900000E-05    1.1343615767E+00   -1.3993515357E-01    7.2029860148E+00    3.5524596886E-02
    3.4499900000E-05    1.1328304796E+00   -1.4110024003E-01    7.2167555042E+00    3.5459752180E-02
    3.4999900000E-05    1.1312717445E+00   -1.4225482049E-01    7.2306021038E+00    3.5396122636E-02
    3.5499900000E-05    1.1296849750E+00   -1.4339800945E-01    7.2445265777E+00    3.5333731932E-02
    3.5999900000E-05    1.1280697756E+00   -1.4452890803E-01    7.2585296977E+00    3.5272599533E-02
    3.6499900000E-05    1.1264256968E+00   -1.4564675714E-01    7.2726121912E+00    3.5212740562E-02
    3.6999900000E-05    1.1247522547E+00   -1.4675086904E-01    7.2867747637E+00    3.5154165862E-02
    3.7499900000E-05    1.1230489449E+00   -1.4784058287E-01    7.3010181129E+00    3.5096882419E-02
    3.7999900000E-05    1.1213152514E+00   -1.4891523724E-01    7.3153429376E+00    3.5040893866E-02
    3.8499900000E-05    1.1195506594E+00   -1.4997413572E-01    7.3297499490E+00    3.4986201025E-02
    3.8999900000E-05    1.1177547128E+00   -1.5101640561E-01    7.3442399167E+00    3.4932802460E-02
    3.9499900000E-05    1.1159270124E+00   -1.5204101807E-01    7.3588136624E+00    3.4880694950E-02
    3.9999900000E-05    1.1140671677E+00   -1.5304691693E-01    7.3734720155E+00    3.4829873731E-02
    4.0499900000E-05    1.1121747894E+00   -1.5403303835E-01    7.3882158074E+00    3.4780332641E-02
    4.0999900000E-05    1.1102494830E+00   -1.5499832351E-01    7.4030458663E+00    3.4732064236E-02
    4.1499900000E-05    1.1082908449E+00   -1.5594172799E-01    7.4179630149E+00    3.4685059907E-02
    4.1999900000E-05    1.1062984538E+00   -1.5686223646E-01    7.4329680646E+00    3.4639309977E-02
    4.2499900000E-05    1.1042718712E+00   -1.5775885828E-01    7.4480618179E+00    3.4594803871E-02
    4.2999900000E-05    1.1022106626E+00   -1.5863057754E-01    7.4632450844E+00    3.4551530270E-02
    4.3499900000E-05    1.1001144020E+00   -1.5947634615E-01    7.4785186833E+00    3.4509477241E-02
    4.3999900000E-05    1.0979826711E+00   -1.6029508521E-01    7.4938834424E+00    3.4468632336E-02
    4.4499900000E-05    1.0958150594E+00   -1.6108568740E-01    7.5093401973E+00    3.4428982699E-02
    4.4999900000E-05    1.0936111626E+00   -1.6184702017E-01    7.5248897903E+00    3.4390515165E-02
    4.5499900000E-05    1.0913705810E+00   -1.6257792970E-01    7.5405330681E+00    3.4353216371E-02
    4.5999900000E-05    1.0890929077E+00   -1.6327726364E-01    7.5562708744E+00    3.4317072883E-02
    4.6499900000E-05    1.0867777187E+00   -1.6394388658E-01    7.5721040437E+00    3.4282071324E-02
    4.6999900000E-05    1.0844245844E+00   -1.6457665572E-01    7.5880334094E+00    3.4248198552E-02
    4.7499900000E-05    1.0820330740E+00   -1.6517441218E-01    7.6040598053E+00    3.4215441871E-02
    4.7999900000E-05    1.0796027588E+00   -1.6573597424E-01    7.6201840678E+00    3.4183789241E-02
    4.8499900000E-05    1.0771332157E+00   -1.6626013157E-01    7.6364070357E+00    3.4153229475E-02
    4.8999900000E-05    1.0746240307E+00   -1.6674564054E-01    7.6527295518E+00    3.4123752413E-02
    4.9499900000E-05    1.0720748014E+00   -1.6719122096E-01    7.6691524617E+00    3.4095349062E-02
    4.9999900000E-05    1.0694851397E+00   -1.6759555421E-01    7.6856766137E+00    3.4068011688E-02
    5.0499900000E-05    1.0668546734E+00   -1.6795728275E-01    7.7023028568E+00    3.4041733859E-02
    5.0999900000E-05    1.0641830506E+00   -1.6827500625E-01    7.7190320410E+00    3.4016510428E-02
    5.1499900000E-05    1.0614699446E+00   -1.6854727767E-01    7.7358650158E+00    3.3992337451E-02
    5.1999900000E-05    1.0587150400E+00   -1.6877262777E-01    7.7528026210E+00    3.3969212059E-02
    5.2499900000E-05    1.0559180303E+00   -1.6894957065E-01    7.7698456817E+00    3.3947132269E-02
    5.2999900000E-05    1.0530786195E+00   -1.6907660351E-01    7.7869950065E+00    3.3926096762E-02
    5.3499900000E-05    1.0501965241E+00   -1.6915220568E-01    7.8042513856E+00    3.3906104621E-02
    5.3999900000E-05    1.0472714768E+00   -1.6917483696E-01    7.8216155883E+00    3.3887155040E-02
    5.4499900000E-05    1.0443032298E+00   -1.6914293578E-01    7.8390883612E+00    3.3869247017E-02
    5.4999900000E-05    1.0412915596E+00   -1.6905491721E-01    7.8566704266E+00    3.3852379044E-02
    5.5499900000E-05    1.0382362717E+00   -1.6890917104E-01    7.8743624797E+00    3.3836548797E-02
    5.5999900000E-05    1.0351372061E+00   -1.6870406019E-01    7.8921651874E+00    3.3821752857E-02
    5.6499900000E-05    1.0319942428E+00   -1.6843791943E-01    7.9100791860E+00    3.3807986457E-02
    5.6999900000E-05    1.0288073073E+00   -1.6810905461E-01    7.9281050791E+00    3.3795243270E-02
    5.7499900000E-05    1.0255763769E+00   -1.6771574238E-01    7.9462434363E+00    3.3783515250E-02
    5.7999900000E-05    1.0223014863E+00   -1.6725623038E-01    7.9644947912E+00    3.3772792522E-02
    5.8499900000E-05    1.0189827341E+00   -1.6672873797E-01    7.9828596400E+00    3.3763063335E-02
    5.8999900000E-05    1.0156202880E+00   -1.6613145738E-01    8.0013384412E+00    3.3754314061E-02
    5.9499900000E-05    1.0122143916E+00   -1.6546255545E-01    8.0199316142E+00    3.3746529248E-02
    5.9999900000E-05    1.0087653703E+00   -1.6472017560E-01    8.0386395396E+00    3.3739691712E-02
    6.0499900000E-05    1.0052736366E+00   -1.6390244040E-01    8.0574625595E+00    3.3733782665E-02
    6.0999900000E-05    1.0017396969E+00   -1.6300745446E-01    8.0764009782E+00    3.3728781863E-02
    6.1499900000E-05    9.9816415658E-01   -1.6203330774E-01    8.0954550639E+00    3.3724667768E-02
    6.1999900000E-05    9.9454772583E-01   -1.6097807926E-01    8.1146250499E+00    3.3721417718E-02
    6.2499900000E-05    9.9089122509E-01   -1.5983984130E-01    8.1339111374E+00    3.3719008078E-02
    6.2999900000E-05    9.8719559013E-01   -1.5861666392E-01    8.1533134977E+00    3.3717414397E-02
    6.3499900000E-05    9.8346187680E-01   -1.5730661997E-01    8.1728322749E+00    3.3716611532E-02
    6.3999900000E-05    9.7969126554E-01   -1.5590779049E-01    8.1924675892E+00    3.3716573763E-02
    6.4499900000E-05    9.7588506540E-01   -1.5441827052E-01    8.2122195398E+00    3.3717274883E-02
    6.4999900000E-05    9.7204471743E-01   -1.5283617538E-01    8.2320882075E+00    3.3718688274E-02
    6.5499900000E-05    9.6817179768E-01   -1.5115964732E-01    8.2520736580E+00    3.3720786962E-02
    6.5999900000E-05    9.6426801954E-01   -1.4938686243E-01    8.2721759438E+00    3.3723543668E-02
    6.6499900000E-05    9.6033523543E-01   -1.4751603800E-01    8.2923951066E+00    3.3726930844E-02
    6.6999900000E-05    9.5637543773E-01   -1.4554544017E-01    8.3127311788E+00    3.3730920718E-02
    6.7499900000E-05    9.5239075896E-01   -1.4347339176E-01    8.3331841844E+00    3.3735485329E-02
    6.7999900000E-05    9.4838347116E-01   -1.4129828046E-01    8.3537541390E+00    3.3740596572E-02
    6.8499900000E-05    9.4435598435E-01   -1.3901856705E-01    8.3744410498E+00    3.3746226255E-02
    6.8999900000E-05    9.4031084416E-01   -1.3663279383E-01    8.3952449143E+00    3.3752346146E-02
    6.9499900000E-05    9.3625072855E-01   -1.3413959298E-01    8.4161657181E+00    3.3758928046E-02
    6.9999900000E-05    9.3217844368E-01   -1.3153769490E-01    8.4372034329E+00    3.3765943846E-02
    7.0499900000E-05    9.2809691888E-01   -1.2882593642E-01    8.4583580128E+00    3.3773365602E-02
    7.0999899999E-05    9.2400920089E-01   -1.2600326870E-01    8.4796293911E+00    3.3781165593E-02
    7.1499899999E-05    9.1991844733E-01   -1.2306876480E-01    8.5010174757E+00    3.3789316385E-02
    7.1999899999E-05    9.1582791951E-01   -1.2002162677E-01    8.5225221453E+00    3.3797790881E-02
    7.2499899999E-05    9.1174097483E-01   -1.1686119216E-01    8.5441432446E+00    3.3806562367E-02
    7.2999899999E-05    9.0766105859E-01   -1.1358693989E-01    8.5658805798E+00    3.3815604541E-02
    7.3499899999E-05    9.0359169562E-01   -1.1019849538E-01    8.5877339149E+00    3.3824891548E-02
    7.3999899999E-05    8.9953648158E-01   -1.0669563484E-01    8.6097029674E+00    3.3834397998E-02
    7.4499899999E-05    8.9549907426E-01   -1.0307828875E-01    8.6317874052E+00    3.3844098992E-02
    7.4999899999E-05    8.9148318474E-01   -9.9346544396E-02    8.6539868437E+00    3.3853970152E-02
    7.5499899999E-05    8.8749256870E-01   -9.5500647569E-02    8.6763008440E+00    3.3863987656E-02
    7.5999899999E-05    8.8353101773E-01   -9.1541003327E-02    8.6987289114E+00    3.3874128296E-02
    7.6499899999E-05    8.7960235088E-01   -8.7468175896E-02    8.7212704950E+00    3.3884369550E-02
    7.6999899999E-05    8.7571040642E-01   -8.3282887750E-02    8.7439249877E+00    3.3894689679E-02
    7.7499899999E-05    8.7185903378E-01   -7.8986017902E-02    8.7666917273E+00    3.3905067842E-02
    7.7999899999E-05    8.6805208585E-01   -7.4578599484E-02    8.7895699977E+00    3.3915484236E-02
    7.8499899999E-05    8.6429341160E-01   -7.0061816689E-02    8.8125590307E+00    3.3925920246E-02
    7.8999899999E-05    8.6058684910E-01   -6.5437001164E-02    8.8356580081E+00    3.3936358607E-02
    7.9499899999E-05    8.5693621901E-01   -6.0705627939E-02    8.8588660638E+00    3.3946783563E-02
    7.9999899999E-05    8.5334531849E-01   -5.5869311000E-02    8.8821822855E+00    3.3957181012E-02
    8.0499899999E-05    8.4981791577E-01   -5.0929798614E-02    8.9056057162E+00    3.3967538634E-02
    8.0999899999E-05    8.4635774523E-01   -4.5888968504E-02    8.9291353556E+00    3.3977845981E-02
    8.1499899999E-05    8.4296850315E-01   -4.0748822989E-02    8.9527701594E+00    3.3988094526E-02
    8.1999899999E-05    8.3965384400E-01   -3.5511484199E-02    8.9765090392E+00    3.3998277671E-02
    8.2499899999E-05    8.3641737737E-01   -3.0179189448E-02    9.0003508602E+00    3.4008390693E-02
    8.2999899999E-05    8.3326266538E-01   -2.4754286867E-02    9.0242944382E+00    3.4018430646E-02
    8.3499899999E-05    8.3019322058E-01   -1.9239231360E-02    9.0483385349E+00    3.4028396221E-02
    8.3999899999E-05    8.2721250414E-01   -1.3636580935E-02    9.0724818529E+00    3.4038287555E-02
    8.4499899999E-05    8.2432392418E-01   -7.9489934516E-03    9.0967230284E+00    3.4048106023E-02
    8.4999899999E-05    8.2153083392E-01   -2.1792238523E-03    9.1210606239E+00    3.4057854009E-02
    8.5499899999E-05    8.1883653103E-01    3.6698785019E-03    9.1454931193E+00    3.4067534678E-02
    8.5999899998E-05    8.1624425714E-01    9.5953721127E-03    9.1700189031E+00    3.4077151760E-02
    8.6499899998E-05    8.1375719592E-01    1.5594225062E-02    9.1946362626E+00    3.4086709356E-02
    8.6999899998E-05    8.1137847055E-01    2.1663316431E-02    9.2193433749E+00    3.4096211789E-02
    8.7499899998E-05    8.0911114025E-01    2.7799437525E-02    9.2441382969E+00    3.4105663487E-02
    8.7999899998E-05    8.0695819607E-01    3.3999293009E-02    9.2690189574E+00    3.4115068923E-02
    8.8499899998E-05    8.0492255576E-01    4.0259502075E-02    9.2939831494E+00    3.4124432600E-02
    8.8999899998E-05    8.0300705782E-01    4.6576599735E-02    9.3190285237E+00    3.4133759077E-02
    8.9499899998E-05    8.0121445483E-01    5.2947038350E-02    9.3441525845E+00    3.4143053036E-02
    8.9999899998E-05    7.9954740612E-01    5.9367189482E-02    9.3693526869E+00    3.4152319368E-02
    9.0499899998E-05    7.9800846995E-01    6.5833346122E-02    9.3946260362E+00    3.4161563282E-02
    9.0999899998E-05    7.9660009538E-01    7.2341725375E-02    9.4199696894E+00    3.4170790411E-02
    9.1499899998E-05    7.9532461395E-01    7.8888471605E-02    9.4453805584E+00    3.4180006918E-02
    9.1999899998E-05    7.9418423150E-01    8.5469660074E-02    9.4708554166E+00    3.4189219581E-02
    9.2499899998E-05    7.9318102012E-01    9.2081301050E-02    9.4963909053E+00    3.4198435852E-02
    9.2999899998E-05    7.9231691067E-01    9.8719344373E-02    9.5219835436E+00    3.4207663901E-02
    9.3499899998E-05    7.9159368580E-01    1.0537968442E-01    9.5476297386E+00    3.4216912619E-02
    9.3999899998E-05    7.9101297386E-01    1.1205816541E-01    9.5733257968E+00    3.4226191609E-02
    9.4499899998E-05    7.9057624367E-01    1.1875058698E-01    9.5990679358E+00    3.4235511135E-02
    9.4999899998E-05    7.9028480032E-01    1.2545270998E-01    9.6248522969E+00    3.4244882070E-02
    9.5499899998E-05    7.9013978213E-01    1.3216026227E-01    9.6506749566E+00    3.4254315813E-02
    9.5999899998E-05    7.9014215865E-01    1.3886894459E-01    9.6765319377E+00    3.4263824192E-02
    9.6499899998E-05    7.9029272994E-01    1.4557443630E-01    9.7024192201E+00    3.4273419360E-02
    9.6999899998E-05    7.9059212677E-01    1.5227240088E-01    9.7283327495E+00    3.4283113657E-02
    9.7499899998E-05    7.9104081193E-01    1.5895849117E-01    9.7542684455E+00    3.4292919470E-02
    9.7999899998E-05    7.9163908242E-01    1.6562835426E-01    9.7802222075E+00    3.4302849046E-02
    9.8499899998E-05    7.9238707225E-01    1.7227763588E-01    9.8061899196E+00    3.4312914281E-02
    9.8999899998E-05    7.9328475593E-01    1.7890198441E-01    9.8321674542E+00    3.4323126470E-02
    9.9499899998E-05    7.9433195216E-01    1.8549705439E-01    9.8581506738E+00    3.4333496007E-02
    9.9999899998E-05    7.9552832776E-01    1.9205850953E-01    9.8841354322E+00    3.4344032041E-02
    1.0049990000E-04    7.9687340141E-01    1.9858202537E-01    9.9101175747E+00    3.4354742088E-02
    1.0099990000E-04    7.9836654722E-01    2.0506329158E-01    9.9360929380E+00    3.4365631605E-02
    1.0149990000E-04    8.0000699811E-01    2.1149801394E-01    9.9620573501E+00    3.4376703537E-02
    1.0199990000E-04    8.0179384936E-01    2.1788191609E-01    9.9880066296E+00    3.4387957853E-02
    1.0249990000E-04    8.0372605753E-01    2.2421074185E-01    1.0013936587E+01    3.4399391094E-02
    1.0299990000E-04    8.0580244016E-01    2.3048025762E-01    1.0039843027E+01    3.4410995952E-02
    1.0349990000E-04    8.0802167621E-01    2.3668625484E-01    1.0065721748E+01    3.4422760904E-02
    1.0399990000E-04    8.1038230636E-01    2.4282455284E-01    1.0091568552E+01    3.4434669931E-02
    1.0449990000E-04    8.1288273330E-01    2.4889100199E-01    1.0117379242E+01    3.4446702337E-02
    1.0499990000E-04    8.1552122216E-01    2.5488148728E-01    1.0143149635E+01    3.4458832702E-02
    1.0549990000E-04    8.1829590114E-01    2.6079193234E-01    1.0168875568E+01    3.4471030956E-02
    1.0599990000E-04    8.2120476255E-01    2.6661830385E-01    1.0194552905E+01    3.4483262621E-02
    1.0649990000E-04    8.2424566416E-01    2.7235661643E-01    1.0220177548E+01    3.4495489176E-02
    1.0699990000E-04    8.2741633104E-01    2.7800293781E-01    1.0245745449E+01    3.4507668577E-02
    1.0749990000E-04    8.3071435786E-01    2.8355339437E-01    1.0271252619E+01    3.4519755893E-02
    1.0799990000E-04    8.3413721155E-01    2.8900417694E-01    1.0296695141E+01    3.4531704038E-02
    1.0849990000E-04    8.3768223447E-01    2.9435154668E-01    1.0322069181E+01    3.4543464582E-02
    1.0899990000E-04    8.4134664785E-01    2.9959184109E-01    1.0347370995E+01    3.4554988595E-02
    1.0949990000E-04    8.4512755570E-01    3.0472147994E-01    1.0372596946E+01    3.4566227490E-02
    1.0999990000E-04    8.4902194900E-01    3.0973697106E-01    1.0397743507E+01    3.4577133837E-02
    1.1049990000E-04    8.5302671022E-01    3.1463491578E-01    1.0422807271E+01    3.4587662103E-02
    1.1099990000E-04    8.5713861825E-01    3.1941201398E-01    1.0447784959E+01    3.4597769290E-02
    1.1149990000E-04    8.6135435369E-01    3.2406506867E-01    1.0472673422E+01    3.4607415447E-02
    1.1199990000E-04    8.6567050445E-01    3.2859098974E-01    1.0497469648E+01    3.4616564029E-02
    1.1249990000E-04    8.7008357188E-01    3.3298679715E-01    1.0522170760E+01    3.4625182097E-02
    1.1299990000E-04    8.7458997705E-01    3.3724962312E-01    1.0546774020E+01    3.4633240347E-02
    1.1349990000E-04    8.7918606752E-01    3.4137671358E-01    1.0571276825E+01    3.4640712982E-02
    1.1399990000E-04    8.8386812423E-01    3.4536542869E-01    1.0595676705E+01    3.4647577428E-02
    1.1449990000E-04    8.8863236849E-01    3.4921324259E-01    1.0619971321E+01    3.4653813910E-02
    1.1499990000E-04    8.9347496895E-01    3.5291774237E-01    1.0644158457E+01    3.4659404928E-02
    1.1549990000E-04    8.9839204842E-01    3.5647662651E-01    1.0668236016E+01    3.4664334637E-02
    1.1599990000E-04    9.0337969030E-01    3.5988770288E-01    1.0692202013E+01    3.4668588186E-02
    1.1649990000E-04    9.0843394459E-01    3.6314888650E-01    1.0716054568E+01    3.4672151026E-02
    1.1699990000E-04    9.1355083326E-01    3.6625819730E-01    1.0739791901E+01    3.4675008230E-02
    1.1749990000E-04    9.1872635499E-01    3.6921375811E-01    1.0763412323E+01    3.4677143852E-02
    1.1799990000E-04    9.2395648915E-01    3.7201379303E-01    1.0786914229E+01    3.4678540350E-02
    1.1849990000E-04    9.2923719909E-01    3.7465662645E-01    1.0810296096E+01    3.4679178091E-02
    1.1899990000E-04    9.3456443480E-01    3.7714068280E-01    1.0833556471E+01    3.4679034957E-02
    1.1949990000E-04    9.3993413485E-01    3.7946448723E-01    1.0856693973E+01    3.4678086066E-02
    1.1999990000E-04    9.4534222810E-01    3.8162666723E-01    1.0879707283E+01    3.4676303610E-02
    1.2049990000E-04    9.5078463491E-01    3.8362595525E-01    1.0902595143E+01    3.4673656805E-02
    1.2099990000E-04    9.5625726847E-01    3.8546119229E-01    1.0925356353E+01    3.4670111964E-02
    1.2149990000E-04    9.6175603605E-01    3.8713133231E-01    1.0947989768E+01    3.4665632673E-02
    1.2199990000E-04    9.6727684073E-01    3.8863544743E-01    1.0970494295E+01    3.4660180061E-02
    1.2249990000E-04    9.7281558353E-01    3.8997273369E-01    1.0992868894E+01    3.4653713162E-02
    1.2299990000E-04    9.7836816622E-01    3.9114251721E-01    1.1015112575E+01    3.4646189337E-02
    1.2349990000E-04    9.8393049490E-01    3.9214426044E-01    1.1037224395E+01    3.4637564759E-02
    1.2399990000E-04    9.8949848448E-01    3.9297756845E-01    1.1059203462E+01    3.4627794943E-02
    1.2449990000E-04    9.9506806391E-01    3.9364219496E-01    1.1081048928E+01    3.4616835301E-02
    1.2499990000E-04    1.0006351823E+00    3.9413804791E-01    1.1102759993E+01    3.4604641717E-02
    1.2549990000E-04    1.0061958157E+00    3.9446519454E-01    1.1124335904E+01    3.4591171135E-02
    1.2599990000E-04    1.0117459747E+00    3.9462386581E-01    1.1145775951E+01    3.4576382134E-02
    1.2649990000E-04    1.0172817117E+00    3.9461446024E-01    1.1167079468E+01    3.4560235509E-02
    1.2699990000E-04    1.0227991294E+00    3.9443754690E-01    1.1188245835E+01    3.4542694813E-02
    1.2749990000E-04    1.0282943885E+00    3.9409386799E-01    1.1209274476E+01    3.4523726883E-02
    1.2799990000E-04    1.0337637157E+00    3.9358434060E-01    1.1230164860E+01    3.4503302319E-02
    1.2849990000E-04    1.0392034108E+00    3.9291005802E-01    1.1250916499E+01    3.4481395920E-02
    1.2899990000E-04    1.0446098544E+00    3.9207229044E-01    1.1271528954E+01    3.4457987051E-02
    1.2949990000E-04    1.0499795141E+00    3.9107248501E-01    1.1292001835E+01    3.4433059943E-02
    1.2999990000E-04    1.0553089515E+00    3.8991226522E-01    1.1312334802E+01    3.4406603910E-02
    1.3049990000E-04    1.0605948272E+00    3.8859342935E-01    1.1332527567E+01    3.4378613468E-02
    1.3099990000E-04    1.0658339071E+00    3.8711794884E-01    1.1352579899E+01    3.4349088360E-02
    1.3149990000E-04    1.0710230594E+00    3.8548797534E-01    1.1372491631E+01    3.4318033477E-02
    1.3199990000E-04    1.0761592728E+00    3.8370581944E-01    1.1392262653E+01    3.4285458674E-02
    1.3249990000E-04    1.0812396753E+00    3.8177392222E-01    1.1411892912E+01    3.4251378477E-02
    1.3299990000E-04    1.0862615407E+00    3.7969483923E-01    1.1431382411E+01    3.4215811669E-02
    1.3349990000E-04    1.0912222944E+00    3.7747122556E-01    1.1450731208E+01    3.4178780797E-02
    1.3399990000E-04    1.0961195144E+00    3.7510582254E-01    1.1469939416E+01    3.4140311594E-02
    1.3449990000E-04    1.1009509317E+00    3.7260144652E-01    1.1489007204E+01    3.4100432363E-02
    1.3499990000E-04    1.1057144276E+00    3.6996098011E-01    1.1507934798E+01    3.4059173321E-02
    1.3549990000E-04    1.1104080273E+00    3.6718737058E-01    1.1526722480E+01    3.4016565966E-02
    1.3599990000E-04    1.1150298596E+00    3.6428369335E-01    1.1545370614E+01    3.3972642479E-02
    1.3649990000E-04    1.1195781556E+00    3.6125315284E-01    1.1563879645E+01    3.3927435221E-02
    1.3699990000E-04    1.1240512763E+00    3.5809902384E-01    1.1582250080E+01    3.3880976284E-02
    1.3749990000E-04    1.1284477208E+00    3.5482462420E-01    1.1600482480E+01    3.3833297117E-02
    1.3799990000E-04    1.1327661325E+00    3.5143328694E-01    1.1618577452E+01    3.3784428241E-02
    1.3849990000E-04    1.1370053036E+00    3.4792833220E-01    1.1636535636E+01    3.3734399045E-02
    1.3899990000E-04    1.1411641807E+00    3.4431303243E-01    1.1654357697E+01    3.3683237682E-02
    1.3949990000E-04    1.1452418937E+00    3.4059051943E-01    1.1672044287E+01    3.3630971034E-02
    1.3999990000E-04    1.1492377163E+00    3.3676384085E-01    1.1689596062E+01    3.3577624781E-02
    1.4049990000E-04    1.1531510300E+00    3.3283602788E-01    1.1707013705E+01    3.3523223606E-02
    1.4099990000E-04    1.1569813150E+00    3.2881010397E-01    1.1724297918E+01    3.3467791468E-02
    1.4149990000E-04    1.1607281441E+00    3.2468909140E-01    1.1741449427E+01    3.3411351948E-02
    1.4199990000E-04    1.1643911774E+00    3.2047601685E-01    1.1758468978E+01    3.3353928609E-02
    1.4249990000E-04    1.1679701625E+00    3.1617390539E-01    1.1775357338E+01    3.3295545363E-02
    1.4299990000E-04    1.1714649468E+00    3.1178573332E-01    1.1792115273E+01    3.3236226799E-02
    1.4349990000E-04    1.1748754797E+00    3.0731440813E-01    1.1808743545E+01    3.3175998478E-02
    1.4399990000E-04    1.1782018071E+00    3.0276276585E-01    1.1825242905E+01    3.3114887216E-02
    1.4449990000E-04    1.1814440668E+00    2.9813357109E-01    1.1841614100E+01    3.3052921315E-02
    1.4499990000E-04    1.1846024690E+00    2.9342956566E-01    1.1857857882E+01    3.2990130777E-02
    1.4549990000E-04    1.1876772741E+00    2.8865354280E-01    1.1873975034E+01    3.2926547526E-02
    1.4599990000E-04    1.1906688053E+00    2.8380830325E-01    1.1889966360E+01    3.2862205569E-02
    1.4649990000E-04    1.1935774520E+00    2.7889664186E-01    1.1905832679E+01    3.2797141077E-02
    1.4699990000E-04    1.1964036698E+00    2.7392133802E-01    1.1921574826E+01    3.2731392429E-02
    1.4749990000E-04    1.1991480090E+00    2.6888503094E-01    1.1937193612E+01    3.2665000195E-02
    1.4799990000E-04    1.2018111417E+00    2.6379006694E-01    1.1952689774E+01    3.2598007025E-02
    1.4849990000E-04    1.2043938041E+00    2.5863869761E-01    1.1968064042E+01    3.2530457631E-02
    1.4899990000E-04    1.2068967820E+00    2.5343312720E-01    1.1983317157E+01    3.2462398877E-02
    1.4949990000E-04    1.2093209036E+00    2.4817553666E-01    1.1998449883E+01    3.2393879908E-02
    1.4999990000E-04    1.2116670014E+00    2.4286826395E-01    1.2013463067E+01    3.2324952307E-02
    1.5049990000E-04    1.2139359120E+00    2.3751383843E-01    1.2028357661E+01    3.2255670278E-02
    1.5099990000E-04    1.2161285217E+00    2.3211475760E-01    1.2043134647E+01    3.2186090720E-02
    1.5149990000E-04    1.2182457691E+00    2.2667345860E-01    1.2057795036E+01    3.2116273282E-02
    1.5199990000E-04    1.2202886449E+00    2.2119229476E-01    1.2072339859E+01    3.2046280419E-02
    1.5249990000E-04    1.2222581999E+00    2.1567345355E-01    1.2086770143E+01    3.1976177496E-02
    1.5299990000E-04    1.2241555243E+00    2.1011904370E-01    1.2101086951E+01    3.1906032973E-02
    1.5349990000E-04    1.2259817340E+00    2.0453115961E-01    1.2115291402E+01    3.1835918642E-02
    1.5399990000E-04    1.2277379681E+00    1.9891188021E-01    1.2129384682E+01    3.1765909873E-02
    1.5449990000E-04    1.2294253873E+00    1.9326326546E-01    1.2143368047E+01    3.1696085817E-02
    1.5499990000E-04    1.2310451745E+00    1.8758733116E-01    1.2157242823E+01    3.1626529467E-02
    1.5549990000E-04    1.2325985351E+00    1.8188601939E-01    1.2171010400E+01    3.1557327662E-02
    1.5599990000E-04    1.2340866924E+00    1.7616119781E-01    1.2184672240E+01    3.1488571177E-02
    1.5649990000E-04    1.2355108834E+00    1.7041466235E-01    1.2198229884E+01    3.1420354829E-02
    1.5699990000E-04    1.2368723511E+00    1.6464816873E-01    1.2211684969E+01    3.1352777643E-02
    1.5749990000E-04    1.2381723383E+00    1.5886346266E-01    1.2225039248E+01    3.1285943136E-02
    1.5799990000E-04    1.2394120874E+00    1.5306225803E-01    1.2238294589E+01    3.1219959304E-02
    1.5849990000E-04    1.2405928378E+00    1.4724622930E-01    1.2251452978E+01    3.1154938398E-02
    1.5899990000E-04    1.2417158233E+00    1.4141700132E-01    1.2264516528E+01    3.1090996594E-02
    1.5949990000E-04    1.2427822740E+00    1.3557608626E-01    1.2277487460E+01    3.1028253549E-02
    1.5999990000E-04    1.2437934123E+00    1.2972486973E-01    1.2290368107E+01    3.0966831894E-02
    1.6049990000E-04    1.2447504444E+00    1.2386465279E-01    1.2303160929E+01    3.0906856827E-02
    1.6099990000E-04    1.2456545562E+00    1.1799665440E-01    1.2315868522E+01    3.0848455706E-02
    1.6149990000E-04    1.2465069093E+00    1.1212201270E-01    1.2328493620E+01    3.0791757559E-02
    1.6199990000E-04    1.2473086365E+00    1.0624180264E-01    1.2341039107E+01    3.0736892515E-02
    1.6249990000E-04    1.2480608368E+00    1.0035705467E-01    1.2353508024E+01    3.0683991160E-02
    1.6299990000E-04    1.2487645753E+00    9.4468712180E-02    1.2365903556E+01    3.0633183775E-02
    1.6349990000E-04    1.2494208802E+00    8.8577623056E-02    1.2378229029E+01    3.0584599518E-02
    1.6399990000E-04    1.2500307387E+00    8.2684539107E-02    1.2390487909E+01    3.0538365560E-02
    1.6449990000E-04    1.2505950938E+00    7.6790116725E-02    1.2402683802E+01    3.0494606221E-02
    1.6499990000E-04    1.2511148409E+00    7.0894917794E-02    1.2414820444E+01    3.0453442089E-02
    1.6549990000E-04    1.2515908249E+00    6.4999401434E-02    1.2426901702E+01    3.0414989146E-02
    1.6599990000E-04    1.2520238366E+00    5.9103938864E-02    1.2438931566E+01    3.0379357918E-02
    1.6649990000E-04    1.2524146091E+00    5.3208830577E-02    1.2450914150E+01    3.0346652641E-02
    1.6699990000E-04    1.2527638162E+00    4.7314308665E-02    1.2462853686E+01    3.0316970450E-02
    1.6749990000E-04    1.2530720692E+00    4.1420539227E-02    1.2474754512E+01    3.0290400607E-02
    1.6799990000E-04    1.2533399156E+00    3.5527625517E-02    1.2486621065E+01    3.0267023780E-02
    1.6849990000E-04    1.2535678369E+00    2.9635611998E-02    1.2498457868E+01    3.0246911375E-02
    1.6899990000E-04    1.2537562469E+00    2.3744489445E-02    1.2510269518E+01    3.0230124950E-02
    1.6949990000E-04    1.2539054902E+00    1.7854201134E-02    1.2522060679E+01    3.0216715696E-02
    1.6999990000E-04    1.2540158410E+00    1.1964650091E-02    1.2533836063E+01    3.0206724009E-02
    1.7049990000E-04    1.2540875019E+00    6.0757073314E-03    1.2545600425E+01    3.0200179150E-02
    1.7099990000E-04    1.2541206034E+00    1.8722092246E-04    1.2557358546E+01    3.0197099003E-02
    1.7149990000E-04    1.2541152031E+00   -5.7009743253E-03    1.2569115221E+01    3.0197489924E-02
    1.7199990000E-04    1.2540712856E+00   -1.1589046779E-02    1.2580875247E+01    3.0201346689E-02
    1.7249990000E-04    1.2539887626E+00   -1.7477157789E-02    1.2592643412E+01    3.0208652547E-02
    1.7299990000E-04    1.2538674732E+00   -2.3365451649E-02    1.2604424481E+01    3.0219379359E-02
    1.7349990000E-04    1.2537071848E+00   -2.9254046002E-02    1.2616223183E+01    3.0233487841E-02
    1.7399990000E-04    1.2535075936E+00   -3.5143022927E-02    1.2628044201E+01    3.0250927896E-02
    1.7449990000E-04    1.2532683260E+00   -4.1032420930E-02    1.2639892159E+01    3.0271639038E-02
    1.7499990000E-04    1.2529889400E+00   -4.6922228007E-02    1.2651771610E+01    3.0295550897E-02
    1.7549990000E-04    1.2526689268E+00   -5.2812375875E-02    1.2663687025E+01    3.0322583799E-02
    1.7599990000E-04    1.2523077126E+00   -5.8702735389E-02    1.2675642783E+01    3.0352649424E-02
    1.7649990000E-04    1.2519046607E+00   -6.4593113103E-02    1.2687643159E+01    3.0385651512E-02
    1.7699990000E-04    1.2514590731E+00   -7.0483248834E-02    1.2699692316E+01    3.0421486625E-02
    1.7749990000E-04    1.2509701937E+00   -7.6372814018E-02    1.2711794298E+01    3.0460044944E-02
    1.7799990000E-04    1.2504372098E+00   -8.2261409577E-02    1.2723953016E+01    3.0501211096E-02
    1.7849990000E-04    1.2498592561E+00   -8.8148546972E-02    1.2736172258E+01    3.0544864985E-02
    1.7899990000E-04    1.2492354180E+00   -9.4033638618E-02    1.2748455680E+01    3.0590882646E-02
    1.7949990000E-04    1.2485647345E+00   -9.9916003516E-02    1.2760806801E+01    3.0639137103E-02
    1.7999990000E-04    1.2478462020E+00   -1.0579486566E-01    1.2773229004E+01    3.0689499227E-02
    1.8049990000E-04    1.2470787773E+00   -1.1166935332E-01    1.2785725530E+01    3.0741838569E-02
    1.8099990000E-04    1.2462613819E+00   -1.1753849953E-01    1.2798299480E+01    3.0796024181E-02
    1.8149990000E-04    1.2453929045E+00   -1.2340125312E-01    1.2810953811E+01    3.0851925389E-02
    1.8199990000E-04    1.2444722013E+00   -1.2925652454E-01    1.2823691322E+01    3.0909412475E-02
    1.8249990000E-04    1.2434981003E+00   -1.3510316542E-01    1.2836514666E+01    3.0968357261E-02
    1.8299990000E-04    1.2424694060E+00   -1.4093995426E-01    1.2849426354E+01    3.1028633609E-02
    1.8349990000E-04    1.2413849033E+00   -1.4676559544E-01    1.2862428764E+01    3.1090117858E-02
    1.8399990000E-04    1.2402433611E+00   -1.5257871648E-01    1.2875524145E+01    3.1152689188E-02
    1.8449990000E-04    1.2390435422E+00   -1.5837781524E-01    1.2888714644E+01    3.1216229978E-02
    1.8499990000E-04    1.2377842087E+00   -1.6416126040E-01    1.2902002303E+01    3.1280626300E-02
    1.8549990000E-04    1.2364641190E+00   -1.6992736374E-01    1.2915389050E+01    3.1345768314E-02
    1.8599990000E-04    1.2350820311E+00   -1.7567439213E-01    1.2928876698E+01    3.1411550542E-02
    1.8649990000E-04    1.2336367041E+00   -1.8140057673E-01    1.2942466950E+01    3.1477872040E-02
    1.8699990000E-04    1.2321268969E+00   -1.8710415342E-01    1.2956161392E+01    3.1544636398E-02
    1.8749990000E-04    1.2305513713E+00   -1.9278335074E-01    1.2969961506E+01    3.1611751424E-02
    1.8799990000E-04    1.2289089024E+00   -1.9843633263E-01    1.2983868696E+01    3.1679128939E-02
    1.8849990000E-04    1.2271982836E+00   -2.0406119160E-01    1.2997884299E+01    3.1746684662E-02
    1.8899990000E-04    1.2254183315E+00   -2.0965594460E-01    1.3012009589E+01    3.1814338113E-02
    1.8949990000E-04    1.2235678885E+00   -2.1521854213E-01    1.3026245782E+01    3.1882012565E-02
    1.8999990000E-04    1.2216458214E+00   -2.2074690571E-01    1.3040594033E+01    3.1949635014E-02
    1.9049990000E-04    1.2196510209E+00   -2.2623894222E-01    1.3055055430E+01    3.2017135995E-02
    1.9099990000E-04    1.2175824040E+00   -2.3169254596E-01    1.3069631007E+01    3.2084449360E-02
    1.9149990000E-04    1.2154389187E+00   -2.3710558352E-01    1.3084321747E+01    3.2151512049E-02
    1.9199990000E-04    1.2132195684E+00   -2.4247578268E-01    1.3099128633E+01    3.2218263908E-02
    1.9249990000E-04    1.2109234131E+00   -2.4780075723E-01    1.3114052637E+01    3.2284647572E-02
    1.9299990000E-04    1.2085495655E+00   -2.5307805677E-01    1.3129094707E+01    3.2350608412E-02
    1.9349990000E-04    1.2060971920E+00   -2.5830517972E-01    1.3144255771E+01    3.2416094487E-02
    1.9399990000E-04    1.2035655031E+00   -2.6347963306E-01    1.3159536714E+01    3.2481056508E-02
    1.9449990000E-04    1.2009537044E+00   -2.6859914214E-01    1.3174938320E+01    3.2545447753E-02
    1.9499990000E-04    1.1982610276E+00   -2.7366149135E-01    1.3190461319E+01    3.2609223910E-02
    1.9549990000E-04    1.1954867521E+00   -2.7866443049E-01    1.3206106433E+01    3.2672342960E-02
    1.9599990000E-04    1.1926302120E+00   -2.8360565711E-01    1.3221874375E+01    3.2734765086E-02
    1.9649990000E-04    1.1896908104E+00   -2.8848277180E-01    1.3237765871E+01    3.2796452600E-02
    1.9699990000E-04    1.1866680714E+00   -2.9329311462E-01    1.3253781712E+01    3.2857369953E-02
    1.9749990000E-04    1.1835616106E+00   -2.9803391054E-01    1.3269922709E+01    3.2917483813E-02
    1.9799990000E-04    1.1803711126E+00   -3.0270236676E-01    1.3286189661E+01    3.2976763025E-02
    1.9849990000E-04    1.1770963309E+00   -3.0729567987E-01    1.3302583355E+01    3.3035178517E-02
    1.9899990000E-04    1.1737370876E+00   -3.1181104174E-01    1.3319104565E+01    3.3092703167E-02
    1.9949990000E-04    1.1702932666E+00   -3.1624566367E-01    1.3335754045E+01    3.3149311589E-02
    1.9999990000E-04    1.1667648235E+00   -3.2059674829E-01    1.3352532539E+01    3.3204979859E-02
    2.0049990000E-04    1.1631518077E+00   -3.2486143349E-01    1.3369440797E+01    3.3259685228E-02
    2.0099990000E-04    1.1594543682E+00   -3.2903679053E-01    1.3386479573E+01    3.3313405815E-02
    2.0149990000E-04    1.1556727581E+00   -3.3311982734E-01    1.3403649629E+01    3.3366120283E-02
    2.0199990000E-04    1.1518073389E+00   -3.3710749450E-01    1.3420951722E+01    3.3417807490E-02
    2.0249990000E-04    1.1478585724E+00   -3.4099671924E-01    1.3438386600E+01    3.3468446147E-02
    2.0299990000E-04    1.1438270115E+00   -3.4478443955E-01    1.3455954983E+01    3.3518014464E-02
    2.0349990000E-04    1.1397133087E+00   -3.4846759136E-01    1.3473657566E+01    3.3566489835E-02
    2.0399990000E-04    1.1355182225E+00   -3.5204310327E-01    1.3491495019E+01    3.3613848556E-02
    2.0449990000E-04    1.1312426257E+00   -3.5550789183E-01    1.3509467986E+01    3.3660065629E-02
    2.0499990000E-04    1.1268875138E+00   -3.5885885667E-01    1.3527577079E+01    3.3705114666E-02
    2.0549990000E-04    1.1224540186E+00   -3.6209286921E-01    1.3545822887E+01    3.3748967896E-02
    2.0599990000E-04    1.1179434543E+00   -3.6520670252E-01    1.3564205990E+01    3.3791596299E-02
    2.0649990000E-04    1.1133573097E+00   -3.6819707624E-01    1.3582726944E+01    3.3832969889E-02
    2.0699990000E-04    1.1086972245E+00   -3.7106072715E-01    1.3601386262E+01    3.3873058056E-02
    2.0749990000E-04    1.1039649835E+00   -3.7379443517E-01    1.3620184402E+01    3.3911829996E-02
    2.0799990000E-04    1.0991625113E+00   -3.7639504719E-01    1.3639121761E+01    3.3949255210E-02
    2.0849990000E-04    1.0942918662E+00   -3.7885949832E-01    1.3658198673E+01    3.3985304069E-02
    2.0899990000E-04    1.0893552347E+00   -3.8118482955E-01    1.3677415400E+01    3.4019948414E-02
    2.0949990000E-04    1.0843549268E+00   -3.8336820138E-01    1.3696772137E+01    3.4053162183E-02
    2.0999990000E-04    1.0792933721E+00   -3.8540690523E-01    1.3716269006E+01    3.4084922039E-02
    2.1049990000E-04    1.0741731297E+00   -3.8729835135E-01    1.3735906069E+01    3.4115207968E-02
    2.1099990000E-04    1.0689969020E+00   -3.8904005460E-01    1.3755683333E+01    3.4144003848E-02
    2.1149990000E-04    1.0637675334E+00   -3.9062964348E-01    1.3775600752E+01    3.4171297940E-02
    2.1199990000E-04    1.0584880060E+00   -3.9206487146E-01    1.3795658232E+01    3.4197083289E-02
    2.1249990000E-04    1.0531614332E+00   -3.9334362857E-01    1.3815855627E+01    3.4221358024E-02
    2.1299990000E-04    1.0477910526E+00   -3.9446395284E-01    1.3836192743E+01    3.4244125540E-02
    2.1349990000E-04    1.0423802165E+00   -3.9542404069E-01    1.3856669338E+01    3.4265394570E-02
    2.1399990000E-04    1.0369323825E+00   -3.9622225607E-01    1.3877285122E+01    3.4285179150E-02
    2.1449990000E-04    1.0314511029E+00   -3.9685713763E-01    1.3898039758E+01    3.4303498478E-02
    2.1499990000E-04    1.0259400145E+00   -3.9732740389E-01    1.3918932860E+01    3.4320376678E-02
    2.1549990000E-04    1.0204028283E+00   -3.9763195609E-01    1.3939963998E+01    3.4335842483E-02
    2.1599990000E-04    1.0148433202E+00   -3.9776987890E-01    1.3961132695E+01    3.4349928849E-02
    2.1649990000E-04    1.0092653221E+00   -3.9774043908E-01    1.3982438428E+01    3.4362672507E-02
    2.1699990000E-04    1.0036727140E+00   -3.9754308239E-01    1.4003880628E+01    3.4374113457E-02
    2.1749990000E-04    9.9806941617E-01   -3.9717742963E-01    1.4025458682E+01    3.4384294434E-02
    2.1799990000E-04    9.9245938507E-01   -3.9664326896E-01    1.4047171930E+01    3.4393260333E-02
    2.1849990000E-04    9.8684660862E-01   -3.9594054901E-01    1.4069019670E+01    3.4401057612E-02
    2.1899990000E-04    9.8123510043E-01   -3.9506937313E-01    1.4091001155E+01    3.4407733687E-02
    2.1949990000E-04    9.7562889435E-01   -3.9402999348E-01    1.4113115592E+01    3.4413336314E-02
    2.1999990000E-04    9.7003203960E-01   -3.9282280494E-01    1.4135362141E+01    3.4417912984E-02
    2.2049990000E-04    9.6444859648E-01   -3.9144833899E-01    1.4157739915E+01    3.4421510327E-02
    2.2099990000E-04    9.5888263254E-01   -3.8990725769E-01    1.4180247979E+01    3.4424173554E-02
    2.2149990000E-04    9.5333821926E-01   -3.8820034798E-01    1.4202885349E+01    3.4425945946E-02
    2.2199990000E-04    9.4781942919E-01   -3.8632851633E-01    1.4225650986E+01    3.4426868398E-02
    2.2249990000E-04    9.4233033344E-01   -3.8429278399E-01    1.4248543801E+01    3.4426979047E-02
    2.2299990000E-04    9.3687499943E-01   -3.8209428276E-01    1.4271562648E+01    3.4426312984E-02
    2.2349990000E-04    9.3145748881E-01   -3.7973425160E-01    1.4294706321E+01    3.4424902086E-02
    2.2399990000E-04    9.2608185546E-01   -3.7721403394E-01    1.4317973554E+01    3.4422774945E-02
    2.2449990000E-04    9.2075214341E-01   -3.7453507575E-01    1.4341363013E+01    3.4419956942E-02
    2.2499990000E-04    9.1547238473E-01   -3.7169892442E-01    1.4364873295E+01    3.4416470434E-02
    2.2549990000E-04    9.1024659712E-01   -3.6870722838E-01    1.4388502924E+01    3.4412335073E-02
    2.2599990000E-04    9.0507878125E-01   -3.6556173729E-01    1.4412250340E+01    3.4407568243E-02
    2.2649990000E-04    8.9997291784E-01   -3.6226430286E-01    1.4436113901E+01    3.4402185601E-02
    2.2699990000E-04    8.9493296430E-01   -3.5881688004E-01    1.4460091868E+01    3.4396201708E-02
    2.2749990000E-04    8.8996285098E-01   -3.5522152852E-01    1.4484182409E+01    3.4389630721E-02
    2.2799990000E-04    8.8506647711E-01   -3.5148041439E-01    1.4508383583E+01    3.4382487117E-02
    2.2849990000E-04    8.8024770620E-01   -3.4759581174E-01    1.4532693339E+01    3.4374786434E-02
    2.2899990000E-04    8.7551036116E-01   -3.4357010415E-01    1.4557109510E+01    3.4366545969E-02
    2.2949990000E-04    8.7085821941E-01   -3.3940578573E-01    1.4581629805E+01    3.4357785424E-02
    2.2999990000E-04    8.6629500835E-01   -3.3510546139E-01    1.4606251805E+01    3.4348527463E-02
    2.3049990000E-04    8.6182439782E-01   -3.3067184792E-01    1.4630972961E+01    3.4338798137E-02
    2.3099990000E-04    8.5744999258E-01   -3.2610777405E-01    1.4655790588E+01    3.4328627177E-02
    2.3149990000E-04    8.5317532470E-01   -3.2141617979E-01    1.4680701863E+01    3.4318048115E-02
    2.3199990000E-04    8.4900384581E-01   -3.1660011487E-01    1.4705703827E+01    3.4307098239E-02
    2.3249990000E-04    8.4493891953E-01   -3.1166273637E-01    1.4730793383E+01    3.4295818371E-02
    2.3299990000E-04    8.4098381416E-01   -3.0660730545E-01    1.4755967300E+01    3.4284252469E-02
    2.3349990000E-04    8.3714169599E-01   -3.0143718323E-01    1.4781222219E+01    3.4272447088E-02
    2.3399990000E-04    8.3341562333E-01   -2.9615582599E-01    1.4806554655E+01    3.4260450696E-02
    2.3449990000E-04    8.2980854141E-01   -2.9076677965E-01    1.4831961006E+01    3.4248312895E-02
    2.3499990000E-04    8.2632327822E-01   -2.8527367389E-01    1.4857437562E+01    3.4236083568E-02
    2.3549990000E-04    8.2296254119E-01   -2.7968021599E-01    1.4882980517E+01    3.4223812004E-02
    2.3599990000E-04    8.1972891468E-01   -2.7399018455E-01    1.4908585972E+01    3.4211546019E-02
    2.3649990000E-04    8.1662485813E-01   -2.6820742337E-01    1.4934249956E+01    3.4199331138E-02
    2.3699990000E-04    8.1365270458E-01   -2.6233583558E-01    1.4959968429E+01    3.4187209844E-02
    2.3749990000E-04    8.1081465950E-01   -2.5637937820E-01    1.4985737297E+01    3.4175220951E-02
