 sig=    1.000000000000000      inputfile=
 /home/rjrj524/Finished/vmec_gc_tracer/revised_251128/nc/wout_pwO_nfp2_A6.nc                                                                                                                             
 dt=   1.0000000000000000E-008
 steps=      8000000
 x0=   5.4800000000000001E-002    0.000000000000000      
    6.410000000000000     
 u=   -124000.0000000000     
 v_perp=    59800.00000000000     
 
time(s)         x0(1)       x0(2)        x0(3)      r
    3.9990000000E-05    8.9928592740E-01   -4.1046252136E-01    1.8071447830E+00    6.3232017705E-02
    7.9990000000E-05    6.2925091939E-01    2.9126429112E-01   -2.4235759593E+00    7.3261187039E-02
    1.1999000000E-04    1.2215906104E+00    3.3927606750E-02   -7.0693114309E+00    3.1199004290E-02
    1.5999000000E-04    1.2093611827E+00    5.0639053806E-03   -1.1652781448E+01    3.2504017293E-02
    1.9999000000E-04    6.2996828802E-01   -2.3370087893E-01   -1.6210528362E+01    7.3876760963E-02
    2.3999000000E-04    9.2966003391E-01    4.4786560498E-01   -2.0468458110E+01    6.9264712273E-02
    2.7999000000E-04    1.1906839036E+00   -5.6453101350E-02   -2.5181886485E+01    5.0014912010E-02
    3.1999000000E-04    9.6592582822E-01   -4.1858828022E-01   -2.9827381016E+01    5.6581013749E-02
    3.5999000000E-04    5.8907755391E-01    1.9868398387E-01   -3.4104421152E+01    6.8457581020E-02
    3.9999000000E-04    1.1944727728E+00    1.3118444010E-01   -3.8659627937E+01    2.8102979094E-02
    4.3999000000E-04    1.2175519740E+00    6.4866560044E-02   -4.3253477964E+01    3.2918212002E-02
    4.7999000000E-04    6.7936357068E-01   -3.1036852124E-01   -4.7888584718E+01    7.0458054835E-02
    5.1999000000E-04    8.5628574418E-01    4.2113202586E-01   -5.2112873702E+01    6.6576150655E-02
    5.5999000000E-04    1.1934758859E+00   -6.3878879668E-02   -5.6793924553E+01    4.4591318235E-02
    5.9999000000E-04    1.0400912390E+00   -3.9392185779E-01   -6.1457757194E+01    4.6520282851E-02
    6.3999000000E-04    5.6142811196E-01    8.8183848095E-02   -6.5803591018E+01    6.2716791577E-02
    6.7999000000E-04    1.1454278928E+00    2.4072707478E-01   -7.0264411295E+01    2.6727819652E-02
    7.1999000000E-04    1.2139476983E+00    1.0863768423E-01   -7.4868539681E+01    3.4225584073E-02
    7.5999000000E-04    7.4952192661E-01   -3.7410493683E-01   -7.9561876482E+01    6.6296652843E-02
    7.9999000000E-04    7.8068806990E-01    3.7599311933E-01   -8.3773887616E+01    6.4597257872E-02
    8.3999000000E-04    1.1994932714E+00   -7.4117344522E-02   -8.8424269753E+01    3.8241910003E-02
    8.7999000000E-04    1.1145782884E+00   -3.2390194175E-01   -9.3079565580E+01    3.4930001351E-02
    9.1999000000E-04    5.5415592818E-01   -3.9142280922E-02   -9.7515476411E+01    5.9057097541E-02
    9.5999000000E-04    1.0721530587E+00    3.3546870681E-01   -1.0188413137E+02    3.1273809161E-02
    9.9999000000E-04    1.2023723194E+00    1.1650187821E-01   -1.0650131047E+02    3.7524726956E-02
    1.0399900000E-03    8.3187543879E-01   -4.2030570342E-01   -1.1122656954E+02    6.4158878738E-02
    1.0799900000E-03    7.0745396297E-01    3.1368554814E-01   -1.1544969565E+02    6.5371171984E-02
    1.1199900000E-03    1.2072537384E+00   -6.5572216846E-02   -1.2006086869E+02    3.3932480450E-02
    1.1599900000E-03    1.1773351164E+00   -2.1008546777E-01   -1.2468840814E+02    2.9016397208E-02
    1.1999900000E-03    5.7593910836E-01   -1.6733646866E-01   -1.2922708419E+02    6.1576334878E-02
    1.2399900000E-03    9.8847380206E-01    3.8896970923E-01   -1.3351857161E+02    4.3011893510E-02
    1.2799900000E-03    1.1931472944E+00    1.0097079722E-01   -1.3813512312E+02    4.3710977212E-02
    1.3199900000E-03    9.1501368967E-01   -4.4823359572E-01   -1.4287878393E+02    6.5885540234E-02
    1.3599900000E-03    6.4828686231E-01    2.3764925379E-01   -1.4713478757E+02    6.9130172228E-02
    1.3999900000E-03    1.2061235043E+00   -2.0919077042E-02   -1.5168408046E+02    3.2164534970E-02
    1.4399900000E-03    1.2164065031E+00   -8.2264587542E-02   -1.5628591401E+02    2.9446064342E-02
    1.4799900000E-03    6.2100421640E-01   -2.7618801524E-01   -1.6092441450E+02    6.7161230079E-02
    1.5199900000E-03    9.1064194600E-01    3.9730772495E-01   -1.6516259188E+02    5.4281144375E-02
    1.5599900000E-03    1.1870882235E+00    8.5639252582E-02   -1.6975396848E+02    4.9694963381E-02
    1.5999900000E-03    9.9302785073E-01   -4.5606156500E-01   -1.7451633299E+02    6.8591671889E-02
    1.6399900000E-03    6.1241554680E-01    1.5232400188E-01   -1.7882354488E+02    7.2219223192E-02
    1.6799900000E-03    1.1912331472E+00    4.1966363451E-02   -1.8329482760E+02    3.1125509203E-02
    1.7199900000E-03    1.2347417417E+00    2.7754049547E-02   -1.8787404845E+02    3.2027740485E-02
    1.7599900000E-03    6.7891652382E-01   -3.6265866881E-01   -1.9260240859E+02    7.2059065302E-02
    1.7999900000E-03    8.4539179447E-01    3.7369381286E-01   -1.9681219236E+02    6.1938791298E-02
    1.8399900000E-03    1.1788068593E+00    8.5995387371E-02   -2.0135510474E+02    5.4868637161E-02
    1.8799900000E-03    1.0629890174E+00   -4.4582099877E-01   -2.0613854854E+02    7.2345509680E-02
    1.9199900000E-03    6.0092688656E-01    6.6198283280E-02   -2.1050738990E+02    7.4462986337E-02
    1.9599900000E-03    1.1671929848E+00    9.1903305265E-02   -2.1489871294E+02    3.0933044607E-02
    1.9999900000E-03    1.2413763327E+00    1.1150948064E-01   -2.1945254776E+02    3.4616731324E-02
    2.0399900000E-03    7.4236845254E-01   -4.2868006091E-01   -2.2425920992E+02    7.5621033836E-02
    2.0799900000E-03    7.9659892125E-01    3.3025846297E-01   -2.2846281441E+02    6.6649019531E-02
    2.1199900000E-03    1.1663101962E+00    1.0373129456E-01   -2.3294013902E+02    6.0020549042E-02
    2.1599900000E-03    1.1226736534E+00   -4.2187982286E-01   -2.3774495256E+02    7.7936576137E-02
