 sig=    1.000000000000000      inputfile=
 /home/rjrj524/Finished/vmec_gc_tracer/revised_251128/nc/wout_pwO_nfp2_A6.nc                                                                                                                             
 dt=   2.0000000000000001E-009
 steps=     30000000
 x0=   8.2000000000000003E-002    3.718620000000000      
    9.745348999999999     
 u=    2000.000000000000     
 v_perp=    9000.000000000000     
 
time(s)         x0(1)       x0(2)        x0(3)      r
    3.9980000000E-06    1.0093729076E+00    1.1890425566E-01    9.7528492057E+00    8.2000621603E-02
    7.9980000000E-06    1.0093420642E+00    1.2047724944E-01    9.7603568028E+00    8.2001187519E-02
    1.1998000000E-05    1.0093189108E+00    1.2204547251E-01    9.7678676598E+00    8.2001697037E-02
    1.5998000000E-05    1.0093035420E+00    1.2360878253E-01    9.7753813934E+00    8.2002149750E-02
    1.9998000000E-05    1.0092960492E+00    1.2516703681E-01    9.7828976174E+00    8.2002545233E-02
    2.3998000000E-05    1.0092965212E+00    1.2672009236E-01    9.7904159434E+00    8.2002883044E-02
    2.7998000000E-05    1.0093050434E+00    1.2826780597E-01    9.7979359807E+00    8.2003162724E-02
    3.1998000000E-05    1.0093216986E+00    1.2981003425E-01    9.8054573370E+00    8.2003383803E-02
    3.5998000000E-05    1.0093465664E+00    1.3134663368E-01    9.8129796183E+00    8.2003545796E-02
    3.9998000000E-05    1.0093797232E+00    1.3287746069E-01    9.8205024295E+00    8.2003648210E-02
    4.3998000000E-05    1.0094212423E+00    1.3440237169E-01    9.8280253746E+00    8.2003690542E-02
    4.7998000000E-05    1.0094711939E+00    1.3592122318E-01    9.8355480567E+00    8.2003672280E-02
    5.1998000000E-05    1.0095296448E+00    1.3743387178E-01    9.8430700786E+00    8.2003592908E-02
    5.5998000000E-05    1.0095966588E+00    1.3894017428E-01    9.8505910431E+00    8.2003451903E-02
    5.9998000000E-05    1.0096722963E+00    1.4043998776E-01    9.8581105529E+00    8.2003248737E-02
    6.3998000000E-05    1.0097566144E+00    1.4193316961E-01    9.8656282110E+00    8.2002982882E-02
    6.7998000000E-05    1.0098496670E+00    1.4341957758E-01    9.8731436213E+00    8.2002653807E-02
    7.1998000000E-05    1.0099515046E+00    1.4489906991E-01    9.8806563881E+00    8.2002260978E-02
    7.5998000000E-05    1.0100621746E+00    1.4637150532E-01    9.8881661172E+00    8.2001803864E-02
    7.9998000000E-05    1.0101817209E+00    1.4783674311E-01    9.8956724152E+00    8.2001281931E-02
    8.3998000000E-05    1.0103101842E+00    1.4929464320E-01    9.9031748904E+00    8.2000694651E-02
    8.7998000000E-05    1.0104476018E+00    1.5074506620E-01    9.9106731525E+00    8.2000041493E-02
    9.1998000000E-05    1.0105940077E+00    1.5218787345E-01    9.9181668130E+00    8.1999321934E-02
    9.5998000000E-05    1.0107494327E+00    1.5362292709E-01    9.9256554854E+00    8.1998535450E-02
    9.9998000000E-05    1.0109139043E+00    1.5505009008E-01    9.9331387851E+00    8.1997681524E-02
    1.0399800000E-04    1.0110874467E+00    1.5646922626E-01    9.9406163296E+00    8.1996759640E-02
    1.0799800000E-04    1.0112700808E+00    1.5788020042E-01    9.9480877387E+00    8.1995769290E-02
    1.1199800000E-04    1.0114618244E+00    1.5928287827E-01    9.9555526342E+00    8.1994709970E-02
    1.1599800000E-04    1.0116626919E+00    1.6067712654E-01    9.9630106405E+00    8.1993581181E-02
    1.1999800000E-04    1.0118726947E+00    1.6206281300E-01    9.9704613843E+00    8.1992382430E-02
    1.2399800000E-04    1.0120918407E+00    1.6343980645E-01    9.9779044945E+00    8.1991113231E-02
    1.2799800000E-04    1.0123201350E+00    1.6480797680E-01    9.9853396024E+00    8.1989773102E-02
    1.3199800000E-04    1.0125575794E+00    1.6616719506E-01    9.9927663416E+00    8.1988361570E-02
    1.3599800000E-04    1.0128041724E+00    1.6751733337E-01    1.0000184348E+01    8.1986878169E-02
    1.3999800000E-04    1.0130599096E+00    1.6885826502E-01    1.0007593259E+01    8.1985322436E-02
    1.4399800000E-04    1.0133247835E+00    1.7018986444E-01    1.0014992716E+01    8.1983693920E-02
    1.4799800000E-04    1.0135987835E+00    1.7151200727E-01    1.0022382359E+01    8.1981992175E-02
    1.5199800000E-04    1.0138818959E+00    1.7282457032E-01    1.0029761834E+01    8.1980216760E-02
    1.5599800000E-04    1.0141741041E+00    1.7412743159E-01    1.0037130784E+01    8.1978367245E-02
    1.5999800000E-04    1.0144753882E+00    1.7542047029E-01    1.0044488859E+01    8.1976443207E-02
    1.6399800000E-04    1.0147857256E+00    1.7670356684E-01    1.0051835704E+01    8.1974444227E-02
    1.6799800000E-04    1.0151050905E+00    1.7797660287E-01    1.0059170971E+01    8.1972369897E-02
    1.7199800000E-04    1.0154334543E+00    1.7923946124E-01    1.0066494308E+01    8.1970219816E-02
    1.7599800000E-04    1.0157707853E+00    1.8049202603E-01    1.0073805368E+01    8.1967993590E-02
    1.7999800000E-04    1.0161170488E+00    1.8173418254E-01    1.0081103801E+01    8.1965690832E-02
    1.8399800000E-04    1.0164722072E+00    1.8296581733E-01    1.0088389259E+01    8.1963311165E-02
    1.8799800000E-04    1.0168362201E+00    1.8418681817E-01    1.0095661393E+01    8.1960854218E-02
    1.9199800000E-04    1.0172090437E+00    1.8539707412E-01    1.0102919853E+01    8.1958319628E-02
    1.9599800000E-04    1.0175906317E+00    1.8659647547E-01    1.0110164291E+01    8.1955707040E-02
    1.9999800000E-04    1.0179809347E+00    1.8778491379E-01    1.0117394356E+01    8.1953016107E-02
    2.0399800000E-04    1.0183799000E+00    1.8896228194E-01    1.0124609695E+01    8.1950246491E-02
    2.0799800000E-04    1.0187874725E+00    1.9012847408E-01    1.0131809955E+01    8.1947397861E-02
    2.1199800000E-04    1.0192035936E+00    1.9128338569E-01    1.0138994781E+01    8.1944469893E-02
    2.1599800000E-04    1.0196282020E+00    1.9242691359E-01    1.0146163815E+01    8.1941462274E-02
    2.1999800000E-04    1.0200612332E+00    1.9355895598E-01    1.0153316697E+01    8.1938374697E-02
    2.2399800000E-04    1.0205026197E+00    1.9467941245E-01    1.0160453066E+01    8.1935206865E-02
    2.2799800000E-04    1.0209522910E+00    1.9578818403E-01    1.0167572554E+01    8.1931958489E-02
    2.3199800000E-04    1.0214101735E+00    1.9688517321E-01    1.0174674794E+01    8.1928629289E-02
    2.3599800000E-04    1.0218761905E+00    1.9797028402E-01    1.0181759413E+01    8.1925218992E-02
    2.3999800000E-04    1.0223502622E+00    1.9904342204E-01    1.0188826034E+01    8.1921727338E-02
    2.4399800000E-04    1.0228323056E+00    2.0010449444E-01    1.0195874277E+01    8.1918154072E-02
    2.4799800000E-04    1.0233222346E+00    2.0115341010E-01    1.0202903757E+01    8.1914498951E-02
    2.5199800000E-04    1.0238199597E+00    2.0219007962E-01    1.0209914086E+01    8.1910761742E-02
    2.5599800000E-04    1.0243253885E+00    2.0321441538E-01    1.0216904869E+01    8.1906942219E-02
    2.5999800000E-04    1.0248384252E+00    2.0422633164E-01    1.0223875707E+01    8.1903040170E-02
    2.6399800000E-04    1.0253589707E+00    2.0522574464E-01    1.0230826196E+01    8.1899055390E-02
    2.6799800000E-04    1.0258869226E+00    2.0621257259E-01    1.0237755926E+01    8.1894987686E-02
    2.7199800000E-04    1.0264221753E+00    2.0718673587E-01    1.0244664482E+01    8.1890836877E-02
    2.7599800000E-04    1.0269646198E+00    2.0814815702E-01    1.0251551443E+01    8.1886602791E-02
    2.7999800000E-04    1.0275141437E+00    2.0909676090E-01    1.0258416384E+01    8.1882285269E-02
    2.8399800000E-04    1.0280706313E+00    2.1003247477E-01    1.0265258872E+01    8.1877884163E-02
    2.8799800000E-04    1.0286339634E+00    2.1095522839E-01    1.0272078467E+01    8.1873399339E-02
    2.9199800000E-04    1.0292040177E+00    2.1186495412E-01    1.0278874727E+01    8.1868830672E-02
    2.9599800000E-04    1.0297806681E+00    2.1276158704E-01    1.0285647201E+01    8.1864178054E-02
    2.9999800000E-04    1.0303637853E+00    2.1364506508E-01    1.0292395432E+01    8.1859441386E-02
    3.0399800000E-04    1.0309532366E+00    2.1451532908E-01    1.0299118958E+01    8.1854620585E-02
    3.0799800000E-04    1.0315488857E+00    2.1537232298E-01    1.0305817309E+01    8.1849715580E-02
    3.1199800000E-04    1.0321505931E+00    2.1621599389E-01    1.0312490012E+01    8.1844726318E-02
    3.1599800000E-04    1.0327582157E+00    2.1704629225E-01    1.0319136586E+01    8.1839652755E-02
    3.1999800000E-04    1.0333716072E+00    2.1786317190E-01    1.0325756545E+01    8.1834494866E-02
    3.2399800000E-04    1.0339906178E+00    2.1866659026E-01    1.0332349395E+01    8.1829252638E-02
    3.2799800000E-04    1.0346150942E+00    2.1945650843E-01    1.0338914639E+01    8.1823926077E-02
    3.3199800000E-04    1.0352448800E+00    2.2023289131E-01    1.0345451773E+01    8.1818515202E-02
    3.3599800000E-04    1.0358798155E+00    2.2099570774E-01    1.0351960288E+01    8.1813020048E-02
    3.3999800000E-04    1.0365197374E+00    2.2174493061E-01    1.0358439670E+01    8.1807440668E-02
    3.4399800000E-04    1.0371644795E+00    2.2248053699E-01    1.0364889399E+01    8.1801777131E-02
    3.4799800000E-04    1.0378138723E+00    2.2320250823E-01    1.0371308951E+01    8.1796029523E-02
    3.5199800000E-04    1.0384677432E+00    2.2391083012E-01    1.0377697798E+01    8.1790197945E-02
    3.5599800000E-04    1.0391259165E+00    2.2460549295E-01    1.0384055404E+01    8.1784282520E-02
    3.5999800000E-04    1.0397882133E+00    2.2528649168E-01    1.0390381234E+01    8.1778283384E-02
    3.6399800000E-04    1.0404544521E+00    2.2595382599E-01    1.0396674745E+01    8.1772200693E-02
    3.6799800000E-04    1.0411244482E+00    2.2660750042E-01    1.0402935392E+01    8.1766034621E-02
    3.7199800000E-04    1.0417980142E+00    2.2724752446E-01    1.0409162625E+01    8.1759785359E-02
    3.7599800000E-04    1.0424749601E+00    2.2787391264E-01    1.0415355894E+01    8.1753453119E-02
    3.7999800000E-04    1.0431550931E+00    2.2848668462E-01    1.0421514643E+01    8.1747038127E-02
    3.8399800000E-04    1.0438382178E+00    2.2908586527E-01    1.0427638314E+01    8.1740540632E-02
    3.8799800000E-04    1.0445241366E+00    2.2967148475E-01    1.0433726348E+01    8.1733960899E-02
    3.9199800000E-04    1.0452126493E+00    2.3024357858E-01    1.0439778184E+01    8.1727299212E-02
    3.9599800000E-04    1.0459035535E+00    2.3080218769E-01    1.0445793257E+01    8.1720555874E-02
    3.9999800000E-04    1.0465966448E+00    2.3134735849E-01    1.0451771003E+01    8.1713731207E-02
    4.0399800000E-04    1.0472917166E+00    2.3187914292E-01    1.0457710856E+01    8.1706825550E-02
    4.0799800000E-04    1.0479885604E+00    2.3239759848E-01    1.0463612249E+01    8.1699839263E-02
    4.1199800000E-04    1.0486869660E+00    2.3290278828E-01    1.0469474615E+01    8.1692772723E-02
    4.1599800000E-04    1.0493867215E+00    2.3339478112E-01    1.0475297388E+01    8.1685626325E-02
    4.1999800000E-04    1.0500876132E+00    2.3387365143E-01    1.0481079999E+01    8.1678400483E-02
    4.2399800000E-04    1.0507894262E+00    2.3433947925E-01    1.0486821883E+01    8.1671095631E-02
    4.2799800000E-04    1.0514919444E+00    2.3479235031E-01    1.0492522474E+01    8.1663712217E-02
    4.3199800000E-04    1.0521949503E+00    2.3523235594E-01    1.0498181207E+01    8.1656250711E-02
    4.3599800000E-04    1.0528982255E+00    2.3565959308E-01    1.0503797519E+01    8.1648711598E-02
    4.3999800000E-04    1.0536015506E+00    2.3607416426E-01    1.0509370849E+01    8.1641095382E-02
    4.4399800000E-04    1.0543047056E+00    2.3647617757E-01    1.0514900636E+01    8.1633402584E-02
    4.4799800000E-04    1.0550074699E+00    2.3686574659E-01    1.0520386324E+01    8.1625633740E-02
    4.5199800000E-04    1.0557096222E+00    2.3724299034E-01    1.0525827357E+01    8.1617789405E-02
    4.5599800000E-04    1.0564109409E+00    2.3760803327E-01    1.0531223184E+01    8.1609870150E-02
    4.5999800000E-04    1.0571112045E+00    2.3796100511E-01    1.0536573257E+01    8.1601876563E-02
    4.6399800000E-04    1.0578101910E+00    2.3830204084E-01    1.0541877028E+01    8.1593809245E-02
    4.6799800000E-04    1.0585076788E+00    2.3863128063E-01    1.0547133956E+01    8.1585668816E-02
    4.7199800000E-04    1.0592034462E+00    2.3894886968E-01    1.0552343504E+01    8.1577455909E-02
    4.7599800000E-04    1.0598972722E+00    2.3925495817E-01    1.0557505135E+01    8.1569171172E-02
    4.7999800000E-04    1.0605889359E+00    2.3954970114E-01    1.0562618322E+01    8.1560815269E-02
    4.8399800000E-04    1.0612782171E+00    2.3983325838E-01    1.0567682536E+01    8.1552388877E-02
    4.8799800000E-04    1.0619648966E+00    2.4010579430E-01    1.0572697259E+01    8.1543892687E-02
    4.9199800000E-04    1.0626487556E+00    2.4036747779E-01    1.0577661973E+01    8.1535327403E-02
    4.9599800000E-04    1.0633295766E+00    2.4061848212E-01    1.0582576166E+01    8.1526693744E-02
    4.9999800000E-04    1.0640071431E+00    2.4085898478E-01    1.0587439334E+01    8.1517992440E-02
    5.0399800000E-04    1.0646812397E+00    2.4108916732E-01    1.0592250975E+01    8.1509224233E-02
    5.0799800000E-04    1.0653516524E+00    2.4130921523E-01    1.0597010594E+01    8.1500389879E-02
    5.1199800000E-04    1.0660181688E+00    2.4151931776E-01    1.0601717701E+01    8.1491490143E-02
    5.1599800000E-04    1.0666805779E+00    2.4171966777E-01    1.0606371812E+01    8.1482525804E-02
    5.1999800000E-04    1.0673386702E+00    2.4191046155E-01    1.0610972449E+01    8.1473497649E-02
    5.2399800000E-04    1.0679922383E+00    2.4209189868E-01    1.0615519140E+01    8.1464406477E-02
    5.2799800000E-04    1.0686410763E+00    2.4226418180E-01    1.0620011419E+01    8.1455253097E-02
    5.3199800000E-04    1.0692849806E+00    2.4242751650E-01    1.0624448826E+01    8.1446038327E-02
    5.3599800000E-04    1.0699237494E+00    2.4258211110E-01    1.0628830908E+01    8.1436762995E-02
    5.3999800000E-04    1.0705571830E+00    2.4272817645E-01    1.0633157217E+01    8.1427427938E-02
    5.4399800000E-04    1.0711850842E+00    2.4286592578E-01    1.0637427313E+01    8.1418034001E-02
    5.4799800000E-04    1.0718072578E+00    2.4299557449E-01    1.0641640762E+01    8.1408582036E-02
    5.5199800000E-04    1.0724235111E+00    2.4311733995E-01    1.0645797136E+01    8.1399072905E-02
    5.5599800000E-04    1.0730336539E+00    2.4323144133E-01    1.0649896014E+01    8.1389507476E-02
    5.5999800000E-04    1.0736374984E+00    2.4333809937E-01    1.0653936983E+01    8.1379886624E-02
    5.6399800000E-04    1.0742348594E+00    2.4343753622E-01    1.0657919634E+01    8.1370211230E-02
    5.6799800000E-04    1.0748255545E+00    2.4352997526E-01    1.0661843568E+01    8.1360482185E-02
    5.7199800000E-04    1.0754094038E+00    2.4361564086E-01    1.0665708391E+01    8.1350700380E-02
    5.7599800000E-04    1.0759862301E+00    2.4369475823E-01    1.0669513716E+01    8.1340866716E-02
    5.7999800000E-04    1.0765558593E+00    2.4376755316E-01    1.0673259163E+01    8.1330982099E-02
    5.8399800000E-04    1.0771181198E+00    2.4383425184E-01    1.0676944359E+01    8.1321047438E-02
    5.8799800000E-04    1.0776728431E+00    2.4389508071E-01    1.0680568938E+01    8.1311063647E-02
    5.9199800000E-04    1.0782198637E+00    2.4395026615E-01    1.0684132541E+01    8.1301031645E-02
    5.9599800000E-04    1.0787590189E+00    2.4400003438E-01    1.0687634817E+01    8.1290952355E-02
    5.9999800000E-04    1.0792901491E+00    2.4404461121E-01    1.0691075420E+01    8.1280826703E-02
    6.0399800000E-04    1.0798130977E+00    2.4408422185E-01    1.0694454012E+01    8.1270655620E-02
    6.0799800000E-04    1.0803277112E+00    2.4411909072E-01    1.0697770263E+01    8.1260440037E-02
    6.1199800000E-04    1.0808338392E+00    2.4414944124E-01    1.0701023848E+01    8.1250180890E-02
    6.1599800000E-04    1.0813313344E+00    2.4417549564E-01    1.0704214451E+01    8.1239879117E-02
    6.1999800000E-04    1.0818200527E+00    2.4419747476E-01    1.0707341761E+01    8.1229535659E-02
    6.2399800000E-04    1.0822998530E+00    2.4421559788E-01    1.0710405476E+01    8.1219151456E-02
    6.2799800000E-04    1.0827705977E+00    2.4423008250E-01    1.0713405300E+01    8.1208727452E-02
    6.3199800000E-04    1.0832321519E+00    2.4424114417E-01    1.0716340944E+01    8.1198264594E-02
    6.3599800000E-04    1.0836843843E+00    2.4424899629E-01    1.0719212126E+01    8.1187763825E-02
    6.3999800000E-04    1.0841271667E+00    2.4425384997E-01    1.0722018571E+01    8.1177226095E-02
    6.4399800000E-04    1.0845603741E+00    2.4425591377E-01    1.0724760011E+01    8.1166652349E-02
    6.4799800000E-04    1.0849838845E+00    2.4425539361E-01    1.0727436185E+01    8.1156043538E-02
    6.5199800000E-04    1.0853975795E+00    2.4425249251E-01    1.0730046839E+01    8.1145400608E-02
    6.5599800000E-04    1.0858013435E+00    2.4424741051E-01    1.0732591726E+01    8.1134724508E-02
    6.5999800000E-04    1.0861950646E+00    2.4424034441E-01    1.0735070606E+01    8.1124016188E-02
    6.6399800000E-04    1.0865786337E+00    2.4423148768E-01    1.0737483245E+01    8.1113276594E-02
    6.6799800000E-04    1.0869519451E+00    2.4422103023E-01    1.0739829416E+01    8.1102506676E-02
    6.7199800000E-04    1.0873148962E+00    2.4420915833E-01    1.0742108901E+01    8.1091707379E-02
    6.7599800000E-04    1.0876673876E+00    2.4419605439E-01    1.0744321486E+01    8.1080879650E-02
    6.7999800000E-04    1.0880093233E+00    2.4418189681E-01    1.0746466964E+01    8.1070024434E-02
    6.8399800000E-04    1.0883406102E+00    2.4416685989E-01    1.0748545138E+01    8.1059142676E-02
    6.8799800000E-04    1.0886611585E+00    2.4415111363E-01    1.0750555814E+01    8.1048235320E-02
    6.9199800000E-04    1.0889708816E+00    2.4413482355E-01    1.0752498807E+01    8.1037303307E-02
    6.9599800000E-04    1.0892696960E+00    2.4411815052E-01    1.0754373937E+01    8.1026347579E-02
    6.9999800000E-04    1.0895575215E+00    2.4410125076E-01    1.0756181033E+01    8.1015369074E-02
    7.0399800000E-04    1.0898342808E+00    2.4408427564E-01    1.0757919929E+01    8.1004368730E-02
    7.0799800000E-04    1.0900998999E+00    2.4406737161E-01    1.0759590466E+01    8.0993347485E-02
    7.1199800000E-04    1.0903543078E+00    2.4405068004E-01    1.0761192492E+01    8.0982306272E-02
    7.1599800000E-04    1.0905974366E+00    2.4403433715E-01    1.0762725861E+01    8.0971246025E-02
    7.1999800000E-04    1.0908292215E+00    2.4401847385E-01    1.0764190435E+01    8.0960167675E-02
    7.2399800000E-04    1.0910496008E+00    2.4400321569E-01    1.0765586081E+01    8.0949072153E-02
    7.2799800000E-04    1.0912585157E+00    2.4398868274E-01    1.0766912672E+01    8.0937960386E-02
    7.3199800000E-04    1.0914559105E+00    2.4397498946E-01    1.0768170092E+01    8.0926833302E-02
    7.3599800000E-04    1.0916417326E+00    2.4396224468E-01    1.0769358226E+01    8.0915691825E-02
    7.3999800000E-04    1.0918159322E+00    2.4395055144E-01    1.0770476968E+01    8.0904536878E-02
    7.4399800000E-04    1.0919784629E+00    2.4394000697E-01    1.0771526220E+01    8.0893369384E-02
    7.4799800000E-04    1.0921292807E+00    2.4393070257E-01    1.0772505888E+01    8.0882190263E-02
    7.5199800000E-04    1.0922683451E+00    2.4392272357E-01    1.0773415886E+01    8.0871000433E-02
    7.5599800000E-04    1.0923956182E+00    2.4391614925E-01    1.0774256134E+01    8.0859800813E-02
    7.5999800000E-04    1.0925110652E+00    2.4391105277E-01    1.0775026558E+01    8.0848592317E-02
    7.6399800000E-04    1.0926146542E+00    2.4390750114E-01    1.0775727092E+01    8.0837375862E-02
    7.6799800000E-04    1.0927063562E+00    2.4390555514E-01    1.0776357675E+01    8.0826152359E-02
    7.7199800000E-04    1.0927861453E+00    2.4390526928E-01    1.0776918253E+01    8.0814922723E-02
    7.7599800000E-04    1.0928539982E+00    2.4390669177E-01    1.0777408779E+01    8.0803687865E-02
    7.7999800000E-04    1.0929098948E+00    2.4390986448E-01    1.0777829211E+01    8.0792448694E-02
    7.8399800000E-04    1.0929538176E+00    2.4391482291E-01    1.0778179514E+01    8.0781206120E-02
    7.8799800000E-04    1.0929857523E+00    2.4392159614E-01    1.0778459661E+01    8.0769961054E-02
    7.9199800000E-04    1.0930056872E+00    2.4393020684E-01    1.0778669630E+01    8.0758714402E-02
    7.9599800000E-04    1.0930136137E+00    2.4394067124E-01    1.0778809405E+01    8.0747467072E-02
    7.9999800000E-04    1.0930095260E+00    2.4395299911E-01    1.0778878977E+01    8.0736219973E-02
    8.0399800000E-04    1.0929934212E+00    2.4396719378E-01    1.0778878344E+01    8.0724974010E-02
    8.0799800000E-04    1.0929652991E+00    2.4398325221E-01    1.0778807509E+01    8.0713730091E-02
    8.1199800000E-04    1.0929251625E+00    2.4400116503E-01    1.0778666483E+01    8.0702489123E-02
    8.1599800000E-04    1.0928730169E+00    2.4402091642E-01    1.0778455283E+01    8.0691252011E-02
    8.1999800000E-04    1.0928088710E+00    2.4404248412E-01    1.0778173932E+01    8.0680019664E-02
    8.2399800000E-04    1.0927327359E+00    2.4406583947E-01    1.0777822458E+01    8.0668792989E-02
    8.2799800000E-04    1.0926446261E+00    2.4409094738E-01    1.0777400899E+01    8.0657572892E-02
    8.3199800000E-04    1.0925445586E+00    2.4411776642E-01    1.0776909296E+01    8.0646360283E-02
    8.3599800000E-04    1.0924325535E+00    2.4414624883E-01    1.0776347698E+01    8.0635156071E-02
    8.3999800000E-04    1.0923086337E+00    2.4417634052E-01    1.0775716160E+01    8.0623961164E-02
    8.4399800000E-04    1.0921728252E+00    2.4420798118E-01    1.0775014745E+01    8.0612776473E-02
    8.4799800000E-04    1.0920251567E+00    2.4424110427E-01    1.0774243520E+01    8.0601602909E-02
    8.5199800000E-04    1.0918656600E+00    2.4427563710E-01    1.0773402559E+01    8.0590441384E-02
    8.5599800000E-04    1.0916943696E+00    2.4431150089E-01    1.0772491945E+01    8.0579292810E-02
    8.5999800000E-04    1.0915113234E+00    2.4434861082E-01    1.0771511763E+01    8.0568158103E-02
    8.6399800000E-04    1.0913165618E+00    2.4438687609E-01    1.0770462108E+01    8.0557038176E-02
    8.6799800000E-04    1.0911101284E+00    2.4442620003E-01    1.0769343080E+01    8.0545933946E-02
    8.7199800000E-04    1.0908920697E+00    2.4446648012E-01    1.0768154787E+01    8.0534846331E-02
    8.7599800000E-04    1.0906624354E+00    2.4450760812E-01    1.0766897341E+01    8.0523776249E-02
    8.7999800000E-04    1.0904212779E+00    2.4454947013E-01    1.0765570863E+01    8.0512724620E-02
    8.8399800000E-04    1.0901686530E+00    2.4459194669E-01    1.0764175478E+01    8.0501692366E-02
    8.8799800000E-04    1.0899046191E+00    2.4463491288E-01    1.0762711321E+01    8.0490680407E-02
    8.9199800000E-04    1.0896292381E+00    2.4467823839E-01    1.0761178529E+01    8.0479689669E-02
    8.9599800000E-04    1.0893425746E+00    2.4472178767E-01    1.0759577250E+01    8.0468721075E-02
    8.9999800000E-04    1.0890446966E+00    2.4476542000E-01    1.0757907635E+01    8.0457775552E-02
    9.0399800000E-04    1.0887356749E+00    2.4480898963E-01    1.0756169844E+01    8.0446854027E-02
    9.0799800000E-04    1.0884155837E+00    2.4485234587E-01    1.0754364043E+01    8.0435957428E-02
    9.1199800000E-04    1.0880845000E+00    2.4489533324E-01    1.0752490404E+01    8.0425086685E-02
    9.1599800000E-04    1.0877425042E+00    2.4493779158E-01    1.0750549107E+01    8.0414242727E-02
    9.1999800000E-04    1.0873896798E+00    2.4497955617E-01    1.0748540335E+01    8.0403426485E-02
    9.2399800000E-04    1.0870261135E+00    2.4502045783E-01    1.0746464283E+01    8.0392638893E-02
    9.2799800000E-04    1.0866518950E+00    2.4506032305E-01    1.0744321149E+01    8.0381880881E-02
    9.3199800000E-04    1.0862671175E+00    2.4509897414E-01    1.0742111138E+01    8.0371153384E-02
    9.3599800000E-04    1.0858718772E+00    2.4513622947E-01    1.0739834463E+01    8.0360457334E-02
    9.3999800000E-04    1.0854662735E+00    2.4517190357E-01    1.0737491342E+01    8.0349793665E-02
    9.4399800000E-04    1.0850504091E+00    2.4520580730E-01    1.0735082003E+01    8.0339163310E-02
    9.4799800000E-04    1.0846243899E+00    2.4523774800E-01    1.0732606676E+01    8.0328567204E-02
    9.5199800000E-04    1.0841883249E+00    2.4526752967E-01    1.0730065601E+01    8.0318006280E-02
    9.5599800000E-04    1.0837423265E+00    2.4529495311E-01    1.0727459024E+01    8.0307481470E-02
    9.5999800001E-04    1.0832865102E+00    2.4531981610E-01    1.0724787199E+01    8.0296993708E-02
    9.6399800001E-04    1.0828209947E+00    2.4534191355E-01    1.0722050383E+01    8.0286543923E-02
    9.6799800001E-04    1.0823459020E+00    2.4536103772E-01    1.0719248845E+01    8.0276133047E-02
    9.7199800001E-04    1.0818613574E+00    2.4537697834E-01    1.0716382856E+01    8.0265762008E-02
    9.7599800001E-04    1.0813674893E+00    2.4538952282E-01    1.0713452696E+01    8.0255431735E-02
    9.7999800001E-04    1.0808644294E+00    2.4539845642E-01    1.0710458653E+01    8.0245143154E-02
    9.8399800001E-04    1.0803523124E+00    2.4540356244E-01    1.0707401020E+01    8.0234897187E-02
    9.8799800001E-04    1.0798312765E+00    2.4540462242E-01    1.0704280098E+01    8.0224694756E-02
    9.9199800001E-04    1.0793014629E+00    2.4540141628E-01    1.0701096193E+01    8.0214536782E-02
    9.9599800001E-04    1.0787630160E+00    2.4539372255E-01    1.0697849619E+01    8.0204424179E-02
    9.9999800001E-04    1.0782160834E+00    2.4538131856E-01    1.0694540698E+01    8.0194357862E-02
    1.0039980000E-03    1.0776608157E+00    2.4536398062E-01    1.0691169757E+01    8.0184338740E-02
    1.0079980000E-03    1.0770973669E+00    2.4534148419E-01    1.0687737130E+01    8.0174367719E-02
    1.0119980000E-03    1.0765258937E+00    2.4531360414E-01    1.0684243160E+01    8.0164445701E-02
    1.0159980000E-03    1.0759465561E+00    2.4528011489E-01    1.0680688194E+01    8.0154573585E-02
    1.0199980000E-03    1.0753595171E+00    2.4524079061E-01    1.0677072586E+01    8.0144752263E-02
    1.0239980000E-03    1.0747649427E+00    2.4519540545E-01    1.0673396700E+01    8.0134982624E-02
    1.0279980000E-03    1.0741630018E+00    2.4514373373E-01    1.0669660902E+01    8.0125265551E-02
    1.0319980000E-03    1.0735538661E+00    2.4508555010E-01    1.0665865569E+01    8.0115601922E-02
    1.0359980000E-03    1.0729377105E+00    2.4502062979E-01    1.0662011083E+01    8.0105992608E-02
    1.0399980000E-03    1.0723147125E+00    2.4494874875E-01    1.0658097831E+01    8.0096438475E-02
    1.0439980000E-03    1.0716850523E+00    2.4486968393E-01    1.0654126210E+01    8.0086940381E-02
    1.0479980000E-03    1.0710489129E+00    2.4478321338E-01    1.0650096621E+01    8.0077499179E-02
    1.0519980000E-03    1.0704064801E+00    2.4468911651E-01    1.0646009473E+01    8.0068115712E-02
    1.0559980000E-03    1.0697579422E+00    2.4458717425E-01    1.0641865181E+01    8.0058790818E-02
    1.0599980000E-03    1.0691034899E+00    2.4447716925E-01    1.0637664165E+01    8.0049525326E-02
    1.0639980000E-03    1.0684433166E+00    2.4435888607E-01    1.0633406855E+01    8.0040320056E-02
    1.0679980000E-03    1.0677776179E+00    2.4423211136E-01    1.0629093685E+01    8.0031175820E-02
    1.0719980000E-03    1.0671065920E+00    2.4409663407E-01    1.0624725094E+01    8.0022093421E-02
    1.0759980000E-03    1.0664304391E+00    2.4395224561E-01    1.0620301530E+01    8.0013073652E-02
    1.0799980000E-03    1.0657493615E+00    2.4379874008E-01    1.0615823447E+01    8.0004117297E-02
    1.0839980000E-03    1.0650635640E+00    2.4363591436E-01    1.0611291302E+01    7.9995225128E-02
    1.0879980000E-03    1.0643732529E+00    2.4346356839E-01    1.0606705561E+01    7.9986397910E-02
    1.0919980000E-03    1.0636786366E+00    2.4328150527E-01    1.0602066694E+01    7.9977636394E-02
    1.0959980000E-03    1.0629799254E+00    2.4308953146E-01    1.0597375180E+01    7.9968941320E-02
    1.0999980000E-03    1.0622773312E+00    2.4288745695E-01    1.0592631499E+01    7.9960313417E-02
    1.1039980000E-03    1.0615710674E+00    2.4267509539E-01    1.0587836139E+01    7.9951753404E-02
    1.1079980000E-03    1.0608613491E+00    2.4245226429E-01    1.0582989594E+01    7.9943261983E-02
    1.1119980000E-03    1.0601483925E+00    2.4221878512E-01    1.0578092362E+01    7.9934839849E-02
    1.1159980000E-03    1.0594324153E+00    2.4197448352E-01    1.0573144948E+01    7.9926487679E-02
    1.1199980000E-03    1.0587136362E+00    2.4171918938E-01    1.0568147858E+01    7.9918206140E-02
    1.1239980000E-03    1.0579922750E+00    2.4145273703E-01    1.0563101608E+01    7.9909995884E-02
    1.1279980000E-03    1.0572685525E+00    2.4117496531E-01    1.0558006714E+01    7.9901857549E-02
    1.1319980000E-03    1.0565426900E+00    2.4088571776E-01    1.0552863699E+01    7.9893791758E-02
    1.1359980000E-03    1.0558149098E+00    2.4058484268E-01    1.0547673091E+01    7.9885799121E-02
    1.1399980000E-03    1.0550854344E+00    2.4027219329E-01    1.0542435420E+01    7.9877880233E-02
    1.1439980000E-03    1.0543544869E+00    2.3994762779E-01    1.0537151221E+01    7.9870035672E-02
    1.1479980000E-03    1.0536222907E+00    2.3961100949E-01    1.0531821031E+01    7.9862266002E-02
    1.1519980000E-03    1.0528890692E+00    2.3926220690E-01    1.0526445394E+01    7.9854571770E-02
    1.1559980000E-03    1.0521550457E+00    2.3890109378E-01    1.0521024854E+01    7.9846953510E-02
    1.1599980000E-03    1.0514204438E+00    2.3852754926E-01    1.0515559959E+01    7.9839411736E-02
    1.1639980000E-03    1.0506854863E+00    2.3814145787E-01    1.0510051260E+01    7.9831946948E-02
    1.1679980000E-03    1.0499503960E+00    2.3774270964E-01    1.0504499311E+01    7.9824559628E-02
    1.1719980000E-03    1.0492153949E+00    2.3733120010E-01    1.0498904667E+01    7.9817250242E-02
    1.1759980000E-03    1.0484807044E+00    2.3690683039E-01    1.0493267886E+01    7.9810019239E-02
    1.1799980000E-03    1.0477465452E+00    2.3646950723E-01    1.0487589528E+01    7.9802867051E-02
    1.1839980000E-03    1.0470131368E+00    2.3601914300E-01    1.0481870152E+01    7.9795794090E-02
    1.1879980000E-03    1.0462806979E+00    2.3555565574E-01    1.0476110322E+01    7.9788800756E-02
    1.1919980000E-03    1.0455494458E+00    2.3507896916E-01    1.0470310600E+01    7.9781887426E-02
    1.1959980000E-03    1.0448195965E+00    2.3458901266E-01    1.0464471549E+01    7.9775054463E-02
    1.1999980000E-03    1.0440913645E+00    2.3408572130E-01    1.0458593734E+01    7.9768302210E-02
    1.2039980000E-03    1.0433649628E+00    2.3356903581E-01    1.0452677719E+01    7.9761630994E-02
    1.2079980000E-03    1.0426406026E+00    2.3303890258E-01    1.0446724068E+01    7.9755041124E-02
    1.2119980000E-03    1.0419184933E+00    2.3249527361E-01    1.0440733343E+01    7.9748532891E-02
    1.2159980000E-03    1.0411988422E+00    2.3193810653E-01    1.0434706107E+01    7.9742106568E-02
    1.2199980000E-03    1.0404818546E+00    2.3136736449E-01    1.0428642922E+01    7.9735762411E-02
    1.2239980000E-03    1.0397677337E+00    2.3078301614E-01    1.0422544347E+01    7.9729500659E-02
    1.2279980000E-03    1.0390566804E+00    2.3018503555E-01    1.0416410941E+01    7.9723321533E-02
    1.2319980000E-03    1.0383488930E+00    2.2957340215E-01    1.0410243259E+01    7.9717225236E-02
    1.2359980000E-03    1.0376445676E+00    2.2894810069E-01    1.0404041856E+01    7.9711211956E-02
    1.2399980000E-03    1.0369438975E+00    2.2830912113E-01    1.0397807284E+01    7.9705281861E-02
    1.2439980000E-03    1.0362470735E+00    2.2765645856E-01    1.0391540091E+01    7.9699435106E-02
    1.2479980000E-03    1.0355542835E+00    2.2699011313E-01    1.0385240823E+01    7.9693671826E-02
    1.2519980000E-03    1.0348657126E+00    2.2631008997E-01    1.0378910022E+01    7.9687992143E-02
    1.2559980000E-03    1.0341815431E+00    2.2561639906E-01    1.0372548228E+01    7.9682396159E-02
    1.2599980000E-03    1.0335019541E+00    2.2490905513E-01    1.0366155975E+01    7.9676883964E-02
    1.2639980000E-03    1.0328271220E+00    2.2418807760E-01    1.0359733794E+01    7.9671455631E-02
    1.2679980000E-03    1.0321572197E+00    2.2345349041E-01    1.0353282212E+01    7.9666111218E-02
    1.2719980000E-03    1.0314924173E+00    2.2270532198E-01    1.0346801753E+01    7.9660850768E-02
    1.2759980000E-03    1.0308328814E+00    2.2194360502E-01    1.0340292933E+01    7.9655674308E-02
    1.2799980000E-03    1.0301787755E+00    2.2116837645E-01    1.0333756266E+01    7.9650581854E-02
    1.2839980000E-03    1.0295302599E+00    2.2037967732E-01    1.0327192260E+01    7.9645573406E-02
    1.2879980000E-03    1.0288874913E+00    2.1957755259E-01    1.0320601419E+01    7.9640648951E-02
    1.2919980000E-03    1.0282506234E+00    2.1876205113E-01    1.0313984240E+01    7.9635808463E-02
    1.2959980000E-03    1.0276198062E+00    2.1793322550E-01    1.0307341216E+01    7.9631051903E-02
    1.2999980000E-03    1.0269951865E+00    2.1709113187E-01    1.0300672835E+01    7.9626379220E-02
    1.3039980000E-03    1.0263769078E+00    2.1623582992E-01    1.0293979577E+01    7.9621790351E-02
    1.3079980000E-03    1.0257651098E+00    2.1536738266E-01    1.0287261920E+01    7.9617285221E-02
    1.3119980000E-03    1.0251599292E+00    2.1448585638E-01    1.0280520333E+01    7.9612863743E-02
    1.3159980000E-03    1.0245614990E+00    2.1359132047E-01    1.0273755283E+01    7.9608525822E-02
    1.3199980000E-03    1.0239699489E+00    2.1268384734E-01    1.0266967228E+01    7.9604271350E-02
    1.3239980000E-03    1.0233854052E+00    2.1176351230E-01    1.0260156622E+01    7.9600100208E-02
    1.3279980000E-03    1.0228079908E+00    2.1083039343E-01    1.0253323913E+01    7.9596012271E-02
    1.3319980000E-03    1.0222378250E+00    2.0988457150E-01    1.0246469545E+01    7.9592007400E-02
    1.3359980000E-03    1.0216750240E+00    2.0892612984E-01    1.0239593953E+01    7.9588085450E-02
    1.3399980000E-03    1.0211197006E+00    2.0795515424E-01    1.0232697570E+01    7.9584246267E-02
    1.3439980000E-03    1.0205719640E+00    2.0697173287E-01    1.0225780823E+01    7.9580489687E-02
    1.3479980000E-03    1.0200319205E+00    2.0597595615E-01    1.0218844132E+01    7.9576815539E-02
    1.3519980000E-03    1.0194996728E+00    2.0496791669E-01    1.0211887914E+01    7.9573223644E-02
    1.3559980000E-03    1.0189753205E+00    2.0394770920E-01    1.0204912580E+01    7.9569713813E-02
    1.3599980000E-03    1.0184589598E+00    2.0291543036E-01    1.0197918536E+01    7.9566285854E-02
    1.3639980000E-03    1.0179506838E+00    2.0187117882E-01    1.0190906185E+01    7.9562939564E-02
    1.3679980000E-03    1.0174505824E+00    2.0081505506E-01    1.0183875924E+01    7.9559674735E-02
    1.3719980000E-03    1.0169587425E+00    1.9974716133E-01    1.0176828146E+01    7.9556491151E-02
    1.3759980000E-03    1.0164752475E+00    1.9866760161E-01    1.0169763240E+01    7.9553388590E-02
    1.3799980000E-03    1.0160001780E+00    1.9757648153E-01    1.0162681593E+01    7.9550366824E-02
    1.3839980000E-03    1.0155336115E+00    1.9647390831E-01    1.0155583586E+01    7.9547425617E-02
    1.3879980000E-03    1.0150756225E+00    1.9535999072E-01    1.0148469597E+01    7.9544564729E-02
    1.3919980000E-03    1.0146262822E+00    1.9423483900E-01    1.0141340003E+01    7.9541783912E-02
    1.3959980000E-03    1.0141856591E+00    1.9309856486E-01    1.0134195177E+01    7.9539082913E-02
    1.3999980000E-03    1.0137538187E+00    1.9195128140E-01    1.0127035487E+01    7.9536461472E-02
    1.4039980000E-03    1.0133308235E+00    1.9079310308E-01    1.0119861304E+01    7.9533919324E-02
    1.4079980000E-03    1.0129167329E+00    1.8962414572E-01    1.0112672991E+01    7.9531456198E-02
    1.4119980000E-03    1.0125116037E+00    1.8844452642E-01    1.0105470915E+01    7.9529071816E-02
    1.4159980000E-03    1.0121154896E+00    1.8725436355E-01    1.0098255437E+01    7.9526765895E-02
    1.4199980000E-03    1.0117284416E+00    1.8605377673E-01    1.0091026918E+01    7.9524538146E-02
    1.4239980000E-03    1.0113505076E+00    1.8484288682E-01    1.0083785719E+01    7.9522388275E-02
    1.4279980000E-03    1.0109817328E+00    1.8362181586E-01    1.0076532201E+01    7.9520315979E-02
    1.4319980000E-03    1.0106221595E+00    1.8239068711E-01    1.0069266721E+01    7.9518320951E-02
    1.4359980000E-03    1.0102718271E+00    1.8114962495E-01    1.0061989640E+01    7.9516402878E-02
    1.4399980000E-03    1.0099307724E+00    1.7989875497E-01    1.0054701315E+01    7.9514561440E-02
    1.4439980000E-03    1.0095990290E+00    1.7863820385E-01    1.0047402106E+01    7.9512796311E-02
    1.4479980000E-03    1.0092766279E+00    1.7736809942E-01    1.0040092373E+01    7.9511107159E-02
    1.4519980000E-03    1.0089635972E+00    1.7608857063E-01    1.0032772475E+01    7.9509493645E-02
    1.4559980000E-03    1.0086599621E+00    1.7479974752E-01    1.0025442774E+01    7.9507955423E-02
    1.4599980000E-03    1.0083657449E+00    1.7350176120E-01    1.0018103631E+01    7.9506492141E-02
    1.4639980000E-03    1.0080809652E+00    1.7219474388E-01    1.0010755411E+01    7.9505103440E-02
    1.4679980000E-03    1.0078056395E+00    1.7087882881E-01    1.0003398475E+01    7.9503788954E-02
    1.4719980000E-03    1.0075397815E+00    1.6955415030E-01    9.9960331921E+00    7.9502548311E-02
    1.4759980000E-03    1.0072834020E+00    1.6822084366E-01    9.9886599277E+00    7.9501381130E-02
    1.4799980000E-03    1.0070365088E+00    1.6687904525E-01    9.9812790512E+00    7.9500287025E-02
    1.4839980000E-03    1.0067991068E+00    1.6552889237E-01    9.9738909332E+00    7.9499265602E-02
    1.4879980000E-03    1.0065711979E+00    1.6417052333E-01    9.9664959462E+00    7.9498316459E-02
    1.4919980000E-03    1.0063527811E+00    1.6280407737E-01    9.9590944643E+00    7.9497439189E-02
    1.4959980000E-03    1.0061438523E+00    1.6142969465E-01    9.9516868636E+00    7.9496633376E-02
    1.4999980000E-03    1.0059444044E+00    1.6004751621E-01    9.9442735221E+00    7.9495898597E-02
    1.5039980000E-03    1.0057544271E+00    1.5865768397E-01    9.9368548195E+00    7.9495234423E-02
    1.5079980000E-03    1.0055739074E+00    1.5726034067E-01    9.9294311374E+00    7.9494640416E-02
    1.5119980000E-03    1.0054028289E+00    1.5585562986E-01    9.9220028592E+00    7.9494116133E-02
    1.5159980000E-03    1.0052411722E+00    1.5444369582E-01    9.9145703700E+00    7.9493661122E-02
    1.5199980000E-03    1.0050889148E+00    1.5302468358E-01    9.9071340565E+00    7.9493274927E-02
    1.5239980000E-03    1.0049460311E+00    1.5159873881E-01    9.8996943072E+00    7.9492957084E-02
    1.5279980000E-03    1.0048124922E+00    1.5016600784E-01    9.8922515117E+00    7.9492707122E-02
    1.5319980000E-03    1.0046882663E+00    1.4872663758E-01    9.8848060611E+00    7.9492524565E-02
    1.5359980000E-03    1.0045733183E+00    1.4728077546E-01    9.8773583478E+00    7.9492408931E-02
    1.5399980000E-03    1.0044676098E+00    1.4582856942E-01    9.8699087650E+00    7.9492359734E-02
    1.5439980000E-03    1.0043710995E+00    1.4437016780E-01    9.8624577071E+00    7.9492376481E-02
    1.5479980000E-03    1.0042837427E+00    1.4290571935E-01    9.8550055689E+00    7.9492458675E-02
    1.5519980000E-03    1.0042054917E+00    1.4143537314E-01    9.8475527459E+00    7.9492605817E-02
    1.5559980000E-03    1.0041362953E+00    1.3995927848E-01    9.8400996340E+00    7.9492817403E-02
    1.5599980000E-03    1.0040760997E+00    1.3847758493E-01    9.8326466292E+00    7.9493092927E-02
    1.5639980000E-03    1.0040248473E+00    1.3699044217E-01    9.8251941273E+00    7.9493431881E-02
    1.5679980000E-03    1.0039824780E+00    1.3549799999E-01    9.8177425240E+00    7.9493833755E-02
    1.5719980000E-03    1.0039489280E+00    1.3400040821E-01    9.8102922145E+00    7.9494298041E-02
    1.5759980000E-03    1.0039241307E+00    1.3249781665E-01    9.8028435932E+00    7.9494824230E-02
    1.5799980000E-03    1.0039080165E+00    1.3099037501E-01    9.7953970536E+00    7.9495411815E-02
    1.5839980000E-03    1.0039005126E+00    1.2947823291E-01    9.7879529881E+00    7.9496060292E-02
    1.5879980000E-03    1.0039015432E+00    1.2796153973E-01    9.7805117875E+00    7.9496769162E-02
    1.5919980000E-03    1.0039110296E+00    1.2644044463E-01    9.7730738412E+00    7.9497537931E-02
    1.5959980000E-03    1.0039288900E+00    1.2491509648E-01    9.7656395366E+00    7.9498366109E-02
    1.5999980000E-03    1.0039550400E+00    1.2338564379E-01    9.7582092591E+00    7.9499253219E-02
    1.6039980000E-03    1.0039893920E+00    1.2185223468E-01    9.7507833915E+00    7.9500198788E-02
    1.6079980000E-03    1.0040318560E+00    1.2031501684E-01    9.7433623144E+00    7.9501202359E-02
    1.6119980000E-03    1.0040823390E+00    1.1877413745E-01    9.7359464053E+00    7.9502263485E-02
    1.6159980000E-03    1.0041407453E+00    1.1722974320E-01    9.7285360388E+00    7.9503381733E-02
    1.6199980000E-03    1.0042069769E+00    1.1568198020E-01    9.7211315862E+00    7.9504556689E-02
    1.6239980000E-03    1.0042809331E+00    1.1413099395E-01    9.7137334153E+00    7.9505787954E-02
    1.6279980000E-03    1.0043625106E+00    1.1257692935E-01    9.7063418902E+00    7.9507075151E-02
    1.6319980000E-03    1.0044516039E+00    1.1101993062E-01    9.6989573711E+00    7.9508417923E-02
    1.6359980000E-03    1.0045481052E+00    1.0946014132E-01    9.6915802139E+00    7.9509815937E-02
    1.6399980000E-03    1.0046519046E+00    1.0789770427E-01    9.6842107702E+00    7.9511268888E-02
    1.6439980000E-03    1.0047628899E+00    1.0633276159E-01    9.6768493870E+00    7.9512776495E-02
    1.6479980000E-03    1.0048809470E+00    1.0476545466E-01    9.6694964063E+00    7.9514338508E-02
    1.6519980000E-03    1.0050059598E+00    1.0319592409E-01    9.6621521653E+00    7.9515954708E-02
    1.6559980000E-03    1.0051378107E+00    1.0162430973E-01    9.6548169956E+00    7.9517624911E-02
    1.6599980000E-03    1.0052763801E+00    1.0005075065E-01    9.6474912236E+00    7.9519348964E-02
    1.6639980000E-03    1.0054215469E+00    9.8475385165E-02    9.6401751698E+00    7.9521126754E-02
    1.6679980000E-03    1.0055731887E+00    9.6898350776E-02    9.6328691488E+00    7.9522958203E-02
    1.6719980000E-03    1.0057311816E+00    9.5319784215E-02    9.6255734689E+00    7.9524843276E-02
    1.6759980000E-03    1.0058954007E+00    9.3739821431E-02    9.6182884321E+00    7.9526781976E-02
    1.6799980000E-03    1.0060657200E+00    9.2158597595E-02    9.6110143339E+00    7.9528774347E-02
    1.6839980000E-03    1.0062420123E+00    9.0576247101E-02    9.6037514628E+00    7.9530820479E-02
    1.6879980000E-03    1.0064241501E+00    8.8992903578E-02    9.5965001001E+00    7.9532920503E-02
    1.6919980000E-03    1.0066120048E+00    8.7408699895E-02    9.5892605202E+00    7.9535074593E-02
    1.6959980000E-03    1.0068054478E+00    8.5823768171E-02    9.5820329894E+00    7.9537282968E-02
    1.6999980000E-03    1.0070043496E+00    8.4238239785E-02    9.5748177669E+00    7.9539545890E-02
    1.7039980000E-03    1.0072085810E+00    8.2652245390E-02    9.5676151033E+00    7.9541863665E-02
    1.7079980000E-03    1.0074180126E+00    8.1065914919E-02    9.5604252416E+00    7.9544236638E-02
    1.7119980000E-03    1.0076325151E+00    7.9479377610E-02    9.5532484160E+00    7.9546665199E-02
    1.7159980000E-03    1.0078519594E+00    7.7892762008E-02    9.5460848522E+00    7.9549149774E-02
    1.7199980000E-03    1.0080762172E+00    7.6306195990E-02    9.5389347673E+00    7.9551690829E-02
    1.7239980000E-03    1.0083051604E+00    7.4719806779E-02    9.5317983692E+00    7.9554288861E-02
    1.7279980000E-03    1.0085386620E+00    7.3133720960E-02    9.5246758570E+00    7.9556944403E-02
    1.7319980000E-03    1.0087765956E+00    7.1548064504E-02    9.5175674201E+00    7.9559658014E-02
    1.7359980000E-03    1.0090188362E+00    6.9962962786E-02    9.5104732388E+00    7.9562430281E-02
    1.7399980000E-03    1.0092652600E+00    6.8378540609E-02    9.5033934839E+00    7.9565261809E-02
    1.7439980000E-03    1.0095157443E+00    6.6794922230E-02    9.4963283165E+00    7.9568153224E-02
    1.7479980000E-03    1.0097701684E+00    6.5212231389E-02    9.4892778880E+00    7.9571105161E-02
    1.7519980000E-03    1.0100284129E+00    6.3630591334E-02    9.4822423402E+00    7.9574118264E-02
    1.7559980000E-03    1.0102903605E+00    6.2050124861E-02    9.4752218053E+00    7.9577193179E-02
    1.7599980000E-03    1.0105558957E+00    6.0470954347E-02    9.4682164057E+00    7.9580330547E-02
    1.7639980000E-03    1.0108249052E+00    5.8893201791E-02    9.4612262545E+00    7.9583531002E-02
    1.7679980000E-03    1.0110972779E+00    5.7316988857E-02    9.4542514549E+00    7.9586795162E-02
    1.7719980000E-03    1.0113729050E+00    5.5742436924E-02    9.4472921014E+00    7.9590123624E-02
    1.7759980000E-03    1.0116516801E+00    5.4169667134E-02    9.4403482789E+00    7.9593516957E-02
    1.7799980000E-03    1.0119334995E+00    5.2598800454E-02    9.4334200637E+00    7.9596975698E-02
    1.7839980000E-03    1.0122182620E+00    5.1029957731E-02    9.4265075236E+00    7.9600500343E-02
    1.7879980000E-03    1.0125058692E+00    4.9463259761E-02    9.4196107181E+00    7.9604091346E-02
    1.7919980000E-03    1.0127962253E+00    4.7898827355E-02    9.4127296988E+00    7.9607749109E-02
    1.7959980000E-03    1.0130892376E+00    4.6336781414E-02    9.4058645099E+00    7.9611473976E-02
    1.7999980000E-03    1.0133848160E+00    4.4777243004E-02    9.3990151889E+00    7.9615266233E-02
    1.8039980000E-03    1.0136828737E+00    4.3220333437E-02    9.3921817666E+00    7.9619126100E-02
    1.8079980000E-03    1.0139833263E+00    4.1666174351E-02    9.3853642680E+00    7.9623053726E-02
    1.8119980000E-03    1.0142860930E+00    4.0114887796E-02    9.3785627130E+00    7.9627049189E-02
    1.8159980000E-03    1.0145910956E+00    3.8566596319E-02    9.3717771165E+00    7.9631112488E-02
    1.8199980000E-03    1.0148982590E+00    3.7021423048E-02    9.3650074897E+00    7.9635243547E-02
    1.8239980000E-03    1.0152075110E+00    3.5479491780E-02    9.3582538403E+00    7.9639442207E-02
    1.8279980000E-03    1.0155187824E+00    3.3940927060E-02    9.3515161736E+00    7.9643708230E-02
    1.8319980000E-03    1.0158320069E+00    3.2405854262E-02    9.3447944929E+00    7.9648041297E-02
    1.8359980000E-03    1.0161471212E+00    3.0874399668E-02    9.3380888002E+00    7.9652441006E-02
    1.8399980000E-03    1.0164640647E+00    2.9346690538E-02    9.3313990973E+00    7.9656906877E-02
    1.8439980000E-03    1.0167827797E+00    2.7822855169E-02    9.3247253862E+00    7.9661438355E-02
    1.8479980000E-03    1.0171032111E+00    2.6303022959E-02    9.3180676701E+00    7.9666034807E-02
    1.8519980000E-03    1.0174253066E+00    2.4787324449E-02    9.3114259538E+00    7.9670695530E-02
    1.8559980000E-03    1.0177490165E+00    2.3275891363E-02    9.3048002448E+00    7.9675419757E-02
    1.8599980000E-03    1.0180742935E+00    2.1768856631E-02    9.2981905534E+00    7.9680206656E-02
    1.8639980000E-03    1.0184010928E+00    2.0266354406E-02    9.2915968942E+00    7.9685055340E-02
    1.8679980000E-03    1.0187293722E+00    1.8768520063E-02    9.2850192859E+00    7.9689964870E-02
    1.8719980000E-03    1.0190590914E+00    1.7275490182E-02    9.2784577523E+00    7.9694934266E-02
    1.8759980000E-03    1.0193902126E+00    1.5787402526E-02    9.2719123229E+00    7.9699962508E-02
    1.8799980000E-03    1.0197227000E+00    1.4304395992E-02    9.2653830332E+00    7.9705048547E-02
    1.8839980000E-03    1.0200565199E+00    1.2826610555E-02    9.2588699251E+00    7.9710191310E-02
    1.8879980000E-03    1.0203916404E+00    1.1354187193E-02    9.2523730475E+00    7.9715389711E-02
    1.8919980000E-03    1.0207280318E+00    9.8872677991E-03    9.2458924565E+00    7.9720642653E-02
    1.8959980000E-03    1.0210656657E+00    8.4259950731E-03    9.2394282159E+00    7.9725949040E-02
    1.8999980000E-03    1.0214045159E+00    6.9705124061E-03    9.2329803970E+00    7.9731307784E-02
    1.9039980000E-03    1.0217445573E+00    5.5209637457E-03    9.2265490793E+00    7.9736717808E-02
    1.9079980000E-03    1.0220857667E+00    4.0774934504E-03    9.2201343502E+00    7.9742178058E-02
    1.9119980000E-03    1.0224281223E+00    2.6402461314E-03    9.2137363053E+00    7.9747687507E-02
    1.9159980000E-03    1.0227716034E+00    1.2093664835E-03    9.2073550484E+00    7.9753245161E-02
    1.9199980000E-03    1.0231161909E+00   -2.1500089271E-04    9.2009906913E+00    7.9758850065E-02
    1.9239980000E-03    1.0234618666E+00   -1.6327116570E-03    9.1946433541E+00    7.9764501308E-02
    1.9279980000E-03    1.0238086138E+00   -3.0436218998E-03    9.1883131645E+00    7.9770198028E-02
    1.9319980000E-03    1.0241564166E+00   -4.4475883910E-03    9.1820002581E+00    7.9775939416E-02
    1.9359980000E-03    1.0245052601E+00   -5.8444687909E-03    9.1757047783E+00    7.9781724718E-02
    1.9399980000E-03    1.0248551302E+00   -7.2341218549E-03    9.1694268757E+00    7.9787553240E-02
    1.9439980000E-03    1.0252060140E+00   -8.6164076382E-03    9.1631667078E+00    7.9793424349E-02
    1.9479980000E-03    1.0255578991E+00   -9.9911876988E-03    9.1569244393E+00    7.9799337474E-02
    1.9519980000E-03    1.0259107738E+00   -1.1358325298E-02    9.1507002413E+00    7.9805292108E-02
    1.9559980000E-03    1.0262646271E+00   -1.2717685594E-02    9.1444942911E+00    7.9811287807E-02
    1.9599980000E-03    1.0266194485E+00   -1.4069135835E-02    9.1383067718E+00    7.9817324193E-02
    1.9639980000E-03    1.0269752281E+00   -1.5412545539E-02    9.1321378724E+00    7.9823400947E-02
    1.9679980000E-03    1.0273319564E+00   -1.6747786668E-02    9.1259877868E+00    7.9829517817E-02
    1.9719980000E-03    1.0276896241E+00   -1.8074733793E-02    9.1198567139E+00    7.9835674606E-02
    1.9759980000E-03    1.0280482224E+00   -1.9393264249E-02    9.1137448574E+00    7.9841871180E-02
    1.9799980000E-03    1.0284077427E+00   -2.0703258280E-02    9.1076524251E+00    7.9848107457E-02
    1.9839980000E-03    1.0287681766E+00   -2.2004599168E-02    9.1015796285E+00    7.9854383410E-02
    1.9879980000E-03    1.0291295156E+00   -2.3297173355E-02    9.0955266831E+00    7.9860699061E-02
    1.9919980000E-03    1.0294917515E+00   -2.4580870551E-02    9.0894938074E+00    7.9867054480E-02
    1.9959980000E-03    1.0298548759E+00   -2.5855583828E-02    9.0834812233E+00    7.9873449778E-02
    1.9999980000E-03    1.0302188805E+00   -2.7121209705E-02    9.0774891552E+00    7.9879885109E-02
    2.0039980000E-03    1.0305837568E+00   -2.8377648219E-02    9.0715178300E+00    7.9886360661E-02
    2.0079980000E-03    1.0309494959E+00   -2.9624802977E-02    9.0655674771E+00    7.9892876656E-02
    2.0119980000E-03    1.0313160890E+00   -3.0862581213E-02    9.0596383277E+00    7.9899433343E-02
    2.0159980000E-03    1.0316835268E+00   -3.2090893811E-02    9.0537306150E+00    7.9906030998E-02
    2.0199980000E-03    1.0320517996E+00   -3.3309655338E-02    9.0478445740E+00    7.9912669919E-02
    2.0239980000E-03    1.0324208974E+00   -3.4518784050E-02    9.0419804409E+00    7.9919350421E-02
    2.0279980000E-03    1.0327908097E+00   -3.5718201901E-02    9.0361384535E+00    7.9926072833E-02
    2.0319980000E-03    1.0331615254E+00   -3.6907834531E-02    9.0303188507E+00    7.9932837498E-02
    2.0359980000E-03    1.0335330330E+00   -3.8087611252E-02    9.0245218726E+00    7.9939644764E-02
    2.0399980000E-03    1.0339053201E+00   -3.9257465027E-02    9.0187477602E+00    7.9946494987E-02
    2.0439980000E-03    1.0342783740E+00   -4.0417332436E-02    9.0129967553E+00    7.9953388524E-02
    2.0479980000E-03    1.0346521811E+00   -4.1567153641E-02    9.0072691007E+00    7.9960325733E-02
    2.0519980000E-03    1.0350267270E+00   -4.2706872340E-02    9.0015650399E+00    7.9967306968E-02
    2.0559980000E-03    1.0354019967E+00   -4.3836435718E-02    8.9958848171E+00    7.9974332579E-02
    2.0599980000E-03    1.0357779742E+00   -4.4955794395E-02    8.9902286771E+00    7.9981402909E-02
    2.0639980000E-03    1.0361546427E+00   -4.6064902368E-02    8.9845968652E+00    7.9988518292E-02
    2.0679980000E-03    1.0365319846E+00   -4.7163716950E-02    8.9789896276E+00    7.9995679052E-02
    2.0719980000E-03    1.0369099813E+00   -4.8252198702E-02    8.9734072107E+00    8.0002885499E-02
    2.0759980000E-03    1.0372886133E+00   -4.9330311375E-02    8.9678498616E+00    8.0010137933E-02
    2.0799980000E-03    1.0376678601E+00   -5.0398021835E-02    8.9623178280E+00    8.0017436637E-02
    2.0839980000E-03    1.0380477002E+00   -5.1455299996E-02    8.9568113579E+00    8.0024781878E-02
    2.0879980000E-03    1.0384281110E+00   -5.2502118753E-02    8.9513307000E+00    8.0032173909E-02
    2.0919980000E-03    1.0388090691E+00   -5.3538453906E-02    8.9458761034E+00    8.0039612964E-02
    2.0959980000E-03    1.0391905497E+00   -5.4564284098E-02    8.9404478177E+00    8.0047099261E-02
    2.0999980000E-03    1.0395725274E+00   -5.5579590737E-02    8.9350460932E+00    8.0054632998E-02
    2.1039980000E-03    1.0399549752E+00   -5.6584357932E-02    8.9296711804E+00    8.0062214357E-02
    2.1079980000E-03    1.0403378654E+00   -5.7578572423E-02    8.9243233306E+00    8.0069843499E-02
    2.1119980000E-03    1.0407211690E+00   -5.8562223515E-02    8.9190027953E+00    8.0077520568E-02
    2.1159980000E-03    1.0411048559E+00   -5.9535303011E-02    8.9137098268E+00    8.0085245689E-02
    2.1199980000E-03    1.0414888951E+00   -6.0497805153E-02    8.9084446778E+00    8.0093018969E-02
    2.1239980000E-03    1.0418732541E+00   -6.1449726565E-02    8.9032076013E+00    8.0100840495E-02
    2.1279980000E-03    1.0422578997E+00   -6.2391066198E-02    8.8979988513E+00    8.0108710338E-02
    2.1319980000E-03    1.0426427972E+00   -6.3321825268E-02    8.8928186818E+00    8.0116628548E-02
    2.1359980000E-03    1.0430279111E+00   -6.4242007205E-02    8.8876673476E+00    8.0124595162E-02
    2.1399980000E-03    1.0434132047E+00   -6.5151617590E-02    8.8825451038E+00    8.0132610194E-02
    2.1439980000E-03    1.0437986400E+00   -6.6050664111E-02    8.8774522061E+00    8.0140673646E-02
    2.1479980000E-03    1.0441841781E+00   -6.6939156507E-02    8.8723889106E+00    8.0148785501E-02
    2.1519980000E-03    1.0445697790E+00   -6.7817106517E-02    8.8673554739E+00    8.0156945727E-02
    2.1559980000E-03    1.0449554016E+00   -6.8684527841E-02    8.8623521529E+00    8.0165154275E-02
    2.1599980000E-03    1.0453410036E+00   -6.9541436083E-02    8.8573792049E+00    8.0173411082E-02
    2.1639980000E-03    1.0457265419E+00   -7.0387848718E-02    8.8524368878E+00    8.0181716071E-02
    2.1679980000E-03    1.0461119722E+00   -7.1223785041E-02    8.8475254595E+00    8.0190069149E-02
    2.1719980000E-03    1.0464972492E+00   -7.2049266131E-02    8.8426451785E+00    8.0198470211E-02
    2.1759980000E-03    1.0468823265E+00   -7.2864314810E-02    8.8377963035E+00    8.0206919137E-02
    2.1799980000E-03    1.0472671569E+00   -7.3668955607E-02    8.8329790933E+00    8.0215415797E-02
    2.1839980000E-03    1.0476516921E+00   -7.4463214716E-02    8.8281938072E+00    8.0223960045E-02
    2.1879980000E-03    1.0480358828E+00   -7.5247119970E-02    8.8234407044E+00    8.0232551727E-02
    2.1919980000E-03    1.0484196790E+00   -7.6020700796E-02    8.8187200444E+00    8.0241190674E-02
    2.1959980000E-03    1.0488030295E+00   -7.6783988190E-02    8.8140320867E+00    8.0249876709E-02
    2.1999980000E-03    1.0491858824E+00   -7.7537014682E-02    8.8093770909E+00    8.0258609643E-02
    2.2039980000E-03    1.0495681849E+00   -7.8279814304E-02    8.8047553166E+00    8.0267389276E-02
    2.2079980000E-03    1.0499498833E+00   -7.9012422559E-02    8.8001670234E+00    8.0276215400E-02
    2.2119980000E-03    1.0503309233E+00   -7.9734876393E-02    8.7956124706E+00    8.0285087797E-02
    2.2159980000E-03    1.0507112494E+00   -8.0447214167E-02    8.7910919177E+00    8.0294006238E-02
    2.2199980000E-03    1.0510908058E+00   -8.1149475624E-02    8.7866056237E+00    8.0302970489E-02
    2.2239980000E-03    1.0514695356E+00   -8.1841701865E-02    8.7821538474E+00    8.0311980304E-02
    2.2279980000E-03    1.0518473814E+00   -8.2523935316E-02    8.7777368476E+00    8.0321035431E-02
    2.2319980000E-03    1.0522242850E+00   -8.3196219708E-02    8.7733548823E+00    8.0330135609E-02
    2.2359980000E-03    1.0526001877E+00   -8.3858600043E-02    8.7690082094E+00    8.0339280570E-02
    2.2399980000E-03    1.0529750301E+00   -8.4511122571E-02    8.7646970862E+00    8.0348470038E-02
    2.2439980000E-03    1.0533487521E+00   -8.5153834758E-02    8.7604217697E+00    8.0357703730E-02
    2.2479980000E-03    1.0537212931E+00   -8.5786785265E-02    8.7561825160E+00    8.0366981358E-02
    2.2519980000E-03    1.0540925920E+00   -8.6410023917E-02    8.7519795807E+00    8.0376302624E-02
    2.2559980000E-03    1.0544625873E+00   -8.7023601676E-02    8.7478132189E+00    8.0385667226E-02
    2.2599980000E-03    1.0548312168E+00   -8.7627570616E-02    8.7436836847E+00    8.0395074854E-02
    2.2639980000E-03    1.0551984179E+00   -8.8221983892E-02    8.7395912315E+00    8.0404525194E-02
    2.2679980000E-03    1.0555641278E+00   -8.8806895689E-02    8.7355361119E+00    8.0414017924E-02
    2.2719980000E-03    1.0559282830E+00   -8.9382361037E-02    8.7315185773E+00    8.0423552717E-02
    2.2759980000E-03    1.0562908201E+00   -8.9948435878E-02    8.7275388785E+00    8.0433129241E-02
    2.2799980000E-03    1.0566516750E+00   -9.0505177116E-02    8.7235972650E+00    8.0442747157E-02
    2.2839980000E-03    1.0570107835E+00   -9.1052642591E-02    8.7196939852E+00    8.0452406122E-02
    2.2879980000E-03    1.0573680812E+00   -9.1590891046E-02    8.7158292865E+00    8.0462105787E-02
    2.2919980000E-03    1.0577235032E+00   -9.2119982102E-02    8.7120034150E+00    8.0471845798E-02
    2.2959980000E-03    1.0580769848E+00   -9.2639976228E-02    8.7082166156E+00    8.0481625796E-02
    2.2999980000E-03    1.0584284607E+00   -9.3150934712E-02    8.7044691318E+00    8.0491445417E-02
    2.3039980000E-03    1.0587778659E+00   -9.3652919629E-02    8.7007612057E+00    8.0501304292E-02
    2.3079980000E-03    1.0591251350E+00   -9.4145993811E-02    8.6970930781E+00    8.0511202049E-02
    2.3119980000E-03    1.0594702026E+00   -9.4630220817E-02    8.6934649883E+00    8.0521138308E-02
    2.3159980000E-03    1.0598130032E+00   -9.5105664898E-02    8.6898771739E+00    8.0531112688E-02
    2.3199980000E-03    1.0601534715E+00   -9.5572390965E-02    8.6863298710E+00    8.0541124800E-02
    2.3239980000E-03    1.0604915420E+00   -9.6030464558E-02    8.6828233141E+00    8.0551174255E-02
    2.3279980000E-03    1.0608271494E+00   -9.6479951809E-02    8.6793577360E+00    8.0561260655E-02
    2.3319980000E-03    1.0611602284E+00   -9.6920919408E-02    8.6759333676E+00    8.0571383601E-02
    2.3359980000E-03    1.0614907137E+00   -9.7353434567E-02    8.6725504381E+00    8.0581542690E-02
    2.3399980000E-03    1.0618185404E+00   -9.7777564987E-02    8.6692091749E+00    8.0591737512E-02
    2.3439980000E-03    1.0621436436E+00   -9.8193378817E-02    8.6659098032E+00    8.0601967656E-02
    2.3479980000E-03    1.0624659586E+00   -9.8600944618E-02    8.6626525467E+00    8.0612232705E-02
    2.3519980000E-03    1.0627854210E+00   -9.9000331327E-02    8.6594376265E+00    8.0622532241E-02
    2.3559980000E-03    1.0631019665E+00   -9.9391608215E-02    8.6562652623E+00    8.0632865839E-02
    2.3599980000E-03    1.0634155314E+00   -9.9774844851E-02    8.6531356710E+00    8.0643233073E-02
    2.3639980000E-03    1.0637260520E+00   -1.0015011106E-01    8.6500490679E+00    8.0653633512E-02
    2.3679980000E-03    1.0640334651E+00   -1.0051747688E-01    8.6470056658E+00    8.0664066722E-02
    2.3719980000E-03    1.0643377078E+00   -1.0087701254E-01    8.6440056752E+00    8.0674532265E-02
    2.3759980000E-03    1.0646387176E+00   -1.0122878837E-01    8.6410493044E+00    8.0685029700E-02
    2.3799980000E-03    1.0649364325E+00   -1.0157287483E-01    8.6381367595E+00    8.0695558585E-02
    2.3839980000E-03    1.0652307910E+00   -1.0190934240E-01    8.6352682437E+00    8.0706118471E-02
    2.3879980000E-03    1.0655217319E+00   -1.0223826159E-01    8.6324439584E+00    8.0716708908E-02
    2.3919980000E-03    1.0658091946E+00   -1.0255970286E-01    8.6296641020E+00    8.0727329444E-02
    2.3959980000E-03    1.0660931191E+00   -1.0287373661E-01    8.6269288706E+00    8.0737979622E-02
    2.3999980000E-03    1.0663734458E+00   -1.0318043329E-01    8.6242384577E+00    8.0748658984E-02
    2.4039980000E-03    1.0666501157E+00   -1.0347986330E-01    8.6215930542E+00    8.0759367068E-02
    2.4079980000E-03    1.0669230704E+00   -1.0377209679E-01    8.6189928483E+00    8.0770103409E-02
    2.4119980000E-03    1.0671922522E+00   -1.0405720367E-01    8.6164380255E+00    8.0780867542E-02
    2.4159980000E-03    1.0674576040E+00   -1.0433525351E-01    8.6139287686E+00    8.0791658998E-02
    2.4199980000E-03    1.0677190693E+00   -1.0460631553E-01    8.6114652576E+00    8.0802477304E-02
    2.4239980000E-03    1.0679765926E+00   -1.0487045856E-01    8.6090476696E+00    8.0813321986E-02
    2.4279980000E-03    1.0682301187E+00   -1.0512775096E-01    8.6066761789E+00    8.0824192570E-02
    2.4319980000E-03    1.0684795936E+00   -1.0537826061E-01    8.6043509569E+00    8.0835088576E-02
    2.4359980000E-03    1.0687249638E+00   -1.0562205483E-01    8.6020721721E+00    8.0846009524E-02
    2.4399980000E-03    1.0689661767E+00   -1.0585920039E-01    8.5998399899E+00    8.0856954933E-02
    2.4439980000E-03    1.0692031804E+00   -1.0608976339E-01    8.5976545728E+00    8.0867924318E-02
    2.4479980000E-03    1.0694359241E+00   -1.0631380929E-01    8.5955160802E+00    8.0878917194E-02
    2.4519980000E-03    1.0696643575E+00   -1.0653140282E-01    8.5934246686E+00    8.0889933074E-02
    2.4559980000E-03    1.0698884314E+00   -1.0674260793E-01    8.5913804910E+00    8.0900971467E-02
    2.4599980000E-03    1.0701080977E+00   -1.0694748779E-01    8.5893836975E+00    8.0912031884E-02
    2.4639980000E-03    1.0703233087E+00   -1.0714610471E-01    8.5874344352E+00    8.0923113832E-02
    2.4679980000E-03    1.0705340181E+00   -1.0733852011E-01    8.5855328477E+00    8.0934216818E-02
    2.4719980000E-03    1.0707401804E+00   -1.0752479447E-01    8.5836790754E+00    8.0945340348E-02
    2.4759980000E-03    1.0709417510E+00   -1.0770498729E-01    8.5818732555E+00    8.0956483925E-02
    2.4799980000E-03    1.0711386864E+00   -1.0787915707E-01    8.5801155220E+00    8.0967647051E-02
    2.4839980000E-03    1.0713309441E+00   -1.0804736124E-01    8.5784060054E+00    8.0978829229E-02
    2.4879980000E-03    1.0715184825E+00   -1.0820965612E-01    8.5767448329E+00    8.0990029960E-02
    2.4919980000E-03    1.0717012611E+00   -1.0836609690E-01    8.5751321285E+00    8.1001248742E-02
    2.4959980000E-03    1.0718792406E+00   -1.0851673760E-01    8.5735680124E+00    8.1012485075E-02
    2.4999980000E-03    1.0720523825E+00   -1.0866163102E-01    8.5720526019E+00    8.1023738457E-02
    2.5039980000E-03    1.0722206497E+00   -1.0880082869E-01    8.5705860103E+00    8.1035008384E-02
    2.5079980000E-03    1.0723840059E+00   -1.0893438086E-01    8.5691683479E+00    8.1046294352E-02
    2.5119980000E-03    1.0725424161E+00   -1.0906233647E-01    8.5677997213E+00    8.1057595858E-02
    2.5159980000E-03    1.0726958463E+00   -1.0918474301E-01    8.5664802334E+00    8.1068912396E-02
    2.5199980000E-03    1.0728442637E+00   -1.0930164648E-01    8.5652099839E+00    8.1080243461E-02
    2.5239980000E-03    1.0729876369E+00   -1.0941309147E-01    8.5639890688E+00    8.1091588546E-02
    2.5279980000E-03    1.0731259352E+00   -1.0951912109E-01    8.5628175804E+00    8.1102947144E-02
    2.5319980000E-03    1.0732591293E+00   -1.0961977696E-01    8.5616956076E+00    8.1114318748E-02
    2.5359980000E-03    1.0733871912E+00   -1.0971509921E-01    8.5606232357E+00    8.1125702851E-02
    2.5399980000E-03    1.0735100939E+00   -1.0980512640E-01    8.5596005461E+00    8.1137098944E-02
    2.5439980000E-03    1.0736278117E+00   -1.0988989551E-01    8.5586276168E+00    8.1148506519E-02
    2.5479980000E-03    1.0737403199E+00   -1.0996944195E-01    8.5577045222E+00    8.1159925066E-02
    2.5519980000E-03    1.0738475953E+00   -1.1004379946E-01    8.5568313329E+00    8.1171354077E-02
    2.5559980000E-03    1.0739496158E+00   -1.1011300015E-01    8.5560081159E+00    8.1182793043E-02
    2.5599980000E-03    1.0740463603E+00   -1.1017707443E-01    8.5552349343E+00    8.1194241452E-02
    2.5639980000E-03    1.0741378094E+00   -1.1023605103E-01    8.5545118478E+00    8.1205698796E-02
    2.5679980000E-03    1.0742239445E+00   -1.1028995693E-01    8.5538389122E+00    8.1217164564E-02
    2.5719980000E-03    1.0743047485E+00   -1.1033881738E-01    8.5532161797E+00    8.1228638245E-02
    2.5759980000E-03    1.0743802054E+00   -1.1038265585E-01    8.5526436986E+00    8.1240119328E-02
    2.5799980000E-03    1.0744503006E+00   -1.1042149405E-01    8.5521215135E+00    8.1251607304E-02
    2.5839980000E-03    1.0745150207E+00   -1.1045535186E-01    8.5516496655E+00    8.1263101659E-02
    2.5879980000E-03    1.0745743535E+00   -1.1048424735E-01    8.5512281915E+00    8.1274601884E-02
    2.5919980000E-03    1.0746282882E+00   -1.1050819678E-01    8.5508571251E+00    8.1286107467E-02
    2.5959980000E-03    1.0746768151E+00   -1.1052721454E-01    8.5505364958E+00    8.1297617896E-02
    2.5999980000E-03    1.0747199260E+00   -1.1054131316E-01    8.5502663294E+00    8.1309132659E-02
    2.6039980000E-03    1.0747576137E+00   -1.1055050334E-01    8.5500466480E+00    8.1320651244E-02
    2.6079980000E-03    1.0747898726E+00   -1.1055479386E-01    8.5498774700E+00    8.1332173140E-02
    2.6119980000E-03    1.0748166981E+00   -1.1055419166E-01    8.5497588096E+00    8.1343697834E-02
    2.6159980000E-03    1.0748380870E+00   -1.1054870174E-01    8.5496906778E+00    8.1355224813E-02
    2.6199980000E-03    1.0748540374E+00   -1.1053832726E-01    8.5496730813E+00    8.1366753567E-02
    2.6239980000E-03    1.0748645487E+00   -1.1052306945E-01    8.5497060233E+00    8.1378283580E-02
    2.6279980000E-03    1.0748696216E+00   -1.1050292769E-01    8.5497895031E+00    8.1389814343E-02
    2.6319980000E-03    1.0748692578E+00   -1.1047789965E-01    8.5499235163E+00    8.1401345340E-02
    2.6359980000E-03    1.0748634605E+00   -1.1044798114E-01    8.5501080547E+00    8.1412876061E-02
    2.6399980000E-03    1.0748522342E+00   -1.1041316611E-01    8.5503431062E+00    8.1424405991E-02
    2.6439980000E-03    1.0748355846E+00   -1.1037344661E-01    8.5506286550E+00    8.1435934618E-02
    2.6479980000E-03    1.0748135186E+00   -1.1032881278E-01    8.5509646815E+00    8.1447461428E-02
    2.6519980000E-03    1.0747860445E+00   -1.1027925294E-01    8.5513511623E+00    8.1458985909E-02
    2.6559980000E-03    1.0747531718E+00   -1.1022475351E-01    8.5517880703E+00    8.1470507546E-02
    2.6599980000E-03    1.0747149113E+00   -1.1016529907E-01    8.5522753744E+00    8.1482025828E-02
    2.6639980000E-03    1.0746712750E+00   -1.1010087235E-01    8.5528130400E+00    8.1493540239E-02
    2.6679980000E-03    1.0746222763E+00   -1.1003145426E-01    8.5534010286E+00    8.1505050267E-02
    2.6719980000E-03    1.0745679297E+00   -1.0995702391E-01    8.5540392978E+00    8.1516555397E-02
    2.6759980000E-03    1.0745082511E+00   -1.0987755860E-01    8.5547278018E+00    8.1528055117E-02
    2.6799980000E-03    1.0744432574E+00   -1.0979303385E-01    8.5554664907E+00    8.1539548913E-02
    2.6839980000E-03    1.0743729670E+00   -1.0970342342E-01    8.5562553110E+00    8.1551036271E-02
    2.6879980000E-03    1.0742973995E+00   -1.0960869934E-01    8.5570942054E+00    8.1562516678E-02
    2.6919980000E-03    1.0742165754E+00   -1.0950883192E-01    8.5579831131E+00    8.1573989620E-02
    2.6959980000E-03    1.0741305169E+00   -1.0940378975E-01    8.5589219692E+00    8.1585454583E-02
    2.6999980000E-03    1.0740392470E+00   -1.0929353979E-01    8.5599107055E+00    8.1596911055E-02
    2.7039980000E-03    1.0739427901E+00   -1.0917804732E-01    8.5609492498E+00    8.1608358521E-02
    2.7079980000E-03    1.0738411717E+00   -1.0905727599E-01    8.5620375264E+00    8.1619796469E-02
    2.7119980000E-03    1.0737344186E+00   -1.0893118789E-01    8.5631754559E+00    8.1631224385E-02
    2.7159979999E-03    1.0736225587E+00   -1.0879974351E-01    8.5643629551E+00    8.1642641757E-02
    2.7199979999E-03    1.0735056210E+00   -1.0866290182E-01    8.5655999374E+00    8.1654048073E-02
    2.7239979999E-03    1.0733836357E+00   -1.0852062028E-01    8.5668863124E+00    8.1665442819E-02
    2.7279979999E-03    1.0732566342E+00   -1.0837285486E-01    8.5682219862E+00    8.1676825484E-02
    2.7319979999E-03    1.0731246489E+00   -1.0821956009E-01    8.5696068612E+00    8.1688195555E-02
    2.7359979999E-03    1.0729877134E+00   -1.0806068910E-01    8.5710408364E+00    8.1699552523E-02
    2.7399979999E-03    1.0728458624E+00   -1.0789619359E-01    8.5725238070E+00    8.1710895875E-02
    2.7439979999E-03    1.0726991317E+00   -1.0772602349E-01    8.5740556649E+00    8.1722225102E-02
    2.7479979999E-03    1.0725475585E+00   -1.0755012712E-01    8.5756362982E+00    8.1733539693E-02
    2.7519979999E-03    1.0723911807E+00   -1.0736845150E-01    8.5772655918E+00    8.1744839139E-02
    2.7559979999E-03    1.0722300376E+00   -1.0718094239E-01    8.5789434268E+00    8.1756122931E-02
    2.7599979999E-03    1.0720641693E+00   -1.0698754430E-01    8.5806696812E+00    8.1767390563E-02
    2.7639979999E-03    1.0718936171E+00   -1.0678820055E-01    8.5824442293E+00    8.1778641526E-02
    2.7679979999E-03    1.0717184232E+00   -1.0658285331E-01    8.5842669421E+00    8.1789875315E-02
    2.7719979999E-03    1.0715386307E+00   -1.0637144361E-01    8.5861376873E+00    8.1801091425E-02
    2.7759979999E-03    1.0713542839E+00   -1.0615391142E-01    8.5880563293E+00    8.1812289351E-02
    2.7799979999E-03    1.0711654279E+00   -1.0593019566E-01    8.5900227290E+00    8.1823468591E-02
    2.7839979999E-03    1.0709721087E+00   -1.0570023427E-01    8.5920367442E+00    8.1834628644E-02
    2.7879979999E-03    1.0707743734E+00   -1.0546396421E-01    8.5940982294E+00    8.1845769007E-02
    2.7919979999E-03    1.0705722698E+00   -1.0522132154E-01    8.5962070357E+00    8.1856889184E-02
    2.7959979999E-03    1.0703658466E+00   -1.0497224144E-01    8.5983630114E+00    8.1867988675E-02
    2.7999979999E-03    1.0701551535E+00   -1.0471665827E-01    8.6005660013E+00    8.1879066985E-02
    2.8039979999E-03    1.0699402409E+00   -1.0445450560E-01    8.6028158473E+00    8.1890123620E-02
    2.8079979999E-03    1.0697211601E+00   -1.0418571627E-01    8.6051123881E+00    8.1901158086E-02
    2.8119979999E-03    1.0694979632E+00   -1.0391022241E-01    8.6074554593E+00    8.1912169893E-02
    2.8159979999E-03    1.0692707028E+00   -1.0362795551E-01    8.6098448935E+00    8.1923158552E-02
    2.8199979999E-03    1.0690394327E+00   -1.0333884646E-01    8.6122805206E+00    8.1934123576E-02
    2.8239979999E-03    1.0688042071E+00   -1.0304282557E-01    8.6147621671E+00    8.1945064480E-02
    2.8279979999E-03    1.0685650811E+00   -1.0273982266E-01    8.6172896569E+00    8.1955980781E-02
    2.8319979999E-03    1.0683221101E+00   -1.0242976708E-01    8.6198628110E+00    8.1966871999E-02
    2.8359979999E-03    1.0680753507E+00   -1.0211258774E-01    8.6224814474E+00    8.1977737656E-02
    2.8399979999E-03    1.0678248597E+00   -1.0178821321E-01    8.6251453816E+00    8.1988577277E-02
    2.8439979999E-03    1.0675706946E+00   -1.0145657171E-01    8.6278544260E+00    8.1999390388E-02
    2.8479979999E-03    1.0673129136E+00   -1.0111759118E-01    8.6306083905E+00    8.2010176520E-02
    2.8519979999E-03    1.0670515754E+00   -1.0077119935E-01    8.6334070823E+00    8.2020935205E-02
    2.8559979999E-03    1.0667867390E+00   -1.0041732375E-01    8.6362503060E+00    8.2031665979E-02
    2.8599979999E-03    1.0665184641E+00   -1.0005589219E-01    8.6391378636E+00    8.2042368381E-02
    2.8639979999E-03    1.0662468106E+00   -9.9686832917E-02    8.6420695545E+00    8.2053041952E-02
    2.8679979999E-03    1.0659718387E+00   -9.9310074188E-02    8.6450451759E+00    8.2063686236E-02
    2.8719979999E-03    1.0656936093E+00   -9.8925544267E-02    8.6480645222E+00    8.2074300782E-02
    2.8759979999E-03    1.0654121834E+00   -9.8533171479E-02    8.6511273857E+00    8.2084885141E-02
    2.8799979999E-03    1.0651276224E+00   -9.8132884249E-02    8.6542335560E+00    8.2095438867E-02
    2.8839979999E-03    1.0648399882E+00   -9.7724611145E-02    8.6573828208E+00    8.2105961518E-02
    2.8879979999E-03    1.0645493428E+00   -9.7308280921E-02    8.6605749651E+00    8.2116452655E-02
    2.8919979999E-03    1.0642557486E+00   -9.6883822554E-02    8.6638097718E+00    8.2126911843E-02
    2.8959979999E-03    1.0639592681E+00   -9.6451165292E-02    8.6670870218E+00    8.2137338650E-02
    2.8999979999E-03    1.0636599640E+00   -9.6010238686E-02    8.6704064937E+00    8.2147732650E-02
    2.9039979999E-03    1.0633578994E+00   -9.5560972635E-02    8.6737679639E+00    8.2158093417E-02
    2.9079979999E-03    1.0630531373E+00   -9.5103297424E-02    8.6771712069E+00    8.2168420532E-02
    2.9119979999E-03    1.0627457410E+00   -9.4637143760E-02    8.6806159953E+00    8.2178713579E-02
    2.9159979999E-03    1.0624357737E+00   -9.4162442812E-02    8.6841020995E+00    8.2188972145E-02
    2.9199979999E-03    1.0621232988E+00   -9.3679126248E-02    8.6876292881E+00    8.2199195824E-02
    2.9239979999E-03    1.0618083797E+00   -9.3187126269E-02    8.6911973281E+00    8.2209384210E-02
    2.9279979999E-03    1.0614910797E+00   -9.2686375645E-02    8.6948059843E+00    8.2219536904E-02
    2.9319979999E-03    1.0611714621E+00   -9.2176807753E-02    8.6984550200E+00    8.2229653511E-02
    2.9359979999E-03    1.0608495902E+00   -9.1658356606E-02    8.7021441969E+00    8.2239733641E-02
    2.9399979999E-03    1.0605255272E+00   -9.1130956891E-02    8.7058732748E+00    8.2249776906E-02
    2.9439979999E-03    1.0601993361E+00   -9.0594544001E-02    8.7096420121E+00    8.2259782925E-02
    2.9479979999E-03    1.0598710797E+00   -9.0049054063E-02    8.7134501658E+00    8.2269751321E-02
    2.9519979999E-03    1.0595408208E+00   -8.9494423974E-02    8.7172974910E+00    8.2279681720E-02
    2.9559979999E-03    1.0592086216E+00   -8.8930591433E-02    8.7211837420E+00    8.2289573756E-02
    2.9599979999E-03    1.0588745446E+00   -8.8357494963E-02    8.7251086712E+00    8.2299427065E-02
    2.9639979999E-03    1.0585386514E+00   -8.7775073950E-02    8.7290720300E+00    8.2309241289E-02
    2.9679979999E-03    1.0582010037E+00   -8.7183268666E-02    8.7330735685E+00    8.2319016075E-02
    2.9719979999E-03    1.0578616628E+00   -8.6582020301E-02    8.7371130356E+00    8.2328751076E-02
    2.9759979999E-03    1.0575206894E+00   -8.5971270987E-02    8.7411901792E+00    8.2338445947E-02
    2.9799979999E-03    1.0571781440E+00   -8.5350963829E-02    8.7453047459E+00    8.2348100353E-02
    2.9839979999E-03    1.0568340866E+00   -8.4721042913E-02    8.7494564817E+00    8.2357713961E-02
    2.9879979999E-03    1.0564885767E+00   -8.4081453141E-02    8.7536451312E+00    8.2367286445E-02
    2.9919979999E-03    1.0561416734E+00   -8.3432140341E-02    8.7578704383E+00    8.2376817485E-02
    2.9959979999E-03    1.0557934352E+00   -8.2773051448E-02    8.7621321463E+00    8.2386306766E-02
    2.9999979999E-03    1.0554439200E+00   -8.2104134537E-02    8.7664299974E+00    8.2395753979E-02
    3.0039979999E-03    1.0550931852E+00   -8.1425338850E-02    8.7707637333E+00    8.2405158824E-02
    3.0079979999E-03    1.0547412875E+00   -8.0736614824E-02    8.7751330951E+00    8.2414521004E-02
    3.0119979999E-03    1.0543882828E+00   -8.0037914119E-02    8.7795378233E+00    8.2423840230E-02
    3.0159979999E-03    1.0540342267E+00   -7.9329189644E-02    8.7839776580E+00    8.2433116222E-02
    3.0199979999E-03    1.0536791736E+00   -7.8610395590E-02    8.7884523387E+00    8.2442348703E-02
    3.0239979999E-03    1.0533231774E+00   -7.7881487450E-02    8.7929616047E+00    8.2451537407E-02
    3.0279979999E-03    1.0529662912E+00   -7.7142422055E-02    8.7975051948E+00    8.2460682074E-02
    3.0319979999E-03    1.0526085673E+00   -7.6393157596E-02    8.8020828479E+00    8.2469782453E-02
    3.0359979999E-03    1.0522500571E+00   -7.5633653655E-02    8.8066943025E+00    8.2478838300E-02
    3.0399979999E-03    1.0518908112E+00   -7.4863871236E-02    8.8113392969E+00    8.2487849380E-02
    3.0439979999E-03    1.0515308793E+00   -7.4083772790E-02    8.8160175694E+00    8.2496815467E-02
    3.0479979999E-03    1.0511703102E+00   -7.3293322250E-02    8.8207288585E+00    8.2505736345E-02
    3.0519979999E-03    1.0508091518E+00   -7.2492485057E-02    8.8254729026E+00    8.2514611807E-02
    3.0559979999E-03    1.0504474510E+00   -7.1681228195E-02    8.8302494403E+00    8.2523441655E-02
    3.0599979999E-03    1.0500852536E+00   -7.0859520222E-02    8.8350582101E+00    8.2532225704E-02
    3.0639979999E-03    1.0497226047E+00   -7.0027331306E-02    8.8398989512E+00    8.2540963778E-02
    3.0679979999E-03    1.0493595482E+00   -6.9184633253E-02    8.8447714027E+00    8.2549655712E-02
    3.0719979999E-03    1.0489961269E+00   -6.8331399553E-02    8.8496753043E+00    8.2558301354E-02
    3.0759979999E-03    1.0486323828E+00   -6.7467605408E-02    8.8546103958E+00    8.2566900563E-02
    3.0799979999E-03    1.0482683564E+00   -6.6593227775E-02    8.8595764179E+00    8.2575453214E-02
    3.0839979999E-03    1.0479040877E+00   -6.5708245407E-02    8.8645731112E+00    8.2583959191E-02
    3.0879979999E-03    1.0475396151E+00   -6.4812638893E-02    8.8696002173E+00    8.2592418394E-02
    3.0919979999E-03    1.0471749761E+00   -6.3906390703E-02    8.8746574782E+00    8.2600830738E-02
    3.0959979999E-03    1.0468102070E+00   -6.2989485233E-02    8.8797446364E+00    8.2609196150E-02
    3.0999979999E-03    1.0464453432E+00   -6.2061908853E-02    8.8848614353E+00    8.2617514576E-02
    3.1039979999E-03    1.0460804187E+00   -6.1123649958E-02    8.8900076188E+00    8.2625785975E-02
    3.1079979999E-03    1.0457154665E+00   -6.0174699017E-02    8.8951829316E+00    8.2634010322E-02
    3.1119979999E-03    1.0453505182E+00   -5.9215048629E-02    8.9003871190E+00    8.2642187612E-02
    3.1159979999E-03    1.0449856047E+00   -5.8244693578E-02    8.9056199272E+00    8.2650317853E-02
    3.1199979999E-03    1.0446207553E+00   -5.7263630895E-02    8.9108811032E+00    8.2658401073E-02
    3.1239979999E-03    1.0442559983E+00   -5.6271859913E-02    8.9161703948E+00    8.2666437318E-02
    3.1279979999E-03    1.0438913610E+00   -5.5269382337E-02    8.9214875505E+00    8.2674426650E-02
    3.1319979999E-03    1.0435268693E+00   -5.4256202300E-02    8.9268323199E+00    8.2682369152E-02
    3.1359979999E-03    1.0431625482E+00   -5.3232326436E-02    8.9322044533E+00    8.2690264923E-02
    3.1399979999E-03    1.0427984212E+00   -5.2197763929E-02    8.9376037018E+00    8.2698114083E-02
    3.1439979999E-03    1.0424345112E+00   -5.1152526593E-02    8.9430298175E+00    8.2705916769E-02
    3.1479979999E-03    1.0420708395E+00   -5.0096628941E-02    8.9484825535E+00    8.2713673136E-02
    3.1519979999E-03    1.0417074265E+00   -4.9030088262E-02    8.9539616635E+00    8.2721383358E-02
    3.1559979999E-03    1.0413442914E+00   -4.7952924696E-02    8.9594669024E+00    8.2729047628E-02
    3.1599979999E-03    1.0409814526E+00   -4.6865161312E-02    8.9649980259E+00    8.2736666153E-02
    3.1639979999E-03    1.0406189269E+00   -4.5766824190E-02    8.9705547905E+00    8.2744239161E-02
    3.1679979999E-03    1.0402567307E+00   -4.4657942494E-02    8.9761369540E+00    8.2751766893E-02
    3.1719979999E-03    1.0398948788E+00   -4.3538548558E-02    8.9817442747E+00    8.2759249606E-02
    3.1759979999E-03    1.0395333853E+00   -4.2408677959E-02    8.9873765122E+00    8.2766687570E-02
    3.1799979999E-03    1.0391722633E+00   -4.1268369599E-02    8.9930334270E+00    8.2774081070E-02
    3.1839979999E-03    1.0388115248E+00   -4.0117665779E-02    8.9987147806E+00    8.2781430399E-02
    3.1879979999E-03    1.0384511811E+00   -3.8956612274E-02    9.0044203354E+00    8.2788735862E-02
    3.1919979999E-03    1.0380912424E+00   -3.7785258403E-02    9.0101498552E+00    8.2795997771E-02
    3.1959979999E-03    1.0377317181E+00   -3.6603657103E-02    9.0159031047E+00    8.2803216443E-02
    3.1999979999E-03    1.0373726168E+00   -3.5411864985E-02    9.0216798498E+00    8.2810392198E-02
    3.2039979999E-03    1.0370139463E+00   -3.4209942400E-02    9.0274798578E+00    8.2817525357E-02
    3.2079979999E-03    1.0366557136E+00   -3.2997953488E-02    9.0333028971E+00    8.2824616239E-02
    3.2119979999E-03    1.0362979250E+00   -3.1775966229E-02    9.0391487378E+00    8.2831665159E-02
    3.2159979999E-03    1.0359405861E+00   -3.0544052479E-02    9.0450171512E+00    8.2838672423E-02
    3.2199979999E-03    1.0355837019E+00   -2.9302288007E-02    9.0509079105E+00    8.2845638325E-02
    3.2239979999E-03    1.0352272767E+00   -2.8050752510E-02    9.0568207906E+00    8.2852563146E-02
    3.2279979999E-03    1.0348713144E+00   -2.6789529634E-02    9.0627555683E+00    8.2859447148E-02
    3.2319979999E-03    1.0345158183E+00   -2.5518706973E-02    9.0687120224E+00    8.2866290572E-02
    3.2359979999E-03    1.0341607911E+00   -2.4238376059E-02    9.0746899341E+00    8.2873093631E-02
    3.2399979999E-03    1.0338062354E+00   -2.2948632344E-02    9.0806890870E+00    8.2879856511E-02
    3.2439979999E-03    1.0334521531E+00   -2.1649575165E-02    9.0867092675E+00    8.2886579364E-02
    3.2479979999E-03    1.0330985460E+00   -2.0341307697E-02    9.0927502648E+00    8.2893262305E-02
    3.2519979999E-03    1.0327454156E+00   -1.9023936895E-02    9.0988118712E+00    8.2899905408E-02
    3.2559979999E-03    1.0323927631E+00   -1.7697573420E-02    9.1048938827E+00    8.2906508703E-02
    3.2599979999E-03    1.0320405897E+00   -1.6362331547E-02    9.1109960987E+00    8.2913072172E-02
    3.2639979999E-03    1.0316888963E+00   -1.5018329070E-02    9.1171183229E+00    8.2919595746E-02
    3.2679979999E-03    1.0313376839E+00   -1.3665687175E-02    9.1232603633E+00    8.2926079302E-02
    3.2719979999E-03    1.0309869535E+00   -1.2304530321E-02    9.1294220322E+00    8.2932522659E-02
    3.2759979999E-03    1.0306367062E+00   -1.0934986087E-02    9.1356031475E+00    8.2938925581E-02
    3.2799979999E-03    1.0302869433E+00   -9.5571850191E-03    9.1418035317E+00    8.2945287765E-02
    3.2839979999E-03    1.0299376662E+00   -8.1712604594E-03    9.1480230135E+00    8.2951608852E-02
    3.2879979999E-03    1.0295888767E+00   -6.7773483654E-03    9.1542614273E+00    8.2957888416E-02
    3.2919979999E-03    1.0292405770E+00   -5.3755871184E-03    9.1605186138E+00    8.2964125968E-02
    3.2959979999E-03    1.0288927697E+00   -3.9661173223E-03    9.1667944203E+00    8.2970320958E-02
    3.2999979999E-03    1.0285454579E+00   -2.5490815949E-03    9.1730887010E+00    8.2976472771E-02
    3.3039979999E-03    1.0281986454E+00   -1.1246243526E-03    9.1794013174E+00    8.2982580733E-02
    3.3079979999E-03    1.0278523368E+00    3.0710840980E-04    9.1857321383E+00    8.2988644111E-02
    3.3119979999E-03    1.0275065373E+00    1.7459693423E-03    9.1920810401E+00    8.2994662118E-02
