 sig=    1.000000000000000      inputfile=
 /home/rjrj524/Finished/vmec_gc_tracer/revised_251128/nc/wout_pwO_nfp2_A6.nc                                                                                                                             
 dt=   2.0000000000000000E-008
 steps=      2000000
 x0=   7.0000000000000007E-002    3.070000000000000      
    3.140000000000000     
 u=    3620.000000000000     
 v_perp=    11000.00000000000     
 
time(s)         x0(1)       x0(2)        x0(3)      r
    3.9980000000E-05    1.0073303351E+00    2.2564105798E-02    3.2755725835E+00    6.9980712568E-02
    7.9980000000E-05    1.0101319242E+00    5.3245747453E-02    3.4104103381E+00    6.9944896569E-02
    1.1998000000E-04    1.0144172626E+00    8.1731037229E-02    3.5438714975E+00    6.9889856448E-02
    1.5998000000E-04    1.0204603823E+00    1.0734462021E-01    3.6751674258E+00    6.9814326518E-02
    1.9998000000E-04    1.0284112642E+00    1.2960336329E-01    3.8032957694E+00    6.9718633978E-02
    2.3998000000E-04    1.0382209395E+00    1.4811510178E-01    3.9270749260E+00    6.9602932284E-02
    2.7998000000E-04    1.0496317621E+00    1.6258121025E-01    4.0451662379E+00    6.9466957713E-02
    3.1998000000E-04    1.0621937866E+00    1.7286515967E-01    4.1561007222E+00    6.9310946022E-02
    3.5998000000E-04    1.0753036696E+00    1.7908462828E-01    4.2583587103E+00    6.9136348303E-02
    3.9998000000E-04    1.0882759855E+00    1.8167112899E-01    4.3504965521E+00    6.8945810838E-02
    4.3998000000E-04    1.1004372731E+00    1.8134949921E-01    4.4312619368E+00    6.8742707025E-02
    4.7998000000E-04    1.1112062191E+00    1.7905079050E-01    4.4996544557E+00    6.8530589028E-02
    5.1998000000E-04    1.1201400870E+00    1.7578027457E-01    4.5549314722E+00    6.8312697717E-02
    5.5998000000E-04    1.1269408707E+00    1.7248375794E-01    4.5965799467E+00    6.8091603176E-02
    5.9998000000E-04    1.1314311402E+00    1.6994256497E-01    4.6242727797E+00    6.7869071992E-02
    6.3998000000E-04    1.1335191546E+00    1.6870009370E-01    4.6378240288E+00    6.7646155832E-02
    6.7998000000E-04    1.1331663765E+00    1.6902481706E-01    4.6371547131E+00    6.7423440379E-02
    7.1998000000E-04    1.1303703181E+00    1.7089335070E-01    4.6222751964E+00    6.7201381428E-02
    7.5998000000E-04    1.1251666710E+00    1.7398997895E-01    4.5932864240E+00    6.6980632970E-02
    7.9998000000E-04    1.1176483594E+00    1.7772971048E-01    4.5503993443E+00    6.6762345758E-02
    8.3998000000E-04    1.1079984884E+00    1.8130324399E-01    4.4939693268E+00    6.6548390667E-02
    8.7998000000E-04    1.0965259142E+00    1.8375271488E-01    4.4245388502E+00    6.6341397877E-02
    9.1998000000E-04    1.0836858321E+00    1.8408470187E-01    4.3428774383E+00    6.6144560159E-02
    9.5998000000E-04    1.0700727936E+00    1.8139724885E-01    4.2500029907E+00    6.5961230622E-02
    9.9998000000E-04    1.0563714088E+00    1.7500833522E-01    4.1471703244E+00    6.5794426051E-02
    1.0399800000E-03    1.0432750345E+00    1.6453893027E-01    4.0358135166E+00    6.5646369667E-02
    1.0799800000E-03    1.0313974799E+00    1.4992161305E-01    3.9174413240E+00    6.5518208287E-02
    1.1199800000E-03    1.0212052928E+00    1.3134102497E-01    3.7935174704E+00    6.5410162507E-02
    1.1599800000E-03    1.0129845620E+00    1.0913833914E-01    3.6653762326E+00    6.5322185409E-02
    1.1999800000E-03    1.0068264500E+00    8.3742265052E-02    3.5341920826E+00    6.5254531871E-02
    1.2399800000E-03    1.0026297379E+00    5.5668770671E-02    3.4009758242E+00    6.5207353461E-02
    1.2799800000E-03    1.0001592514E+00    2.5601367172E-02    3.2665573567E+00    6.5179472818E-02
    1.3199800000E-03    9.9919105790E-01   -5.5162846007E-03    3.1315604466E+00    6.5168497672E-02
    1.3599800000E-03    9.9966802872E-01   -3.6543839941E-02    2.9964482526E+00    6.5173892321E-02
    1.3999800000E-03    1.0017500094E+00   -6.6391086214E-02    2.8616878923E+00    6.5197976748E-02
    1.4399800000E-03    1.0057257059E+00   -9.4203849950E-02    2.7279329360E+00    6.5242567002E-02
    1.4799800000E-03    1.0118420737E+00   -1.1934525899E-01    2.5960712604E+00    6.5307648189E-02
    1.5199800000E-03    1.0201802669E+00   -1.4129347327E-01    2.4671780058E+00    6.5392674932E-02
    1.5599800000E-03    1.0306193192E+00   -1.5958897158E-01    2.3424860815E+00    6.5497662394E-02
    1.5999800000E-03    1.0428392464E+00   -1.7385925041E-01    2.2233821941E+00    6.5623064320E-02
    1.6399800000E-03    1.0563337296E+00   -1.8390340336E-01    2.1113773354E+00    6.5768891442E-02
    1.6799800000E-03    1.0704450812E+00   -1.8979535088E-01    2.0080174696E+00    6.5934035022E-02
    1.7199800000E-03    1.0844393404E+00   -1.9194168516E-01    1.9147591437E+00    6.6116210191E-02
    1.7599800000E-03    1.0976019913E+00   -1.9106420657E-01    1.8328665760E+00    6.6312298317E-02
    1.7999800000E-03    1.1093219752E+00   -1.8810736354E-01    1.7633593216E+00    6.6518826418E-02
    1.8399800000E-03    1.1191391002E+00   -1.8410302881E-01    1.7070048520E+00    6.6732486138E-02
    1.8799800000E-03    1.1267469115E+00   -1.8003956536E-01    1.6643416438E+00    6.6950559248E-02
    1.9199800000E-03    1.1319681641E+00   -1.7674600552E-01    1.6357202406E+00    6.7171122433E-02
    1.9599800000E-03    1.1347160022E+00   -1.7481531772E-01    1.6213469147E+00    6.7393000516E-02
    1.9999800000E-03    1.1349587613E+00   -1.7456063142E-01    1.6213185460E+00    6.7615526544E-02
    2.0399800000E-03    1.1327004543E+00   -1.7599278979E-01    1.6356418159E+00    6.7838222371E-02
    2.0799800000E-03    1.1279797331E+00   -1.7882073978E-01    1.6642336770E+00    6.8060457137E-02
    2.1199800000E-03    1.1208887243E+00   -1.8247053812E-01    1.7069023681E+00    6.8281099527E-02
    2.1599800000E-03    1.1116084199E+00   -1.8612411318E-01    1.7633115697E+00    6.8498259281E-02
    2.1999800000E-03    1.1004467664E+00   -1.8879569114E-01    1.8329343317E+00    6.8709210172E-02
    2.2399800000E-03    1.0878649262E+00   -1.8944266274E-01    1.9150087778E+00    6.8910553643E-02
    2.2799800000E-03    1.0744724427E+00   -1.8710348946E-01    2.0085098485E+00    6.9098617775E-02
    2.3199800000E-03    1.0609780428E+00   -1.8103758556E-01    2.1121541384E+00    6.9269972919E-02
    2.3599800000E-03    1.0481048811E+00   -1.7081597498E-01    2.2244598371E+00    6.9421987471E-02
    2.3999800000E-03    1.0364902509E+00   -1.5634189943E-01    2.3438658877E+00    6.9553326945E-02
    2.4399800000E-03    1.0266098009E+00   -1.3778732056E-01    2.4688657390E+00    6.9664030219E-02
    2.4799800000E-03    1.0187398181E+00   -1.1549089345E-01    2.5980871145E+00    6.9754774626E-02
    2.5199800000E-03    1.0129419649E+00   -8.9879022327E-02    2.7303084670E+00    6.9825696330E-02
    2.5599800000E-03    1.0090669234E+00   -6.1445720472E-02    2.8644769179E+00    6.9876094377E-02
    2.5999800000E-03    1.0068139890E+00   -3.0826721713E-02    2.9997649628E+00    6.9906051552E-02
    2.6399800000E-03    1.0058872624E+00    1.0538355218E-03    3.1355943212E+00    6.9918037609E-02
    2.6799800000E-03    1.0061739459E+00    3.2980312143E-02    3.2715505343E+00    6.9913660084E-02
    2.7199800000E-03    1.0078165910E+00    6.3750378311E-02    3.4072386958E+00    6.9890487055E-02
    2.7599800000E-03    1.0111440422E+00    9.2457103386E-02    3.5421026948E+00    6.9846406919E-02
    2.7999800000E-03    1.0164873157E+00    1.1846115769E-01    3.6753098870E+00    6.9781914238E-02
    2.8399800000E-03    1.0240200144E+00    1.4124565610E-01    3.8057918563E+00    6.9697858133E-02
    2.8799800000E-03    1.0336997641E+00    1.6034867093E-01    3.9323189995E+00    6.9593924944E-02
    2.9199800000E-03    1.0452647080E+00    1.7538522265E-01    4.0535165056E+00    6.9469113923E-02
    2.9599800000E-03    1.0582451984E+00    1.8612759114E-01    4.1678663270E+00    6.9323043474E-02
    2.9999800000E-03    1.0719964798E+00    1.9261378411E-01    4.2737768340E+00    6.9156776563E-02
    3.0399800000E-03    1.0857719549E+00    1.9522465505E-01    4.3697188894E+00    6.8972786562E-02
    3.0799800000E-03    1.0988276955E+00    1.9467439164E-01    4.4543540812E+00    6.8774467337E-02
    3.1199800000E-03    1.1105153021E+00    1.9192414209E-01    4.5266027326E+00    6.8565575214E-02
    3.1599800000E-03    1.1203379414E+00    1.8804266508E-01    4.5856539309E+00    6.8349693104E-02
    3.1999800000E-03    1.1279607004E+00    1.8406030994E-01    4.6309404093E+00    6.8129776673E-02
    3.2399800000E-03    1.1331849863E+00    1.8085160694E-01    4.6620956355E+00    6.7907928909E-02
    3.2799800000E-03    1.1359090653E+00    1.7905011808E-01    4.6789063186E+00    6.7685439890E-02
    3.3199800000E-03    1.1360892570E+00    1.7900343996E-01    4.6812733685E+00    6.7463025849E-02
    3.3599800000E-03    1.1337164622E+00    1.8075229990E-01    4.6691891973E+00    6.7241181456E-02
    3.3999800000E-03    1.1288139227E+00    1.8402646228E-01    4.6427349909E+00    6.7020541536E-02
    3.4399800000E-03    1.1214548444E+00    1.8826281391E-01    4.6020973817E+00    6.6802215305E-02
    3.4799800000E-03    1.1117968714E+00    1.9264690110E-01    4.5476020033E+00    6.6588056098E-02
    3.5199800000E-03    1.1001242657E+00    1.9618349708E-01    4.4797570870E+00    6.6380749813E-02
    3.5599800000E-03    1.0868782334E+00    1.9781002549E-01    4.3992964185E+00    6.6183637411E-02
    3.5999800000E-03    1.0726613629E+00    1.9653078100E-01    4.3072067833E+00    6.6000296336E-02
    3.6399800000E-03    1.0581995277E+00    1.9155547490E-01    4.2047275035E+00    6.5834008150E-02
    3.6799800000E-03    1.0442594902E+00    1.8240917057E-01    4.0933087575E+00    6.5687259520E-02
    3.7199800000E-03    1.0315482624E+00    1.6896640830E-01    3.9745170619E+00    6.5561344482E-02
    3.7599800000E-03    1.0206268776E+00    1.5140545611E-01    3.8499074372E+00    6.5456272056E-02
    3.7999800000E-03    1.0118671607E+00    1.3010463144E-01    3.7209215243E+00    6.5371306615E-02
    3.8399800000E-03    1.0054398889E+00    1.0554145373E-01    3.5888521532E+00    6.5305983709E-02
    3.8799800000E-03    1.0013090205E+00    7.8244609911E-02    3.4548444562E+00    6.5260723361E-02
    3.9199800000E-03    9.9924715326E-01    4.8816256361E-02    3.3198696554E+00    6.5236275872E-02
    3.9599800000E-03    9.9892717389E-01    1.8020560721E-02    3.1846548789E+00    6.5232091485E-02
    3.9999800000E-03    1.0000934720E+00   -1.3142224093E-02    3.0496845960E+00    6.5245513129E-02
    4.0399800000E-03    1.0026927124E+00   -4.3526117811E-02    2.9153898924E+00    6.5274852890E-02
    4.0799800000E-03    1.0068712592E+00   -7.2091365784E-02    2.7823503528E+00    6.5321788151E-02
    4.1199800000E-03    1.0128490861E+00   -9.8067954264E-02    2.6513416187E+00    6.5388533506E-02
    4.1599800000E-03    1.0207587985E+00   -1.2091123996E-01    2.5233101730E+00    6.5475743449E-02
    4.1999800000E-03    1.0305566795E+00   -1.4019990916E-01    2.3993628067E+00    6.5583203492E-02
    4.2399800000E-03    1.0420071473E+00   -1.5560238575E-01    2.2807692365E+00    6.5710694431E-02
    4.2799800000E-03    1.0546951156E+00   -1.6692436595E-01    2.1689398431E+00    6.5857851809E-02
    4.3199800000E-03    1.0680555549E+00   -1.7419550339E-01    2.0653516777E+00    6.6023585021E-02
    4.3599800000E-03    1.0814324012E+00   -1.7773563002E-01    1.9714343273E+00    6.6205817358E-02
    4.3999800000E-03    1.0941594353E+00   -1.7816302388E-01    1.8884606276E+00    6.6401674238E-02
    4.4399800000E-03    1.1056420062E+00   -1.7632547714E-01    1.8174784939E+00    6.6607900883E-02
    4.4799800000E-03    1.1154118007E+00   -1.7318156802E-01    1.7592903844E+00    6.6821342601E-02
    4.5199800000E-03    1.1231414161E+00   -1.6967606303E-01    1.7144694683E+00    6.7039347664E-02
    4.5599800000E-03    1.1286297170E+00   -1.6662586124E-01    1.6833969097E+00    6.7259987198E-02
    4.5999800000E-03    1.1317696334E+00   -1.6464094071E-01    1.6663039661E+00    6.7482046338E-02
    4.6399800000E-03    1.1325163954E+00   -1.6407378528E-01    1.6633076771E+00    6.7704831747E-02
    4.6799800000E-03    1.1308665810E+00   -1.6499421658E-01    1.6744326196E+00    6.7927898535E-02
    4.7199800000E-03    1.1268528322E+00   -1.6718768758E-01    1.6996150972E+00    6.8150727890E-02
    4.7599800000E-03    1.1205579288E+00   -1.7016701507E-01    1.7386888593E+00    6.8372397648E-02
    4.7999800000E-03    1.1121434722E+00   -1.7320571575E-01    1.7913539201E+00    6.8591329898E-02
    4.8399800000E-03    1.1018827376E+00   -1.7540458651E-01    1.8571337637E+00    6.8805168695E-02
    4.8799800000E-03    1.0901857278E+00   -1.7578789421E-01    1.9353316713E+00    6.9010861813E-02
    4.9199800000E-03    1.0775965267E+00   -1.7343183589E-01    2.0249996928E+00    6.9204965577E-02
    4.9599800000E-03    1.0647545113E+00   -1.6759160858E-01    2.1249396932E+00    6.9384099662E-02
    4.9999800000E-03    1.0523203152E+00   -1.5779477128E-01    2.2337567258E+00    6.9545481858E-02
    5.0399800000E-03    1.0408862994E+00   -1.4387079384E-01    2.3499661394E+00    6.9687396394E-02
    5.0799800000E-03    1.0309047065E+00   -1.2590223600E-01    2.4721175747E+00    6.9809264844E-02
    5.1199800000E-03    1.0226442564E+00   -1.0414187467E-01    2.5988820563E+00    6.9911060588E-02
    5.1599800000E-03    1.0161713624E+00   -7.8946400231E-02    2.7290884910E+00    6.9992587442E-02
    5.1999800000E-03    1.0113593956E+00   -5.0778356538E-02    2.8617436956E+00    7.0053895508E-02
    5.2399800000E-03    1.0079631401E+00   -2.0313903714E-02    2.9960507965E+00    7.0096828153E-02
    5.2799800000E-03    1.0057784456E+00    1.1431152624E-02    3.1314135666E+00    7.0123869828E-02
    5.3199800000E-03    1.0048011556E+00    4.3221444007E-02    3.2674334597E+00    7.0133490737E-02
    5.3599800000E-03    1.0052878837E+00    7.3951662723E-02    3.4037738640E+00    7.0122168903E-02
    5.3999800000E-03    1.0076617375E+00    1.0280714042E-01    3.5398646365E+00    7.0089681125E-02
    5.4399800000E-03    1.0123054659E+00    1.2916095207E-01    3.6747952038E+00    7.0037645527E-02
    5.4799800000E-03    1.0194137059E+00    1.5245158335E-01    3.8074282899E+00    6.9966646359E-02
    5.5199800000E-03    1.0289521245E+00    1.7214665995E-01    3.9364998217E+00    6.9875638049E-02
    5.5599800000E-03    1.0406598001E+00    1.8777433421E-01    4.0606148342E+00    6.9762946730E-02
    5.5999800000E-03    1.0540528617E+00    1.9901289338E-01    4.1782176906E+00    6.9627692955E-02
    5.6399800000E-03    1.0684486428E+00    2.0581469785E-01    4.2876507158E+00    6.9470602686E-02
    5.6799800000E-03    1.0830411900E+00    2.0849945182E-01    4.3873016509E+00    6.9293957107E-02
    5.7199800000E-03    1.0970145878E+00    2.0776154100E-01    4.4757458150E+00    6.9101119405E-02
    5.7599800000E-03    1.1096516628E+00    2.0458124122E-01    4.5518214028E+00    6.8896003763E-02
    5.7999800000E-03    1.1203984346E+00    2.0008484341E-01    4.6146446625E+00    6.8682518852E-02
    5.8399800000E-03    1.1288795526E+00    1.9538805133E-01    4.6635889275E+00    6.8464029845E-02
    5.8799800000E-03    1.1348746519E+00    1.9145815469E-01    4.6982433684E+00    6.8243014720E-02
    5.9199800000E-03    1.1382718921E+00    1.8902367212E-01    4.7183645364E+00    6.8021040468E-02
    5.9599800000E-03    1.1390238281E+00    1.8851699417E-01    4.7238324877E+00    6.7798991783E-02
    5.9999800000E-03    1.1371172765E+00    1.9004784277E-01    4.7146222503E+00    6.7577419590E-02
    6.0399800000E-03    1.1325644992E+00    1.9339926167E-01    4.6907956488E+00    6.7356937210E-02
    6.0799800000E-03    1.1254186895E+00    1.9803993184E-01    4.6525154934E+00    6.7138611164E-02
    6.1199800000E-03    1.1158104262E+00    2.0315743609E-01    4.6000784485E+00    6.6924265339E-02
    6.1599800000E-03    1.1039930666E+00    2.0772973337E-01    4.5339598968E+00    6.6716622193E-02
    6.1999800000E-03    1.0903844203E+00    2.1063141593E-01    4.4548586149E+00    6.6519167672E-02
    6.2399800000E-03    1.0755827675E+00    2.1077463979E-01    4.3637281943E+00    6.6335708538E-02
    6.2799800000E-03    1.0603400394E+00    2.0726125552E-01    4.2617852187E+00    6.6169802379E-02
    6.3199800000E-03    1.0454888794E+00    1.9950492381E-01    4.1504820527E+00    6.6024244301E-02
    6.3599800000E-03    1.0318297834E+00    1.8730082711E-01    4.0314271940E+00    6.5900642810E-02
    6.3999800000E-03    1.0200244767E+00    1.7079958900E-01    3.9062546580E+00    6.5799155235E-02
    6.4399800000E-03    1.0105355029E+00    1.5040264386E-01    3.7764986666E+00    6.5718711016E-02
    6.4799800000E-03    1.0036128540E+00    1.2664214664E-01    3.6435441863E+00    6.5657931815E-02
    6.5199800000E-03    9.9929526305E-01    1.0009816639E-01    3.5086456623E+00    6.5616236820E-02
    6.5599800000E-03    9.9740723357E-01    7.1375458214E-02    3.3729281906E+00    6.5594303470E-02
    6.5999800000E-03    9.9759362032E-01    4.1142096640E-02    3.2373047575E+00    6.5593490740E-02
    6.6399800000E-03    9.9945195489E-01    1.0215033757E-02    3.1023623832E+00    6.5613690552E-02
    6.6799800000E-03    1.0027144118E+00   -2.0386643335E-02    2.9684528671E+00    6.5651531443E-02
    6.7199800000E-03    1.0073343130E+00   -4.9551162863E-02    2.8360248789E+00    6.5704292326E-02
    6.7599800000E-03    1.0134317651E+00   -7.6326309442E-02    2.7057792538E+00    6.5773530402E-02
    6.7999800000E-03    1.0211462285E+00   -1.0005262468E-01    2.5785885870E+00    6.5861936788E-02
    6.8399800000E-03    1.0304987801E+00   -1.2029605388E-01    2.4554509770E+00    6.5970606473E-02
    6.8799800000E-03    1.0413350399E+00   -1.3675809534E-01    2.3375101197E+00    6.6099375091E-02
    6.9199800000E-03    1.0533267543E+00   -1.4926548463E-01    2.2260577122E+00    6.6247524658E-02
    6.9599800000E-03    1.0659983379E+00   -1.5782583054E-01    2.1224798371E+00    6.6413784154E-02
    6.9999800000E-03    1.0787725590E+00   -1.6269735217E-01    2.0281571258E+00    6.6596124951E-02
    7.0399800000E-03    1.0910412509E+00   -1.6440633493E-01    1.9443540823E+00    6.6791824799E-02
    7.0799800000E-03    1.1022400406E+00   -1.6370325368E-01    1.8721373579E+00    6.6997803191E-02
    7.1199800000E-03    1.1119040281E+00   -1.6146943511E-01    1.8123409171E+00    6.7211042140E-02
    7.1599800000E-03    1.1196931651E+00   -1.5859843115E-01    1.7655721272E+00    6.7428960977E-02
    7.1999800000E-03    1.1253868092E+00   -1.5588704072E-01    1.7322429979E+00    6.7649632630E-02
    7.2399800000E-03    1.1288603356E+00   -1.5394971123E-01    1.7126104479E+00    6.7871811402E-02
    7.2799800000E-03    1.1300556046E+00   -1.5316902658E-01    1.7068121966E+00    6.8094793507E-02
    7.3199800000E-03    1.1289598558E+00   -1.5366775017E-01    1.7148906711E+00    6.8318152714E-02
    7.3599800000E-03    1.1255992044E+00   -1.5529843627E-01    1.7368003780E+00    6.8541447477E-02
    7.3999800000E-03    1.1200469985E+00   -1.5765445877E-01    1.7723974970E+00    6.8763929840E-02
    7.4399800000E-03    1.1124466104E+00   -1.6009758478E-01    1.8214136612E+00    6.8984288886E-02
    7.4799800000E-03    1.1030401978E+00   -1.6181231246E-01    1.8834173727E+00    6.9200500707E-02
    7.5199800000E-03    1.0921897196E+00   -1.6189567871E-01    1.9577708844E+00    6.9409842635E-02
    7.5599800000E-03    1.0803783778E+00   -1.5946719867E-01    2.0435988656E+00    6.9609106200E-02
    7.5999800000E-03    1.0681780503E+00   -1.5378934923E-01    2.1397875515E+00    6.9794985992E-02
    7.6399800000E-03    1.0561860827E+00   -1.4435838948E-01    2.2450317553E+00    6.9964568714E-02
    7.6799800000E-03    1.0449469710E+00   -1.3093829620E-01    2.3579307945E+00    7.0115771907E-02
    7.7199800000E-03    1.0348836299E+00   -1.1352961077E-01    2.4771033226E+00    7.0247453612E-02
    7.7599800000E-03    1.0262526090E+00   -9.2301861834E-02    2.6012768040E+00    7.0359105149E-02
    7.7999800000E-03    1.0191223875E+00   -6.7550044709E-02    2.7293323205E+00    7.0450719067E-02
    7.8399800000E-03    1.0133895895E+00   -3.9726399906E-02    2.8603125058E+00    7.0523649005E-02
    7.8799800000E-03    1.0088665643E+00   -9.5666165431E-03    2.9934164718E+00    7.0580856112E-02
    7.9199800000E-03    1.0054388270E+00    2.1849589930E-02    3.1280562123E+00    7.0622822787E-02
    7.9599800000E-03    1.0032134554E+00    5.3337202801E-02    3.2639237372E+00    7.0645282108E-02
    7.9999800000E-03    1.0025677253E+00    8.3917396484E-02    3.4007356722E+00    7.0645902738E-02
    8.0399800000E-03    1.0040136619E+00    1.1285094521E-01    3.5378586009E+00    7.0626361426E-02
    8.0799800000E-03    1.0079761782E+00    1.3950683210E-01    3.6742899837E+00    7.0588269672E-02
    8.1199800000E-03    1.0146677045E+00    1.6327276947E-01    3.8088361880E+00    7.0531374238E-02
    8.1599800000E-03    1.0240652250E+00    1.8354425941E-01    3.9402160737E+00    7.0453922507E-02
    8.1999800000E-03    1.0359130428E+00    1.9976473326E-01    4.0670275768E+00    7.0353807464E-02
    8.2399800000E-03    1.0497165596E+00    2.1151961069E-01    4.1876843034E+00    7.0229846377E-02
    8.2799800000E-03    1.0647589473E+00    2.1867037350E-01    4.3004652760E+00    7.0082494199E-02
    8.3199800000E-03    1.0801767360E+00    2.2146779571E-01    4.4036768130E+00    6.9913803135E-02
    8.3599800000E-03    1.0950822443E+00    2.2057680588E-01    4.4958096175E+00    6.9727024502E-02
    8.3999800000E-03    1.1086872622E+00    2.1699065878E-01    4.5756195743E+00    6.9526161241E-02
    8.4399800000E-03    1.1203791454E+00    2.1188560054E-01    4.6421465078E+00    6.9315418154E-02
    8.4799800000E-03    1.1297416523E+00    2.0645526708E-01    4.6946994356E+00    6.9098571203E-02
    8.5199800000E-03    1.1365306561E+00    2.0176249313E-01    4.7328197064E+00    6.8878502275E-02
    8.5599800000E-03    1.1406243506E+00    1.9863364927E-01    4.7562312265E+00    6.8657090676E-02
    8.5999800000E-03    1.1419729192E+00    1.9759001951E-01    4.7647918471E+00    6.8435412350E-02
    8.6399800000E-03    1.1405608623E+00    1.9881658118E-01    4.7584594046E+00    6.8214105204E-02
    8.6799800000E-03    1.1363923247E+00    2.0215384664E-01    4.7372783317E+00    6.7993789679E-02
    8.7199800000E-03    1.1295029106E+00    2.0710625747E-01    4.7013896385E+00    6.7775483687E-02
    8.7599800000E-03    1.1199954252E+00    2.1287165149E-01    4.6510618782E+00    6.7560957071E-02
    8.7999800000E-03    1.1080884280E+00    2.1840974772E-01    4.5867378570E+00    6.7352944282E-02
    8.8399800000E-03    1.0941674251E+00    2.2254304584E-01    4.5090831795E+00    6.7155065579E-02
    8.8799800000E-03    1.0788156121E+00    2.2409484171E-01    4.4190200735E+00    6.6971361700E-02
    8.9199800000E-03    1.0627982607E+00    2.2205663193E-01    4.3177392211E+00    6.6805655974E-02
    8.9599800000E-03    1.0469988016E+00    2.1572891865E-01    4.2066843370E+00    6.6661015445E-02
    8.9999800000E-03    1.0323063742E+00    2.0481163934E-01    4.0874925158E+00    6.6539370276E-02
    9.0399800000E-03    1.0194901551E+00    1.8940431356E-01    3.9618701640E+00    6.6441225313E-02
    9.0799800000E-03    1.0091116599E+00    1.6991386547E-01    3.8314424165E+00    6.6365649864E-02
    9.1199800000E-03    1.0015004959E+00    1.4692149238E-01    3.6976717964E+00    6.6310864269E-02
    9.1599800000E-03    9.9676735742E-01    1.2107133109E-01    3.5618830317E+00    6.6275264807E-02
    9.1999800000E-03    9.9480609776E-01    9.3015381800E-02    3.4253075328E+00    6.6258252493E-02
    9.2399800000E-03    9.9529300308E-01    6.3410634104E-02    3.2890419620E+00    6.6260627304E-02
    9.2799800000E-03    9.9775366804E-01    3.2964734719E-02    3.1538987491E+00    6.6284286001E-02
    9.3199800000E-03    1.0017357710E+00    2.5143018180E-03    3.0202922178E+00    6.6329269323E-02
    9.3599800000E-03    1.0069785149E+00   -2.6937967140E-02    2.8884750784E+00    6.6391246098E-02
    9.3999800000E-03    1.0134422201E+00   -5.4352656666E-02    2.7589612788E+00    6.6466956622E-02
    9.4399800000E-03    1.0212091971E+00   -7.8900199525E-02    2.6325691596E+00    6.6558200188E-02
    9.4799800000E-03    1.0303330965E+00   -1.0005210886E-01    2.5102515319E+00    6.6667939436E-02
    9.5199800000E-03    1.0407326403E+00   -1.1750203643E-01    2.3930555857E+00    6.6797351126E-02
    9.5599800000E-03    1.0521627655E+00   -1.3109698614E-01    2.2821517831E+00    6.6946021685E-02
    9.5999800000E-03    1.0642323183E+00   -1.4084406444E-01    2.1788176374E+00    6.7112600999E-02
    9.6399800000E-03    1.0764443687E+00   -1.4695816742E-01    2.0843607144E+00    6.7295020104E-02
    9.6799800000E-03    1.0882549232E+00   -1.4989007943E-01    2.0000143514E+00    6.7490621888E-02
    9.7199800000E-03    1.0991388642E+00   -1.5030471349E-01    1.9268483428E+00    6.7696435835E-02
    9.7599800000E-03    1.1086465978E+00   -1.4900422336E-01    1.8657198591E+00    6.7909535745E-02
    9.7999800000E-03    1.1164352798E+00   -1.4682380913E-01    1.8172665716E+00    6.8127397239E-02
    9.8399800000E-03    1.1222716358E+00   -1.4452946129E-01    1.7819301806E+00    6.8348113379E-02
    9.8799800000E-03    1.1260158012E+00   -1.4273312235E-01    1.7599932502E+00    6.8570424428E-02
    9.9199800000E-03    1.1275968092E+00   -1.4183889211E-01    1.7516143857E+00    6.8793600044E-02
    9.9599800000E-03    1.1269929527E+00   -1.4201049865E-01    1.7568535764E+00    6.9017218796E-02
    9.9999800000E-03    1.1242233357E+00   -1.4315827754E-01    1.7756824510E+00    6.9240904675E-02
    1.0039980000E-02    1.1193519391E+00   -1.4494846955E-01    1.8079771983E+00    6.9464052026E-02
    1.0079980000E-02    1.1125055371E+00   -1.4682486785E-01    1.8534966032E+00    6.9685575420E-02
    1.0119980000E-02    1.1038973998E+00   -1.4805574634E-01    1.9118475351E+00    6.9903737809E-02
    1.0159980000E-02    1.0938462469E+00   -1.4781023989E-01    1.9824454689E+00    7.0116112159E-02
    1.0199980000E-02    1.0827781355E+00   -1.4525802102E-01    2.0644844879E+00    7.0319723863E-02
    1.0239980000E-02    1.0711999828E+00   -1.3967926936E-01    2.1569345328E+00    7.0511360670E-02
    1.0279980000E-02    1.0596468565E+00   -1.3054864388E-01    2.2585825025E+00    7.0688011934E-02
    1.0319980000E-02    1.0486129662E+00   -1.1757462590E-01    2.3681180663E+00    7.0847305019E-02
    1.0359980000E-02    1.0384874609E+00   -1.0068299958E-01    2.4842383202E+00    7.0987721368E-02
    1.0399980000E-02    1.0295088102E+00   -7.9971029382E-02    2.6057328415E+00    7.1108637329E-02
    1.0439980000E-02    1.0217444108E+00   -5.5688007747E-02    2.7315233569E+00    7.1210721265E-02
    1.0479980000E-02    1.0151142681E+00   -2.8298244425E-02    2.8606577086E+00    7.1296600317E-02
    1.0519980000E-02    1.0094877071E+00    1.3964246596E-03    2.9923274431E+00    7.1368774401E-02
    1.0559980000E-02    1.0048400129E+00    3.2305202327E-02    3.1260234919E+00    7.1424518149E-02
    1.0599980000E-02    1.0013980167E+00    6.3358147597E-02    3.2615673818E+00    7.1458974842E-02
    1.0639980000E-02    9.9966193252E-01    9.3706649300E-02    3.3986743323E+00    7.1472437956E-02
    1.0679980000E-02    1.0002217599E+00    1.2266234842E-01    3.5366141366E+00    7.1467353177E-02
    1.0719980000E-02    1.0035365387E+00    1.4957494396E-01    3.6743064859E+00    7.1444239195E-02
    1.0759980000E-02    1.0098353370E+00    1.7377854112E-01    3.8105226733E+00    7.1401793370E-02
    1.0799980000E-02    1.0191073389E+00    1.9460048918E-01    3.9439756690E+00    7.1337831220E-02
    1.0839980000E-02    1.0311047172E+00    2.1140222289E-01    4.0732597419E+00    7.1250176775E-02
    1.0879980000E-02    1.0453272171E+00    2.2367325405E-01    4.1967590492E+00    7.1137559287E-02
    1.0919980000E-02    1.0610251972E+00    2.3118334521E-01    4.3126903828E+00    7.1000189915E-02
    1.0959980000E-02    1.0772762402E+00    2.3411446684E-01    4.4192801065E+00    7.0839825974E-02
    1.0999980000E-02    1.0931225540E+00    2.3309342917E-01    4.5149366271E+00    7.0659516937E-02
    1.1039980000E-02    1.1077055224E+00    2.2911751565E-01    4.5983353820E+00    7.0463265616E-02
    1.1079980000E-02    1.1203534436E+00    2.2340572913E-01    4.6684390174E+00    7.0255517573E-02
    1.1119980000E-02    1.1306070815E+00    2.1722880965E-01    4.7244894231E+00    7.0040450186E-02
    1.1159980000E-02    1.1381977468E+00    2.1174548219E-01    4.7659771084E+00    6.9821372286E-02
    1.1199980000E-02    1.1429957095E+00    2.0787732962E-01    4.7925919784E+00    6.9600503945E-02
    1.1239980000E-02    1.1449507567E+00    2.0623609181E-01    4.8041702304E+00    6.9379140033E-02
    1.1279980000E-02    1.1440474578E+00    2.0708502507E-01    4.8006532431E+00    6.9158025759E-02
    1.1319980000E-02    1.1402842084E+00    2.1032649685E-01    4.7820688063E+00    6.8937800061E-02
    1.1359980000E-02    1.1336806942E+00    2.1550648394E-01    4.7485365863E+00    6.8719441676E-02
    1.1399980000E-02    1.1243114533E+00    2.2184199248E-01    4.7002984009E+00    6.8504673308E-02
    1.1439980000E-02    1.1123599174E+00    2.2827708055E-01    4.6377662544E+00    6.8296233204E-02
    1.1479980000E-02    1.0981760762E+00    2.3358407361E-01    4.5615739474E+00    6.8097843874E-02
    1.1519980000E-02    1.0823164813E+00    2.3650856969E-01    4.4726144631E+00    6.7913767193E-02
    1.1559980000E-02    1.0655461944E+00    2.3593552438E-01    4.3720527599E+00    6.7748088837E-02
    1.1599980000E-02    1.0487841250E+00    2.3105168685E-01    4.2613179193E+00    6.7604104985E-02
    1.1639980000E-02    1.0330000436E+00    2.2144880932E-01    4.1420626565E+00    6.7483970615E-02
    1.1679980000E-02    1.0190736874E+00    2.0715535967E-01    4.0160565228E+00    6.7388494391E-02
    1.1719980000E-02    1.0076727210E+00    1.8857000891E-01    3.8850206756E+00    6.7317108045E-02
    1.1759980000E-02    9.9921243832E-01    1.6631273745E-01    3.7505038524E+00    6.7268206292E-02
    1.1799980000E-02    9.9387380200E-01    1.4108868360E-01    3.6138863501E+00    6.7239834816E-02
    1.1839980000E-02    9.9161837789E-01    1.1361373086E-01    3.4764555628E+00    6.7230351204E-02
    1.1879980000E-02    9.9218019792E-01    8.4586172335E-02    3.3394202522E+00    6.7238889210E-02
    1.1919980000E-02    9.9508267052E-01    5.4691762210E-02    3.2038069064E+00    6.7266193634E-02
    1.1959980000E-02    9.9975350582E-01    2.4649666762E-02    3.0702709592E+00    6.7314724228E-02
    1.1999980000E-02    1.0057249063E+00   -4.7185927845E-03    2.9390477921E+00    6.7384360402E-02
    1.2039980000E-02    1.0127607184E+00   -3.2466135473E-02    2.8103558817E+00    6.7469870428E-02
    1.2079980000E-02    1.0208239902E+00   -5.7665025484E-02    2.6848135820E+00    6.7568081973E-02
    1.2119980000E-02    1.0299498273E+00   -7.9633337052E-02    2.5633408902E+00    6.7681112835E-02
    1.2159980000E-02    1.0401079565E+00   -9.7989251495E-02    2.4469541751E+00    6.7811798727E-02
    1.2199980000E-02    1.0511302894E+00   -1.1257132673E-01    2.3367389307E+00    6.7961002223E-02
    1.2239980000E-02    1.0627072684E+00   -1.2338958133E-01    2.2338658987E+00    6.8127848509E-02
    1.2279980000E-02    1.0744202616E+00   -1.3063615398E-01    2.1395521337E+00    6.8310386608E-02
    1.2319980000E-02    1.0857918578E+00   -1.3470783116E-01    2.0549763334E+00    6.8506008471E-02
    1.2359980000E-02    1.0963450014E+00   -1.3619396967E-01    1.9811901000E+00    6.8711796358E-02
    1.2399980000E-02    1.1056560702E+00   -1.3582037819E-01    1.9190585513E+00    6.8924892650E-02
    1.2439980000E-02    1.1133885090E+00   -1.3436287741E-01    1.8692414103E+00    6.9142818484E-02
    1.2479980000E-02    1.1193038770E+00   -1.3254865166E-01    1.8322064859E+00    6.9363675165E-02
    1.2519980000E-02    1.1232518518E+00   -1.3097673930E-01    1.8082603004E+00    6.9586190845E-02
    1.2559980000E-02    1.1251512013E+00   -1.3006074321E-01    1.7975817362E+00    6.9809618854E-02
    1.2599980000E-02    1.1249717404E+00   -1.2999546877E-01    1.8002474892E+00    7.0033543303E-02
    1.2639980000E-02    1.1227247420E+00   -1.3074264859E-01    1.8162442599E+00    7.0257635851E-02
    1.2679980000E-02    1.1184654185E+00   -1.3203151671E-01    1.8454658780E+00    7.0481401303E-02
    1.2719980000E-02    1.1123054148E+00   -1.3338038820E-01    1.8876948781E+00    7.0703938106E-02
    1.2759980000E-02    1.1044319407E+00   -1.3413685236E-01    1.9425722409E+00    7.0923752131E-02
    1.2799980000E-02    1.0951241002E+00   -1.3354270374E-01    2.0095622502E+00    7.1138678696E-02
    1.2839980000E-02    1.0847551287E+00   -1.3082180871E-01    2.0879247740E+00    7.1345960103E-02
    1.2879980000E-02    1.0737712341E+00   -1.2527749428E-01    2.1767121592E+00    7.1542505043E-02
    1.2919980000E-02    1.0626459443E+00   -1.1637494701E-01    2.2748049214E+00    7.1725283554E-02
    1.2959980000E-02    1.0518214295E+00   -1.0377851923E-01    2.3809865682E+00    7.1891772214E-02
    1.2999980000E-02    1.0416488383E+00   -8.7351047895E-02    2.4940357975E+00    7.2040335123E-02
    1.3039980000E-02    1.0323440297E+00   -6.7131171703E-02    2.6127997035E+00    7.2170624386E-02
    1.3079980000E-02    1.0239699839E+00   -4.3343652983E-02    2.7362202768E+00    7.2284219785E-02
    1.3119980000E-02    1.0164682427E+00   -1.6488545609E-02    2.8633318145E+00    7.2384188168E-02
    1.3159980000E-02    1.0097641280E+00    1.2585067405E-02    2.9933610846E+00    7.2470690458E-02
    1.3199980000E-02    1.0039280729E+00    4.2844854601E-02    3.1259586550E+00    7.2538425816E-02
    1.3239980000E-02    9.9932023900E-01    7.3370071615E-02    3.2610501907E+00    7.2584685949E-02
    1.3279980000E-02    9.9656081533E-01    1.0342473185E-01    3.3982782214E+00    7.2612166961E-02
    1.3319980000E-02    9.9630106280E-01    1.3235255939E-01    3.5368137910E+00    7.2622464696E-02
    1.3359980000E-02    9.9902409765E-01    1.5947740443E-01    3.6755293504E+00    7.2614405666E-02
    1.3399980000E-02    1.0049744721E+00    1.8407891132E-01    3.8131811121E+00    7.2585833466E-02
    1.3439980000E-02    1.0141565330E+00    2.0541593574E-01    3.9484812738E+00    7.2534557362E-02
    1.3479980000E-02    1.0263329962E+00    2.2276854361E-01    4.0800174776E+00    7.2458686517E-02
    1.3519980000E-02    1.0409970227E+00    2.3553492462E-01    4.2061397212E+00    7.2357022468E-02
    1.3559980000E-02    1.0573658986E+00    2.4339466214E-01    4.3250008038E+00    7.2229528151E-02
    1.3599980000E-02    1.0744602496E+00    2.4645692827E-01    4.4347497836E+00    7.2077579663E-02
    1.3639980000E-02    1.0912524386E+00    2.4530833697E-01    4.5337178944E+00    7.1903919237E-02
    1.3679980000E-02    1.1068144709E+00    2.4094526700E-01    4.6205041136E+00    7.1712457071E-02
    1.3719980000E-02    1.1204154694E+00    2.3462642277E-01    4.6939951256E+00    7.1507820288E-02
    1.3759980000E-02    1.1315539131E+00    2.2769543407E-01    4.7533646809E+00    7.1294572036E-02
    1.3799980000E-02    1.1399384490E+00    2.2140164729E-01    4.7980511652E+00    7.1076453071E-02
    1.3839980000E-02    1.1454319754E+00    2.1676328497E-01    4.8277102277E+00    7.0856041173E-02
    1.3879980000E-02    1.1479858981E+00    2.1448265406E-01    4.8421567437E+00    7.0634871964E-02
    1.3919980000E-02    1.1475875964E+00    2.1490149084E-01    4.8413170287E+00    7.0413817444E-02
    1.3959980000E-02    1.1442324593E+00    2.1798555053E-01    4.8252039332E+00    7.0193551372E-02
    1.3999980000E-02    1.1379269563E+00    2.2332442261E-01    4.7939176981E+00    6.9975023655E-02
    1.4039980000E-02    1.1287199267E+00    2.3015546193E-01    4.7476746365E+00    6.9759906023E-02
    1.4079980000E-02    1.1167582912E+00    2.3741504653E-01    4.6868566828E+00    6.9550924414E-02
    1.4119980000E-02    1.1023521844E+00    2.4383362213E-01    4.6120674587E+00    6.9351896703E-02
    1.4159980000E-02    1.0860263886E+00    2.4808073744E-01    4.5241742114E+00    6.9167308131E-02
    1.4199980000E-02    1.0685351678E+00    2.4893943203E-01    4.4243205806E+00    6.9001512793E-02
    1.4239980000E-02    1.0508213647E+00    2.4548017387E-01    4.3139186362E+00    6.8857998769E-02
    1.4279980000E-02    1.0339202382E+00    2.3718614132E-01    4.1946236189E+00    6.8739030955E-02
    1.4319980000E-02    1.0188142883E+00    2.2400748879E-01    4.0682542036E+00    6.8645554963E-02
    1.4359980000E-02    1.0062868589E+00    2.0631425069E-01    3.9366293462E+00    6.8577272730E-02
    1.4399980000E-02    9.9684923091E-01    1.8475223144E-01    3.8014008733E+00    6.8532980464E-02
    1.4439980000E-02    9.9075123515E-01    1.6008625876E-01    3.6640130475E+00    6.8511023477E-02
    1.4479980000E-02    9.8801446541E-01    1.3310115517E-01    3.5257877112E+00    6.8509569978E-02
    1.4519980000E-02    9.8843559222E-01    1.0455660522E-01    3.3879868931E+00    6.8526680257E-02
    1.4559980000E-02    9.9157914008E-01    7.5166901251E-02    3.2517603723E+00    6.8560861447E-02
    1.4599980000E-02    9.9682895222E-01    4.5612718350E-02    3.1180025709E+00    6.8612943016E-02
    1.4639980000E-02    1.0035520447E+00    1.6590215472E-02    2.9871717816E+00    6.8686059949E-02
    1.4679980000E-02    1.0112995754E+00   -1.1126241524E-02    2.8593623713E+00    6.8779574887E-02
    1.4719980000E-02    1.0198706256E+00   -3.6675624140E-02    2.7348352900E+00    6.8887722863E-02
    1.4759980000E-02    1.0292256680E+00   -5.9275120597E-02    2.6143298728E+00    6.9007902283E-02
    1.4799980000E-02    1.0393472203E+00   -7.8414706952E-02    2.4988470936E+00    6.9142287613E-02
    1.4839980000E-02    1.0501294593E+00   -9.3871569471E-02    2.3894475802E+00    6.9293158764E-02
    1.4879980000E-02    1.0613397727E+00   -1.0564089889E-01    2.2872284043E+00    6.9460776655E-02
    1.4919980000E-02    1.0726357811E+00   -1.1390005379E-01    2.1933183388E+00    6.9643717971E-02
    1.4959980000E-02    1.0836081610E+00   -1.1900751818E-01    2.1088257227E+00    6.9839589640E-02
    1.4999980000E-02    1.0938328030E+00   -1.2149313238E-01    2.0347631004E+00    7.0045577658E-02
    1.5039980000E-02    1.1029200835E+00   -1.2201516380E-01    1.9719853945E+00    7.0258886593E-02
    1.5079980000E-02    1.1105497425E+00   -1.2128744267E-01    1.9211611347E+00    7.0477072745E-02
    1.5119980000E-02    1.1164859197E+00   -1.1999336425E-01    1.8827758949E+00    7.0698247160E-02
    1.5159980000E-02    1.1205733280E+00   -1.1871039825E-01    1.8571560267E+00    7.0921128913E-02
    1.5199980000E-02    1.1227233201E+00   -1.1785272440E-01    1.8444985315E+00    7.1144957938E-02
    1.5239980000E-02    1.1228985041E+00   -1.1763633053E-01    1.8448956783E+00    7.1369319555E-02
    1.5279980000E-02    1.1211033228E+00   -1.1806223680E-01    1.8583486011E+00    7.1593921686E-02
    1.5319980000E-02    1.1173841616E+00   -1.1891558556E-01    1.8847669741E+00    7.1818356839E-02
    1.5359980000E-02    1.1118386006E+00   -1.1978216676E-01    1.9239542660E+00    7.2041871007E-02
    1.5399980000E-02    1.1046305520E+00   -1.2008232217E-01    1.9755821410E+00    7.2263174070E-02
    1.5439980000E-02    1.0960032867E+00   -1.1912809295E-01    2.0391599518E+00    7.2480334732E-02
    1.5479980000E-02    1.0862814090E+00   -1.1619988566E-01    2.1140103536E+00    7.2690814447E-02
    1.5519980000E-02    1.0758537306E+00   -1.1063165098E-01    2.1992662239E+00    7.2891678709E-02
    1.5559980000E-02    1.0651350872E+00   -1.0188552825E-01    2.2939007858E+00    7.3079965795E-02
    1.5599980000E-02    1.0545145664E+00   -8.9594676289E-02    2.3967902610E+00    7.3253182671E-02
    1.5639980000E-02    1.0443019882E+00   -7.3574214675E-02    2.5067894552E+00    7.3409855712E-02
    1.5679980000E-02    1.0346863273E+00   -5.3823941647E-02    2.6227882519E+00    7.3550174713E-02
    1.5719980000E-02    1.0257221297E+00   -3.0571506494E-02    2.7437299893E+00    7.3676330929E-02
    1.5759980000E-02    1.0173703178E+00   -4.3626740322E-03    2.8686528553E+00    7.3790295099E-02
    1.5799980000E-02    1.0096141956E+00    2.3952487318E-02    2.9969066761E+00    7.3888956630E-02
    1.5839980000E-02    1.0026343856E+00    5.3464829850E-02    3.1283357490E+00    7.3966999992E-02
    1.5879980000E-02    9.9693562440E-01    8.3409499843E-02    3.2628781854E+00    7.4025459412E-02
    1.5919980000E-02    9.9324332350E-01    1.1313690870E-01    3.4000586327E+00    7.4067686309E-02
    1.5959980000E-02    9.9225148570E-01    1.4200536537E-01    3.5389838350E+00    7.4093159249E-02
    1.5999980000E-02    9.9446068359E-01    1.6930716763E-01    3.6785131807E+00    7.4099082019E-02
    1.6039980000E-02    1.0001318561E+00    1.9426599533E-01    3.8173987424E+00    7.4082916739E-02
    1.6079980000E-02    1.0092860844E+00    2.1607229095E-01    3.9543475334E+00    7.4042895635E-02
    1.6119980000E-02    1.0216945887E+00    2.3392838771E-01    4.0879301679E+00    7.3977673813E-02
    1.6159980000E-02    1.0368408908E+00    2.4714567383E-01    4.2164541937E+00    7.3886194593E-02
    1.6199980000E-02    1.0539081241E+00    2.5531596747E-01    4.3380061927E+00    7.3768115245E-02
    1.6239980000E-02    1.0718591836E+00    2.5847870698E-01    4.4506615849E+00    7.3624339080E-02
    1.6279980000E-02    1.0895978425E+00    2.5718101498E-01    4.5526815917E+00    7.3457216609E-02
    1.6319980000E-02    1.1061289829E+00    2.5241711309E-01    4.6425957500E+00    7.3270489141E-02
    1.6359980000E-02    1.1206645552E+00    2.4548368453E-01    4.7192190783E+00    7.3068907655E-02
    1.6399980000E-02    1.1326642446E+00    2.3779113142E-01    4.7816586165E+00    7.2857388378E-02
    1.6439980000E-02    1.1418154514E+00    2.3067823271E-01    4.8293013942E+00    7.2640095624E-02
    1.6479980000E-02    1.1479761212E+00    2.2525671052E-01    4.8617691376E+00    7.2419973563E-02
    1.6519980000E-02    1.1511018714E+00    2.2231677732E-01    4.8788569519E+00    7.2198809587E-02
    1.6559980000E-02    1.1511854536E+00    2.2227702570E-01    4.8804783075E+00    7.1977615388E-02
    1.6599980000E-02    1.1482226007E+00    2.2516355435E-01    4.8666330960E+00    7.1757113685E-02
    1.6639980000E-02    1.1422085941E+00    2.3061165858E-01    4.8374051089E+00    7.1538239787E-02
    1.6679980000E-02    1.1331686840E+00    2.3788047054E-01    4.7929870014E+00    7.1322620977E-02
    1.6719980000E-02    1.1212143380E+00    2.4590083768E-01    4.7337311731E+00    7.1112961985E-02
    1.6759980000E-02    1.1066142362E+00    2.5336614190E-01    4.6602121204E+00    7.0913160555E-02
    1.6799980000E-02    1.0898572280E+00    2.5887447046E-01    4.5732741764E+00    7.0727919672E-02
    1.6839980000E-02    1.0716785098E+00    2.6111269110E-01    4.4740448640E+00    7.0561876950E-02
    1.6879980000E-02    1.0530335927E+00    2.5903803806E-01    4.3639215330E+00    7.0418718340E-02
    1.6919980000E-02    1.0350097736E+00    2.5202490844E-01    4.2445536015E+00    7.0300753273E-02
    1.6959980000E-02    1.0186836061E+00    2.3993748095E-01    4.1177912638E+00    7.0208892242E-02
    1.6999980000E-02    1.0049574837E+00    2.2310266430E-01    3.9855413379E+00    7.0142860991E-02
    1.7039980000E-02    9.9444788900E-01    2.0218164729E-01    3.8495717554E+00    7.0101713661E-02
    1.7079980000E-02    9.8747685477E-01    1.7799670258E-01    3.7114163124E+00    7.0084331631E-02
    1.7119980000E-02    9.8411886926E-01    1.5140388440E-01    3.5724409381E+00    7.0089402544E-02
    1.7159980000E-02    9.8422487485E-01    1.2323206258E-01    3.4339378014E+00    7.0114977827E-02
    1.7199980000E-02    9.8741363772E-01    9.4248730478E-02    3.2971094561E+00    7.0158303917E-02
    1.7239980000E-02    9.9308292455E-01    6.5146073502E-02    3.1629760604E+00    7.0217213811E-02
    1.7279980000E-02    1.0005066450E+00    3.6567828354E-02    3.0322473790E+00    7.0293152572E-02
    1.7319980000E-02    1.0090377879E+00    9.1585562483E-03    2.9051860214E+00    7.0389909871E-02
    1.7359980000E-02    1.0182783814E+00   -1.6383267543E-02    2.7818226509E+00    7.0506027635E-02
    1.7399980000E-02    1.0280674156E+00   -3.9318581984E-02    2.6625280742E+00    7.0635724085E-02
    1.7439980000E-02    1.0383549667E+00   -5.9039155709E-02    2.5481557206E+00    7.0777103619E-02
    1.7479980000E-02    1.0490715018E+00   -7.5217782206E-02    2.4397565479E+00    7.0931988719E-02
    1.7519980000E-02    1.0600517804E+00   -8.7798293134E-02    2.3384043893E+00    7.1101748771E-02
    1.7559980000E-02    1.0710264402E+00   -9.6934409046E-02    2.2451678592E+00    7.1285895372E-02
    1.7599980000E-02    1.0816539276E+00   -1.0295507614E-01    2.1610869413E+00    7.1482542291E-02
    1.7639980000E-02    1.0915663794E+00   -1.0634354306E-01    2.0871216121E+00    7.1689127796E-02
    1.7679980000E-02    1.1004145043E+00   -1.0770073735E-01    2.0240985786E+00    7.1902975008E-02
    1.7719980000E-02    1.1079022944E+00   -1.0768178845E-01    1.9726792872E+00    7.2121697542E-02
    1.7759980000E-02    1.1138041749E+00   -1.0692340659E-01    1.9333556705E+00    7.2343433310E-02
    1.7799980000E-02    1.1179660063E+00   -1.0597420660E-01    1.9064666413E+00    7.2566903149E-02
    1.7839980000E-02    1.1202955845E+00   -1.0524020677E-01    1.8922229833E+00    7.2791341071E-02
    1.7879980000E-02    1.1207505704E+00   -1.0494802259E-01    1.8907300507E+00    7.3016334709E-02
    1.7919980000E-02    1.1193297131E+00   -1.0512759175E-01    1.9020013457E+00    7.3241619935E-02
    1.7959980000E-02    1.1160714734E+00   -1.0561028609E-01    1.9259600270E+00    7.3466857184E-02
    1.7999980000E-02    1.1110608382E+00   -1.0604021806E-01    1.9624280664E+00    7.3691411584E-02
    1.8039980000E-02    1.1044407046E+00   -1.0590405387E-01    2.0111049829E+00    7.3914163220E-02
    1.8079980000E-02    1.0964221417E+00   -1.0457988895E-01    2.0715419667E+00    7.4133392527E-02
    1.8119980000E-02    1.0872853802E+00   -1.0140502663E-01    2.1431209873E+00    7.4346782265E-02
    1.8159980000E-02    1.0773659070E+00   -9.5748403399E-02    2.2250515112E+00    7.4551591066E-02
    1.8199980000E-02    1.0670221142E+00   -8.7078542996E-02    2.3163944583E+00    7.4745037455E-02
    1.8239980000E-02    1.0565898188E+00   -7.5010880195E-02    2.4161111827E+00    7.4924841788E-02
    1.8279980000E-02    1.0463344070E+00   -5.9332106441E-02    2.5231203360E+00    7.5089898482E-02
    1.8319980000E-02    1.0364131722E+00   -4.0030069561E-02    2.6363384525E+00    7.5240897759E-02
    1.8359980000E-02    1.0268682057E+00   -1.7359976888E-02    2.7547114204E+00    7.5379721212E-02
    1.8399980000E-02    1.0176789299E+00    8.1000338674E-03    2.8773479720E+00    7.5505702061E-02
    1.8439980000E-02    1.0088966917E+00    3.5566235496E-02    3.0038105851E+00    7.5613491195E-02
    1.8479980000E-02    1.0008359599E+00    6.4292115770E-02    3.1340851988E+00    7.5700881051E-02
    1.8519980000E-02    9.9415061773E-01    9.3645899258E-02    3.2680138111E+00    7.5771989309E-02
    1.8559980000E-02    9.8964812650E-01    1.2303800272E-01    3.4050091672E+00    7.5828564649E-02
    1.8599980000E-02    9.8804653180E-01    1.5182980180E-01    3.5441653056E+00    7.5867620392E-02
    1.8639980000E-02    9.8985872346E-01    1.7927766288E-01    3.6843528358E+00    7.5885366712E-02
    1.8679980000E-02    9.9536155075E-01    2.0454759331E-01    3.8243178871E+00    7.5879441448E-02
    1.8719980000E-02    1.0045913976E+00    2.2676068516E-01    3.9627477716E+00    7.5848802981E-02
    1.8759980000E-02    1.0173245287E+00    2.4504151372E-01    4.0981794533E+00    7.5792742804E-02
    1.8799980000E-02    1.0330279633E+00    2.5861991076E-01    4.2288671507E+00    7.5710307250E-02
    1.8839980000E-02    1.0508426313E+00    2.6701131517E-01    4.3528294349E+00    7.5600774840E-02
    1.8879980000E-02    1.0696718892E+00    2.7019373166E-01    4.4680744868E+00    7.5464518173E-02
    1.8919980000E-02    1.0883534630E+00    2.6868023274E-01    4.5728040048E+00    7.5303448004E-02
    1.8959980000E-02    1.1058285463E+00    2.6346803316E-01    4.6654877343E+00    7.5121088081E-02
    1.8999980000E-02    1.1212575002E+00    2.5589156881E-01    4.7448752252E+00    7.4922268493E-02
    1.9039980000E-02    1.1340655577E+00    2.4742835117E-01    4.8100112904E+00    7.4712225985E-02
    1.9079980000E-02    1.1439247017E+00    2.3950034997E-01    4.8602357216E+00    7.4495527618E-02
    1.9119980000E-02    1.1506918777E+00    2.3330813380E-01    4.8951414470E+00    7.4275466709E-02
    1.9159980000E-02    1.1543298908E+00    2.2972478307E-01    4.9145076680E+00    7.4054076441E-02
    1.9199980000E-02    1.1548403696E+00    2.2923696937E-01    4.9182373410E+00    7.3832511406E-02
    1.9239980000E-02    1.1522216025E+00    2.3192615872E-01    4.9063203166E+00    7.3611552685E-02
    1.9279980000E-02    1.1464605649E+00    2.3746752301E-01    4.8788262738E+00    7.3392133727E-02
    1.9319980000E-02    1.1375610398E+00    2.4514047482E-01    4.8359274014E+00    7.3175849589E-02
    1.9359980000E-02    1.1256006460E+00    2.5387140053E-01    4.7779503520E+00    7.2965391028E-02
    1.9399980000E-02    1.1108081939E+00    2.6231672190E-01    4.7054429034E+00    7.2764728615E-02
    1.9439980000E-02    1.0936350929E+00    2.6900788471E-01    4.6192298238E+00    7.2578776860E-02
    1.9479980000E-02    1.0747936682E+00    2.7254098165E-01    4.5204288880E+00    7.2412466607E-02
    1.9519980000E-02    1.0552441739E+00    2.7176722653E-01    4.4104296530E+00    7.2269695091E-02
    1.9559980000E-02    1.0361155487E+00    2.6595597236E-01    4.2908738620E+00    7.2152794473E-02
    1.9599980000E-02    1.0185668425E+00    2.5488590747E-01    4.1636275904E+00    7.2062537132E-02
    1.9639980000E-02    1.0036112008E+00    2.3883913904E-01    4.0306670953E+00    7.1998448272E-02
    1.9679980000E-02    9.9197498066E-01    2.1848266003E-01    3.8938745229E+00    7.1959527858E-02
    1.9719980000E-02    9.8406246448E-01    1.9468630229E-01    3.7548927159E+00    7.1945019947E-02
    1.9759980000E-02    9.8000120861E-01    1.6837464350E-01    3.6151551973E+00    7.1954361332E-02
    1.9799980000E-02    9.7968358397E-01    1.4045088115E-01    3.4759929335E+00    7.1986315458E-02
    1.9839980000E-02    9.8277117594E-01    1.1175208097E-01    3.3386419714E+00    7.2038198778E-02
    1.9879980000E-02    9.8869726980E-01    8.3012595752E-02    3.2041621630E+00    7.2106200211E-02
    1.9919980000E-02    9.9671410718E-01    5.4867125878E-02    3.0733845196E+00    7.2188079930E-02
    1.9959980000E-02    1.0060354533E+00    2.7892805575E-02    2.9468226074E+00    7.2286589271E-02
    1.9999980000E-02    1.0160534187E+00    2.6525952701E-03    2.8245906683E+00    7.2405715545E-02
    2.0039980000E-02    1.0264439477E+00   -2.0258854913E-02    2.7067511114E+00    7.2542939632E-02
    2.0079980000E-02    1.0370830776E+00   -4.0254388309E-02    2.5938209851E+00    7.2692936664E-02
    2.0119980000E-02    1.0479044662E+00   -5.6921720669E-02    2.4867382105E+00    7.2854338123E-02
    2.0159980000E-02    1.0587934146E+00   -7.0123297840E-02    2.3865651377E+00    7.3028224697E-02
    2.0199980000E-02    1.0695475634E+00   -7.9967062374E-02    2.2943453536E+00    7.3214915040E-02
    2.0239980000E-02    1.0798915385E+00   -8.6749979561E-02    2.2110689681E+00    7.3413229008E-02
    2.0279980000E-02    1.0895150574E+00   -9.0917119388E-02    2.1376432683E+00    7.3621023560E-02
    2.0319980000E-02    1.0981140069E+00   -9.3019544245E-02    2.0748553155E+00    7.3835854795E-02
    2.0359980000E-02    1.1054231103E+00   -9.3659098914E-02    2.0233444710E+00    7.4055465608E-02
    2.0399980000E-02    1.1112341830E+00   -9.3425380582E-02    1.9835954241E+00    7.4278059375E-02
    2.0439980000E-02    1.1154004524E+00   -9.2832928935E-02    1.9559493287E+00    7.4502381394E-02
    2.0479980000E-02    1.1178310799E+00   -9.2269556170E-02    1.9406238120E+00    7.4727673806E-02
    2.0519980000E-02    1.1184816331E+00   -9.1962776063E-02    1.9377326722E+00    7.4953533332E-02
    2.0559980000E-02    1.1173467634E+00   -9.1961411013E-02    1.9472987198E+00    7.5179717940E-02
    2.0599980000E-02    1.1144584692E+00   -9.2131502611E-02    1.9692564197E+00    7.5405938516E-02
    2.0639980000E-02    1.1098907441E+00   -9.2165379917E-02    2.0034438149E+00    7.5631652016E-02
    2.0679980000E-02    1.1037678756E+00   -9.1607985075E-02    2.0495852198E+00    7.5855878413E-02
    2.0719980000E-02    1.0962720545E+00   -8.9898920696E-02    2.1072696947E+00    7.6077081032E-02
    2.0759980000E-02    1.0876438332E+00   -8.6428951175E-02    2.1759334244E+00    7.6293162131E-02
    2.0799980000E-02    1.0781694461E+00   -8.0605481624E-02    2.2548555540E+00    7.6501633133E-02
    2.0839980000E-02    1.0681530007E+00   -7.1914841768E-02    2.3431743393E+00    7.6699993640E-02
    2.0879980000E-02    1.0578770139E+00   -5.9970458720E-02    2.4399216943E+00    7.6886302135E-02
    2.0919980000E-02    1.0475590572E+00   -4.4555035394E-02    2.5440636046E+00    7.7059858555E-02
    2.0959980000E-02    1.0373194871E+00   -2.5674604894E-02    2.6545369326E+00    7.7221391024E-02
    2.0999980000E-02    1.0271841012E+00   -3.6248068671E-03    2.7703324348E+00    7.7371147480E-02
    2.1039980000E-02    1.0171556021E+00    2.1025618218E-02    2.8907376201E+00    7.7505416887E-02
    2.1079980000E-02    1.0073797094E+00    4.7623373920E-02    3.0155573556E+00    7.7619638156E-02
    2.1119980000E-02    9.9833527104E-01    7.5587007631E-02    3.1447849529E+00    7.7716249683E-02
    2.1159980000E-02    9.9081431048E-01    1.0438603058E-01    3.2780990743E+00    7.7799720505E-02
    2.1199980000E-02    9.8567389089E-01    1.3346959100E-01    3.4148545562E+00    7.7868695513E-02
    2.1239980000E-02    9.8364084575E-01    1.6218834571E-01    3.5541753233E+00    7.7918396598E-02
    2.1279980000E-02    9.8523905372E-01    1.8975268248E-01    3.6949454957E+00    7.7944921686E-02
    2.1319980000E-02    9.9075922739E-01    2.1526568994E-01    3.8358906905E+00    7.7946551612E-02
    2.1359980000E-02    1.0002443481E+00    2.3777902818E-01    3.9756581931E+00    7.7923092143E-02
    2.1399980000E-02    1.0134615734E+00    2.5634472897E-01    4.1127303495E+00    7.7874377767E-02
    2.1439980000E-02    1.0298474074E+00    2.7012037804E-01    4.2452941008E+00    7.7799412855E-02
    2.1479980000E-02    1.0484910233E+00    2.7855801493E-01    4.3712989987E+00    7.7697019964E-02
    2.1519980000E-02    1.0682306491E+00    2.8159357073E-01    4.4886965412E+00    7.7567040460E-02
    2.1559980000E-02    1.0878389829E+00    2.7972571652E-01    4.5956438146E+00    7.7410972973E-02
    2.1599980000E-02    1.1062028425E+00    2.7396447608E-01    4.6905639922E+00    7.7232139607E-02
    2.1639980000E-02    1.1224413015E+00    2.6568809662E-01    4.7721524469E+00    7.7035439057E-02
    2.1679980000E-02    1.1359552021E+00    2.5644230751E-01    4.8394022014E+00    7.6826396189E-02
    2.1719980000E-02    1.1464098522E+00    2.4772810158E-01    4.8916155100E+00    7.6609933792E-02
    2.1759980000E-02    1.1536690996E+00    2.4082231073E-01    4.9283640022E+00    7.6389647556E-02
    2.1799980000E-02    1.1577084984E+00    2.3666517481E-01    4.9494170696E+00    7.6167779806E-02
    2.1839980000E-02    1.1585399126E+00    2.3580233028E-01    4.9546733807E+00    7.5945609925E-02
    2.1879980000E-02    1.1561657440E+00    2.3835843876E-01    4.9441170354E+00    7.5723980403E-02
    2.1919980000E-02    1.1505667429E+00    2.4403580768E-01    4.9178071351E+00    7.5503840851E-02
    2.1959980000E-02    1.1417274728E+00    2.5212490546E-01    4.8758993756E+00    7.5286780141E-02
    2.1999980000E-02    1.1296954576E+00    2.6153958597E-01    4.8186983977E+00    7.5075497410E-02
    2.2039980000E-02    1.1146618362E+00    2.7090059748E-01    4.7467314014E+00    7.4874048767E-02
    2.2079980000E-02    1.0970442420E+00    2.7867397585E-01    4.6608118381E+00    7.4687559444E-02
    2.2119980000E-02    1.0775363275E+00    2.8336732320E-01    4.5620575709E+00    7.4521246974E-02
    2.2159980000E-02    1.0571009995E+00    2.8373850650E-01    4.4518609485E+00    7.4379217655E-02
    2.2199980000E-02    1.0369010148E+00    2.7896684699E-01    4.3318608996E+00    7.4263816204E-02
    2.2239980000E-02    1.0181658052E+00    2.6875771265E-01    4.2039318507E+00    7.4175633179E-02
    2.2279980000E-02    1.0020104836E+00    2.5335099854E-01    4.0701017138E+00    7.4113855341E-02
    2.2319980000E-02    9.8926875689E-01    2.3341623254E-01    3.9323526990E+00    7.4077140196E-02
    2.2359980000E-02    9.8042653292E-01    2.0986890340E-01    3.7924397442E+00    7.4064749918E-02
    2.2399980000E-02    9.7566033706E-01    1.8370265737E-01    3.6518817665E+00    7.4076718464E-02
    2.2439980000E-02    9.7489442056E-01    1.5589500840E-01    3.5120667886E+00    7.4112728363E-02
    2.2479980000E-02    9.7782023591E-01    1.2735471763E-01    3.3742756669E+00    7.4170887922E-02
    2.2519980000E-02    9.8390131658E-01    9.8872991517E-02    3.2395896300E+00    7.4247391114E-02
    2.2559980000E-02    9.9240131527E-01    7.1103884677E-02    3.1088504213E+00    7.4337771120E-02
    2.2599980000E-02    1.0024679402E+00    4.4596494806E-02    2.9826952765E+00    7.4440782435E-02
    2.2639980000E-02    1.0133174392E+00    1.9835344535E-02    2.8614680731E+00    7.4560744343E-02
    2.2679980000E-02    1.0244324584E+00   -2.7249116870E-03    2.7452094751E+00    7.4700872920E-02
    2.2719980000E-02    1.0355759991E+00   -2.2620253502E-02    2.6340982056E+00    7.4857598260E-02
    2.2759980000E-02    1.0466534476E+00   -3.9444582805E-02    2.5287970306E+00    7.5026377254E-02
    2.2799980000E-02    1.0575791085E+00   -5.2992768576E-02    2.4302815349E+00    7.5206038829E-02
    2.2839980000E-02    1.0682072776E+00   -6.3310723972E-02    2.3395756541E+00    7.5396707363E-02
    2.2879980000E-02    1.0783249376E+00   -7.0654338557E-02    2.2576405065E+00    7.5597724238E-02
    2.2919980000E-02    1.0876793413E+00   -7.5431533960E-02    2.1853400092E+00    7.5807442320E-02
    2.2959980000E-02    1.0960142774E+00   -7.8149758480E-02    2.1234178725E+00    7.6023752158E-02
    2.2999980000E-02    1.1031002660E+00   -7.9362536229E-02    2.0724803419E+00    7.6244600852E-02
    2.3039980000E-02    1.1087530119E+00   -7.9611455772E-02    2.0329917855E+00    7.6468309458E-02
    2.3079980000E-02    1.1128395490E+00   -7.9370786650E-02    2.0052836262E+00    7.6693695371E-02
    2.3119980000E-02    1.1152752744E+00   -7.9002635195E-02    1.9895708623E+00    7.6920036809E-02
    2.3159980000E-02    1.1160173173E+00   -7.8724583229E-02    1.9859688894E+00    7.7146943947E-02
    2.3199980000E-02    1.1150588796E+00   -7.8591503778E-02    1.9945048493E+00    7.7374191574E-02
    2.3239980000E-02    1.1124274632E+00   -7.8491563970E-02    2.0151204703E+00    7.7601525205E-02
    2.3279980000E-02    1.1081879403E+00   -7.8154651222E-02    2.0476657390E+00    7.7828466049E-02
    2.3319980000E-02    1.1024487050E+00   -7.7174176341E-02    2.0918848030E+00    7.8054144439E-02
    2.3359980000E-02    1.0953669668E+00   -7.5042885574E-02    2.1473980395E+00    7.8277184203E-02
    2.3399980000E-02    1.0871476644E+00   -7.1203032177E-02    2.2136867077E+00    7.8495697332E-02
    2.3439980000E-02    1.0780315545E+00   -6.5104143850E-02    2.2900872924E+00    7.8707463241E-02
    2.3479980000E-02    1.0682704500E+00   -5.6260642926E-02    2.3758001425E+00    7.8910311892E-02
    2.3519980000E-02    1.0580917683E+00   -4.4306515542E-02    2.4699111448E+00    7.9102685588E-02
    2.3559980000E-02    1.0476604095E+00   -2.9050683941E-02    2.5714226254E+00    7.9284072773E-02
    2.3599980000E-02    1.0370540406E+00   -1.0545453511E-02    2.6793148440E+00    7.9454328430E-02
    2.3639980000E-02    1.0262828471E+00    1.0883017625E-02    2.7927200132E+00    7.9611034107E-02
    2.3679980000E-02    1.0153948876E+00    3.4743340943E-02    2.9112036420E+00    7.9749228649E-02
    2.3719980000E-02    1.0046802645E+00    6.0550326064E-02    3.0347249500E+00    7.9868567838E-02
    2.3759980000E-02    9.9480733305E-01    8.7857346340E-02    3.1631307200E+00    7.9974491835E-02
    2.3799980000E-02    9.8667477241E-01    1.1620060999E-01    3.2959574376E+00    8.0068533511E-02
    2.3839980000E-02    9.8115630823E-01    1.4504457293E-01    3.4325753897E+00    8.0146311947E-02
    2.3879980000E-02    9.7897644376E-01    1.7371004961E-01    3.5721443138E+00    8.0202605731E-02
    2.3919980000E-02    9.8066293245E-01    2.0134909469E-01    3.7135330859E+00    8.0234226578E-02
    2.3959980000E-02    9.8650888664E-01    2.2699541976E-01    3.8554208159E+00    8.0240375897E-02
    2.3999980000E-02    9.9654762571E-01    2.4962897175E-01    3.9963931740E+00    8.0221616141E-02
    2.4039980000E-02    1.0105156030E+00    2.6823309663E-01    4.1348553481E+00    8.0178038450E-02
    2.4079980000E-02    1.0277933541E+00    2.8190850010E-01    4.2689090963E+00    8.0108369621E-02
    2.4119980000E-02    1.0473966754E+00    2.9007226368E-01    4.3964329365E+00    8.0010932502E-02
    2.4159980000E-02    1.0680906940E+00    2.9265177388E-01    4.5153371381E+00    7.9885134489E-02
    2.4199980000E-02    1.0885881902E+00    2.9016384629E-01    4.6237562384E+00    7.9732190530E-02
    2.4239980000E-02    1.1077341895E+00    2.8366026046E-01    4.7200863694E+00    7.9555327187E-02
    2.4279980000E-02    1.1246252030E+00    2.7457921288E-01    4.8029860519E+00    7.9359568057E-02
    2.4319980000E-02    1.1386573776E+00    2.6453757878E-01    4.8714151617E+00    7.9150705530E-02
    2.4359980000E-02    1.1495071628E+00    2.5510355338E-01    4.9246569845E+00    7.8933935895E-02
    2.4399980000E-02    1.1570565102E+00    2.4761335518E-01    4.9622784091E+00    7.8713058312E-02
    2.4439980000E-02    1.1612992821E+00    2.4305359986E-01    4.9840507524E+00    7.8490446964E-02
    2.4479980000E-02    1.1622609326E+00    2.4200031334E-01    4.9898746948E+00    7.8267462451E-02
    2.4519980000E-02    1.1599476412E+00    2.4459783862E-01    4.9797340568E+00    7.8044997488E-02
    2.4559980000E-02    1.1543339921E+00    2.5055223800E-01    4.9536826188E+00    7.7824037287E-02
    2.4599980000E-02    1.1453880809E+00    2.5914164628E-01    4.9118657976E+00    7.7606208424E-02
    2.4639980000E-02    1.1331309223E+00    2.6925459448E-01    4.8545764244E+00    7.7394277401E-02
    2.4679980000E-02    1.1177246898E+00    2.7946452833E-01    4.7823327871E+00    7.7192435995E-02
    2.4719980000E-02    1.0995635442E+00    2.8817121588E-01    4.6959507334E+00    7.7006037378E-02
    2.4759980000E-02    1.0793326315E+00    2.9380396516E-01    4.5965644535E+00    7.6840558431E-02
    2.4799980000E-02    1.0580066609E+00    2.9504401382E-01    4.4855860156E+00    7.6700250980E-02
    2.4839980000E-02    1.0367824599E+00    2.9100815576E-01    4.3646652057E+00    7.6587406451E-02
    2.4879980000E-02    1.0169519490E+00    2.8135555051E-01    4.2356875756E+00    7.6502387350E-02
    2.4919980000E-02    9.9971582655E-01    2.6630695432E-01    4.1007203945E+00    7.6443993107E-02
    2.4959980000E-02    9.8599684492E-01    2.4654765990E-01    3.9618243366E+00    7.6410409742E-02
    2.4999980000E-02    9.7635263932E-01    2.2303846857E-01    3.8208510241E+00    7.6400646347E-02
    2.5039980000E-02    9.7100437470E-01    1.9683639120E-01    3.6794072951E+00    7.6415006260E-02
    2.5079980000E-02    9.6989774615E-01    1.6899056187E-01    3.5389532482E+00    7.6453892995E-02
    2.5119980000E-02    9.7273284380E-01    1.4048260455E-01    3.4008296724E+00    7.6516297196E-02
    2.5159980000E-02    9.7898159583E-01    1.1216545748E-01    3.2661477706E+00    7.6599223393E-02
    2.5199980000E-02    9.8792012534E-01    8.4724099933E-02    3.1357237605E+00    7.6698005150E-02
    2.5239980000E-02    9.9867883662E-01    5.8697827566E-02    3.0101822004E+00    7.6808487001E-02
    2.5279980000E-02    1.0103638688E+00    3.4526531924E-02    2.8900119017E+00    7.6931455622E-02
    2.5319980000E-02    1.0222734892E+00    1.2571655175E-02    2.7754296545E+00    7.7072120088E-02
    2.5359980000E-02    1.0340254282E+00   -6.8450148569E-03    2.6664926742E+00    7.7231799179E-02
    2.5399980000E-02    1.0454690065E+00   -2.3415953824E-02    2.5635486585E+00    7.7406258648E-02
    2.5439980000E-02    1.0565274765E+00   -3.6936921700E-02    2.4673665329E+00    7.7591829291E-02
    2.5479980000E-02    1.0670985201E+00   -4.7407499285E-02    2.3788980861E+00    7.7787222018E-02
    2.5519980000E-02    1.0770251178E+00   -5.5037972102E-02    2.2990721084E+00    7.7991662147E-02
    2.5559980000E-02    1.0861102602E+00   -6.0196529372E-02    2.2287150348E+00    7.8203827098E-02
    2.5599980000E-02    1.0941469856E+00   -6.3348762547E-02    2.1685265829E+00    7.8421943689E-02
    2.5639980000E-02    1.1009454446E+00   -6.5001964635E-02    2.1190719395E+00    7.8644211822E-02
    2.5679980000E-02    1.1063504127E+00   -6.5649247677E-02    2.0807835027E+00    7.8869126806E-02
    2.5719980000E-02    1.1102481444E+00   -6.5720312865E-02    2.0539710454E+00    7.9095611801E-02
    2.5759980000E-02    1.1125654565E+00   -6.5541475506E-02    2.0388364192E+00    7.9323008776E-02
    2.5799980000E-02    1.1132651923E+00   -6.5307841573E-02    2.0354877814E+00    7.9550961932E-02
    2.5839980000E-02    1.1123420717E+00   -6.5067318486E-02    2.0439494432E+00    7.9779255173E-02
    2.5879980000E-02    1.1098214847E+00   -6.4716431114E-02    2.0641643303E+00    8.0007645215E-02
    2.5919980000E-02    1.1057617116E+00   -6.4008294911E-02    2.0959884266E+00    8.0235682692E-02
    2.5959980000E-02    1.1002581624E+00   -6.2572278484E-02    2.1391787958E+00    8.0462555964E-02
    2.5999980000E-02    1.0934463085E+00   -5.9946476709E-02    2.1933779660E+00    8.0687001154E-02
    2.6039980000E-02    1.0854990480E+00   -5.5621326378E-02    2.2580994395E+00    8.0907313907E-02
    2.6079980000E-02    1.0766144042E+00   -4.9092721193E-02    2.3327197536E+00    8.1121537863E-02
    2.6119980000E-02    1.0669920985E+00   -3.9918794883E-02    2.4164806061E+00    8.1327842676E-02
    2.6159980000E-02    1.0568011182E+00   -2.7781023431E-02    2.5085044112E+00    8.1524928901E-02
    2.6199980000E-02    1.0461473144E+00   -1.2550027275E-02    2.6078387081E+00    8.1711870763E-02
    2.6239980000E-02    1.0350622024E+00    5.6661170159E-03    2.7135860608E+00    8.1886546623E-02
    2.6279980000E-02    1.0235564326E+00    2.6562680348E-02    2.8251582732E+00    8.2044496963E-02
    2.6319980000E-02    1.0117836482E+00    4.9789920051E-02    2.9423940701E+00    8.2183558955E-02
    2.6359980000E-02    1.0002498548E+00    7.5018545837E-02    3.0651974173E+00    8.2308280534E-02
    2.6399980000E-02    9.8980853244E-01    1.0188661699E-01    3.1932021763E+00    8.2422425254E-02
    2.6439980000E-02    9.8141084217E-01    1.2996294493E-01    3.3259104824E+00    8.2523021605E-02
    2.6479980000E-02    9.7591856091E-01    1.5869576193E-01    3.4627461814E+00    8.2604450349E-02
    2.6519980000E-02    9.7404626985E-01    1.8734492555E-01    3.6028539943E+00    8.2662461044E-02
    2.6559980000E-02    9.7631267500E-01    2.1498280692E-01    3.7450320753E+00    8.2695076594E-02
    2.6599980000E-02    9.8298808773E-01    2.4056530816E-01    3.8878829670E+00    8.2702450265E-02
    2.6639980000E-02    9.9406220489E-01    2.6300184957E-01    4.0299099861E+00    8.2685574411E-02
    2.6679980000E-02    1.0092008565E+00    2.8121772430E-01    4.1694138905E+00    8.2644302435E-02
    2.6719980000E-02    1.0276877750E+00    2.9428302474E-01    4.3043876165E+00    8.2576787602E-02
    2.6759980000E-02    1.0484346426E+00    3.0162598207E-01    4.4326401440E+00    8.2480920356E-02
    2.6799980000E-02    1.0701223859E+00    3.0322547863E-01    4.5520673227E+00    8.2355944722E-02
    2.6839980000E-02    1.0914142952E+00    2.9967521961E-01    4.6608123386E+00    8.2203069237E-02
    2.6879980000E-02    1.1111387347E+00    2.9211554558E-01    4.7572692043E+00    8.2025649062E-02
    2.6919980000E-02    1.1284016903E+00    2.8207400211E-01    4.8400861079E+00    8.1828959425E-02
    2.6959980000E-02    1.1426291146E+00    2.7124115908E-01    4.9082227682E+00    8.1619035601E-02
    2.6999980000E-02    1.1535359424E+00    2.6123543949E-01    4.9609775958E+00    8.1401203258E-02
    2.7039980000E-02    1.1610398072E+00    2.5341956412E-01    4.9979390691E+00    8.1179293733E-02
    2.7079980000E-02    1.1651608666E+00    2.4878471915E-01    5.0188971583E+00    8.0955678328E-02
    2.7119980000E-02    1.1659377957E+00    2.4789665152E-01    5.0237651269E+00    8.0731721501E-02
    2.7159980000E-02    1.1633779174E+00    2.5087524789E-01    5.0125328238E+00    8.0508345661E-02
    2.7199980000E-02    1.1574466790E+00    2.5738978088E-01    4.9852553182E+00    8.0286603148E-02
    2.7239980000E-02    1.1480951834E+00    2.6667223500E-01    4.9420782030E+00    8.0068236943E-02
    2.7279980000E-02    1.1353257991E+00    2.7755194947E-01    4.8832974419E+00    7.9856191558E-02
    2.7319980000E-02    1.1192867437E+00    2.8853377961E-01    4.8094446898E+00    7.9654902748E-02
    2.7359980000E-02    1.1003703115E+00    2.9794624899E-01    4.7213658147E+00    7.9469996331E-02
    2.7399980000E-02    1.0792774387E+00    3.0415485115E-01    4.6202388809E+00    7.9307138241E-02
    2.7439980000E-02    1.0570152567E+00    3.0579788961E-01    4.5075192362E+00    7.9170567780E-02
    2.7479980000E-02    1.0348278843E+00    3.0197360173E-01    4.3848869993E+00    7.9062366328E-02
    2.7519980000E-02    1.0140663167E+00    2.9234727874E-01    4.2542534007E+00    7.8982564029E-02
    2.7559980000E-02    9.9599535435E-01    2.7716855236E-01    4.1177252460E+00    7.8929520042E-02
    2.7599980000E-02    9.8159621387E-01    2.5716842229E-01    3.9774210692E+00    7.8900932896E-02
    2.7639980000E-02    9.7146852667E-01    2.3336413156E-01    3.8352598465E+00    7.8895498346E-02
    2.7679980000E-02    9.6585468951E-01    2.0687548822E-01    3.6929194037E+00    7.8913577556E-02
    2.7719980000E-02    9.6470210581E-01    1.7881765034E-01    3.5519322932E+00    7.8955963062E-02
    2.7759980000E-02    9.6769720102E-01    1.5023637456E-01    3.4137034454E+00    7.9022229356E-02
    2.7799980000E-02    9.7429282816E-01    1.2203752292E-01    3.2793756991E+00    7.9110207035E-02
    2.7839980000E-02    9.8375549524E-01    9.4934499776E-02    3.1497349919E+00    7.9216048274E-02
    2.7879980000E-02    9.9521026288E-01    6.9460729139E-02    3.0253327965E+00    7.9334846193E-02
    2.7919980000E-02    1.0077114425E+00    4.6019985139E-02    2.9066680555E+00    7.9464016607E-02
    2.7959980000E-02    1.0204232993E+00    2.4908008470E-02    2.7941182624E+00    7.9606770737E-02
    2.7999980000E-02    1.0328175186E+00    6.3303742189E-03    2.6878168889E+00    7.9767455371E-02
    2.8039980000E-02    1.0446682672E+00   -9.5412922458E-03    2.5879286259E+00    7.9944886332E-02
    2.8079980000E-02    1.0558928461E+00   -2.2577953765E-02    2.4949733851E+00    8.0134843415E-02
    2.8119980000E-02    1.0664206126E+00   -3.2781835121E-02    2.4097550067E+00    8.0334439185E-02
    2.8159980000E-02    1.0761425838E+00   -4.0334175301E-02    2.3331315153E+00    8.0542155197E-02
    2.8199980000E-02    1.0849136528E+00   -4.5567675601E-02    2.2658789383E+00    8.0756639657E-02
    2.8239980000E-02    1.0925755734E+00   -4.8907564067E-02    2.2086464258E+00    8.0976344085E-02
    2.8279980000E-02    1.0989803207E+00   -5.0813881933E-02    2.1619497910E+00    8.1199718171E-02
    2.8319980000E-02    1.1040056678E+00   -5.1727386390E-02    2.1261785148E+00    8.1425461239E-02
    2.8359980000E-02    1.1075617761E+00   -5.2025752828E-02    2.1016087073E+00    8.1652636530E-02
    2.8399980000E-02    1.1095913206E+00   -5.1989489802E-02    2.0884176188E+00    8.1880668372E-02
    2.8439980000E-02    1.1100668576E+00   -5.1776461216E-02    2.0866959108E+00    8.2109236698E-02
    2.8479980000E-02    1.1089879721E+00   -5.1410987379E-02    2.0964559431E+00    8.2338117817E-02
    2.8519980000E-02    1.1063806058E+00   -5.0782195305E-02    2.1176334275E+00    8.2567039831E-02
    2.8559980000E-02    1.1022988807E+00   -4.9650900764E-02    2.1500814668E+00    8.2795526753E-02
