 sig=    1.000000000000000      inputfile=
 /home/rjrj524/Finished/vmec_gc_tracer/revised_251128/nc/wout_pwO_nfp2_A6.nc                                                                                                                             
 dt=   2.0000000000000000E-008
 steps=      2000000
 x0=   7.0000000000000007E-002    3.070000000000000      
    6.280000000000000     
 u=    3510.000000000000     
 v_perp=    53600.00000000000     
 
time(s)         x0(1)       x0(2)        x0(3)      r
    3.9980000000E-05    1.2688772132E+00   -1.0803934517E-01    6.4240307640E+00    7.1263114123E-02
    7.9980000000E-05    1.2345788441E+00   -2.7833161757E-01    6.7696753064E+00    7.4267698206E-02
    1.1998000000E-04    1.0769131534E+00   -4.4910976765E-01    7.4364907513E+00    7.6915287968E-02
    1.5998000000E-04    8.2243039939E-01   -3.6890012973E-01    8.4166374705E+00    7.7328410083E-02
    1.9998000000E-04    7.6691717290E-01   -8.4856796429E-02    9.5064033893E+00    7.7805617613E-02
    2.3998000000E-04    9.1234782587E-01    9.9835442385E-02    1.0364519131E+01    7.8562693879E-02
    2.7998000000E-04    1.0271047417E+00    1.3692082485E-01    1.0918954831E+01    7.9313307347E-02
    3.1998000000E-04    1.0755578964E+00    1.3588961704E-01    1.1229755986E+01    8.0391429178E-02
    3.5998000000E-04    1.0883550795E+00    1.3722360076E-01    1.1347375411E+01    8.2042159997E-02
