 sig=    1.000000000000000      inputfile=
 /home/rjrj524/Finished/vmec_gc_tracer/revised_251128/nc/wout_pwO_nfp2_A6.nc                                                                                                                             
 dt=   2.0000000000000001E-009
 steps=      1000000
 x0=   4.0000000000000001E-002    3.080000000000000      
    6.410000000000000     
 u=    13600.00000000000     
 v_perp=    112000.0000000000     
 
time(s)         x0(1)       x0(2)        x0(3)      r
    3.9980000000E-06    1.2568502539E+00   -5.2017054492E-02    6.4517024260E+00    4.0495236899E-02
    7.9980000000E-06    1.2550990601E+00   -7.4555933542E-02    6.4993687739E+00    4.1164481964E-02
    1.1998000000E-05    1.2523006294E+00   -1.0058407384E-01    6.5547840135E+00    4.2011900937E-02
    1.5998000000E-05    1.2479334372E+00   -1.3046099743E-01    6.6197312371E+00    4.3029896764E-02
    1.9998000000E-05    1.2412916309E+00   -1.6414414455E-01    6.6958197331E+00    4.4193970024E-02
    2.3998000000E-05    1.2314928886E+00   -2.0104230963E-01    6.7843615192E+00    4.5464743049E-02
    2.7998000000E-05    1.2175316276E+00   -2.3998126312E-01    6.8863236125E+00    4.6796086464E-02
    3.1998000000E-05    1.1983832009E+00   -2.7925378544E-01    7.0023909086E+00    4.8141213553E-02
    3.5998000000E-05    1.1731590516E+00   -3.1668704297E-01    7.1330789723E+00    4.9452168292E-02
    3.9998000000E-05    1.1413143763E+00   -3.4969128178E-01    7.2788284099E+00    5.0681310359E-02
    4.3998000000E-05    1.1029250090E+00   -3.7531748267E-01    7.4399750029E+00    5.1776900727E-02
    4.7998000000E-05    1.0590340942E+00   -3.9053661233E-01    7.6164123751E+00    5.2672575806E-02
    5.1998000000E-05    1.0118701733E+00   -3.9294111714E-01    7.8072642978E+00    5.3319853816E-02
    5.5998000000E-05    9.6461558621E-01   -3.8143751189E-01    8.0110794815E+00    5.3723498954E-02
    5.9998000000E-05    9.2082770162E-01   -3.5635469722E-01    8.2260831792E+00    5.3911857558E-02
    6.3998000000E-05    8.8388575280E-01   -3.1920142842E-01    8.4499890814E+00    5.3915520775E-02
    6.7998000000E-05    8.5662833575E-01   -2.7243629845E-01    8.6796887326E+00    5.3772411999E-02
    7.1998000000E-05    8.4093798238E-01   -2.1926092585E-01    8.9113950011E+00    5.3523055426E-02
    7.5998000000E-05    8.3746197276E-01   -1.6321084393E-01    9.1413188342E+00    5.3192767346E-02
    7.9998000000E-05    8.4570494587E-01   -1.0777633859E-01    9.3660490466E+00    5.2785845290E-02
    8.3998000000E-05    8.6421939510E-01   -5.6179263020E-02    9.5827236778E+00    5.2312805644E-02
    8.7998000000E-05    8.9066530403E-01   -1.1085412052E-02    9.7894004251E+00    5.1781952055E-02
    9.1998000000E-05    9.2206813815E-01    2.5705697240E-02    9.9850334534E+00    5.1160805163E-02
    9.5998000000E-05    9.5526754459E-01    5.3467451379E-02    1.0169085325E+01    5.0417501171E-02
    9.9998000000E-05    9.8754743280E-01    7.2567088793E-02    1.0341179434E+01    4.9593857682E-02
    1.0399800000E-04    1.0170578648E+00    8.4220142677E-02    1.0500933297E+01    4.8782635673E-02
    1.0799800000E-04    1.0429079811E+00    9.0056222019E-02    1.0648100316E+01    4.8051725978E-02
    1.1199800000E-04    1.0649118818E+00    9.1732563708E-02    1.0782768496E+01    4.7429143174E-02
    1.1599800000E-04    1.0832818523E+00    9.0690257715E-02    1.0905330284E+01    4.6921826186E-02
    1.1999800000E-04    1.0984178709E+00    8.8043205071E-02    1.1016340676E+01    4.6529664897E-02
    1.2399800000E-04    1.1107845972E+00    8.4568537226E-02    1.1116405139E+01    4.6253320734E-02
    1.2799800000E-04    1.1208320105E+00    8.0781794026E-02    1.1206111465E+01    4.6090764411E-02
    1.3199800000E-04    1.1289426302E+00    7.7047304521E-02    1.1285985251E+01    4.6034318312E-02
    1.3599800000E-04    1.1354304067E+00    7.3626131368E-02    1.1356461947E+01    4.6073829974E-02
    1.3999800000E-04    1.1405469925E+00    7.0706518633E-02    1.1417897125E+01    4.6200860013E-02
    1.4399800000E-04    1.1444919545E+00    6.8423541151E-02    1.1470592054E+01    4.6408967966E-02
    1.4799800000E-04    1.1474198865E+00    6.6878231479E-02    1.1514813259E+01    4.6692017896E-02
    1.5199800000E-04    1.1494528944E+00    6.6132180747E-02    1.1550792745E+01    4.7043270901E-02
    1.5599800000E-04    1.1506686034E+00    6.6258651941E-02    1.1578741906E+01    4.7455853154E-02
    1.5999800000E-04    1.1511301078E+00    6.7274013868E-02    1.1598823431E+01    4.7923321436E-02
    1.6399800000E-04    1.1508624428E+00    6.9212763331E-02    1.1611172969E+01    4.8439627960E-02
    1.6799800000E-04    1.1498856025E+00    7.2037108678E-02    1.1615866232E+01    4.8998827941E-02
    1.7199800000E-04    1.1481741616E+00    7.5762460549E-02    1.1612960132E+01    4.9594687249E-02
    1.7599800000E-04    1.1456965531E+00    8.0340061662E-02    1.1602453629E+01    5.0220373307E-02
    1.7999800000E-04    1.1423836983E+00    8.5750319742E-02    1.1584320575E+01    5.0867795337E-02
    1.8399800000E-04    1.1381537425E+00    9.1922154971E-02    1.1558484986E+01    5.1527689395E-02
    1.8799800000E-04    1.1328879219E+00    9.8795532583E-02    1.1524844915E+01    5.2189241485E-02
    1.9199800000E-04    1.1264407332E+00    1.0627606221E-01    1.1483259598E+01    5.2840668759E-02
    1.9599800000E-04    1.1186264506E+00    1.1425162858E-01    1.1433556701E+01    5.3470100782E-02
    1.9999800000E-04    1.1092239358E+00    1.2255415307E-01    1.1375515612E+01    5.4066364261E-02
    2.0399800000E-04    1.0979574282E+00    1.3097343974E-01    1.1308864456E+01    5.4620779227E-02
    2.0799800000E-04    1.0844934272E+00    1.3922049980E-01    1.1233253754E+01    5.5129099625E-02
    2.1199800000E-04    1.0684357398E+00    1.4689199955E-01    1.1148229579E+01    5.5593369885E-02
    2.1599800000E-04    1.0493399873E+00    1.5340735507E-01    1.1053207864E+01    5.6021839155E-02
    2.1999800000E-04    1.0267275225E+00    1.5797519130E-01    1.0947486739E+01    5.6425864893E-02
    2.2399800000E-04    1.0001794754E+00    1.5950687610E-01    1.0830287359E+01    5.6813915492E-02
    2.2799800000E-04    9.6947367851E-01    1.5660957113E-01    1.0700858606E+01    5.7186874462E-02
    2.3199800000E-04    9.3479253033E-01    1.4765550627E-01    1.0558569788E+01    5.7541794760E-02
    2.3599800000E-04    8.9700608405E-01    1.3092714439E-01    1.0402875899E+01    5.7885886864E-02
    2.3999800000E-04    8.5777135517E-01    1.0496095180E-01    1.0233232263E+01    5.8242484894E-02
    2.4399800000E-04    8.1953448014E-01    6.8887321629E-02    1.0049187431E+01    5.8629898899E-02
    2.4799800000E-04    7.8512954997E-01    2.2818749470E-02    9.8507975523E+00    5.9044276307E-02
    2.5199800000E-04    7.5745187326E-01   -3.2153064942E-02    9.6387483831E+00    5.9487856646E-02
    2.5599800000E-04    7.3960999836E-01   -9.4170030801E-02    9.4143030576E+00    5.9954169878E-02
    2.5999800000E-04    7.3472033755E-01   -1.6040898289E-01    9.1800306733E+00    6.0362783998E-02
    2.6399800000E-04    7.4483201484E-01   -2.2707594742E-01    8.9401027444E+00    6.0625644415E-02
    2.6799800000E-04    7.7017479604E-01   -2.9003500224E-01    8.6991729225E+00    6.0726940081E-02
    2.7199800000E-04    8.0925216973E-01   -3.4524377345E-01    8.4616868221E+00    6.0696172397E-02
    2.7599800000E-04    8.5916410371E-01   -3.8908176140E-01    8.2315147408E+00    6.0599541746E-02
    2.7999800000E-04    9.1630622671E-01   -4.1874159107E-01    8.0114563411E+00    6.0535292421E-02
    2.8399800000E-04    9.7681960610E-01   -4.3235179848E-01    7.8033799850E+00    6.0600745867E-02
    2.8799800000E-04    1.0366394372E+00   -4.2917099961E-01    7.6086528138E+00    6.0904664055E-02
    2.9199800000E-04    1.0918001804E+00   -4.1011252801E-01    7.4285418600E+00    6.1549381596E-02
    2.9599800000E-04    1.1393724653E+00   -3.7789103842E-01    7.2641107115E+00    6.2550889279E-02
    2.9999800000E-04    1.1781536008E+00   -3.3608290550E-01    7.1157402016E+00    6.3849746947E-02
    3.0399800000E-04    1.2082877147E+00   -2.8822123944E-01    6.9832574915E+00    6.5376929601E-02
    3.0799800000E-04    1.2306686149E+00   -2.3747371440E-01    6.8663246602E+00    6.7049896460E-02
    3.1199800000E-04    1.2465747057E+00   -1.8666266759E-01    6.7644533064E+00    6.8773424597E-02
    3.1599800000E-04    1.2574236353E+00   -1.3815448274E-01    6.6768445695E+00    7.0436336442E-02
    3.1999800000E-04    1.2645610430E+00   -9.3508368042E-02    6.6021229662E+00    7.1908197673E-02
    3.2399800000E-04    1.2691038877E+00   -5.3187947347E-02    6.5381570464E+00    7.3075987770E-02
    3.2799800000E-04    1.2718666859E+00   -1.6626134576E-02    6.4821881489E+00    7.3877761186E-02
    3.3199800000E-04    1.2733654606E+00    1.7422884322E-02    6.4311268989E+00    7.4298365570E-02
    3.3599800000E-04    1.2738580767E+00    5.0541488818E-02    6.3818023561E+00    7.4348546976E-02
    3.3999800000E-04    1.2733758816E+00    8.4372058975E-02    6.3310756387E+00    7.4051442686E-02
    3.4399800000E-04    1.2717259684E+00    1.2041933565E-01    6.2759038899E+00    7.3442809019E-02
    3.4799800000E-04    1.2684622458E+00    1.5982913025E-01    6.2134379717E+00    7.2581906008E-02
    3.5199800000E-04    1.2628425394E+00    2.0311986449E-01    6.1412139812E+00    7.1563437105E-02
    3.5599800000E-04    1.2538080620E+00    2.4994147218E-01    6.0573872343E+00    7.0512011389E-02
    3.5999800000E-04    1.2400225467E+00    2.9905678008E-01    5.9608337973E+00    6.9550171351E-02
    3.6399800000E-04    1.2199807310E+00    3.4858669098E-01    5.8509912038E+00    6.8770233337E-02
    3.6799800000E-04    1.1921731275E+00    3.9628858872E-01    5.7276235628E+00    6.8243942997E-02
    3.7199800000E-04    1.1552841022E+00    4.3965333774E-01    5.5907043123E+00    6.8035505724E-02
    3.7599800000E-04    1.1084198039E+00    4.7590619768E-01    5.4403102920E+00    6.8197298396E-02
    3.7999800000E-04    1.0515365506E+00    5.0205636053E-01    5.2766184916E+00    6.8772689862E-02
    3.8399800000E-04    9.8601844831E-01    5.1515036435E-01    5.0999278113E+00    6.9730526770E-02
    3.8799800000E-04    9.1465013949E-01    5.1277654344E-01    4.9102897760E+00    7.0909103005E-02
    3.9199800000E-04    8.4084056610E-01    4.9348571071E-01    4.7074079390E+00    7.2120252788E-02
    3.9599800000E-04    7.6815455054E-01    4.5689848152E-01    4.4911341786E+00    7.3236123820E-02
    3.9999800000E-04    7.0024150321E-01    4.0367106896E-01    4.2616339028E+00    7.4150946914E-02
    4.0399800000E-04    6.4096834725E-01    3.3549994942E-01    4.0193298968E+00    7.4779033203E-02
    4.0799800000E-04    5.9452143559E-01    2.5549164444E-01    3.7655884287E+00    7.5023989570E-02
    4.1199800000E-04    5.6397907605E-01    1.6805947180E-01    3.5033849539E+00    7.4779352023E-02
    4.1599800000E-04    5.5001196130E-01    7.7560805103E-02    3.2375517416E+00    7.4031235669E-02
    4.1999800000E-04    5.5165750729E-01   -1.2920805874E-02    2.9735832667E+00    7.2756499703E-02
    4.2399800000E-04    5.6733482895E-01   -1.0091362461E-01    2.7170525366E+00    7.0890025152E-02
    4.2799800000E-04    5.9515695368E-01   -1.8388717466E-01    2.4719490293E+00    6.8527511033E-02
    4.3199800000E-04    6.3339844421E-01   -2.5913677778E-01    2.2400097492E+00    6.5874557129E-02
    4.3599800000E-04    6.8033485232E-01   -3.2411269806E-01    2.0217045433E+00    6.2996990256E-02
    4.3999800000E-04    7.3360794407E-01   -3.7693235172E-01    1.8171432062E+00    5.9960700990E-02
    4.4399800000E-04    7.9027913470E-01   -4.1672120665E-01    1.6264440691E+00    5.6862065137E-02
    4.4799800000E-04    8.4744491536E-01   -4.4393321600E-01    1.4490103734E+00    5.3788021774E-02
    4.5199800000E-04    9.0275999849E-01   -4.5991360474E-01    1.2837784776E+00    5.0831889129E-02
    4.5599800000E-04    9.5461932660E-01   -4.6628037530E-01    1.1298849421E+00    4.8045554465E-02
    4.5999800000E-04    1.0021243349E+00   -4.6464617373E-01    9.8657395957E-01    4.5446695693E-02
    4.6399800000E-04    1.0448602392E+00   -4.5648997563E-01    8.5310024036E-01    4.3076432167E-02
    4.6799800000E-04    1.0826900972E+00   -4.4300552919E-01    7.2889196806E-01    4.0966109155E-02
    4.7199800000E-04    1.1156282454E+00   -4.2515179659E-01    6.1351366510E-01    3.9113813338E-02
    4.7599800000E-04    1.1437717228E+00   -4.0385661565E-01    5.0661891129E-01    3.7516759720E-02
    4.7999800000E-04    1.1673241908E+00   -3.8004988783E-01    4.0799658757E-01    3.6167889943E-02
    4.8399800000E-04    1.1866148741E+00   -3.5463222373E-01    3.1754307531E-01    3.5055737690E-02
    4.8799800000E-04    1.2020800782E+00   -3.2847145820E-01    2.3522744841E-01    3.4171402679E-02
    4.9199800000E-04    1.2142209615E+00   -3.0236484219E-01    1.6104621838E-01    3.3498703184E-02
    4.9599800000E-04    1.2235678985E+00   -2.7698711687E-01    9.4940182608E-02    3.3008714822E-02
    4.9999800000E-04    1.2306378706E+00   -2.5287146595E-01    3.6723131969E-02    3.2665117001E-02
    5.0399800000E-04    1.2359020420E+00   -2.3040587922E-01   -1.3945038702E-02    3.2429983849E-02
    5.0799800000E-04    1.2397649193E+00   -2.0984586960E-01   -5.7559224378E-02    3.2267530470E-02
    5.1199800000E-04    1.2425652992E+00   -1.9129788271E-01   -9.4734299142E-02    3.2147152352E-02
    5.1599800000E-04    1.2445738911E+00   -1.7474952425E-01   -1.2616827303E-01    3.2045121624E-02
    5.1999800000E-04    1.2460008115E+00   -1.6009374892E-01   -1.5259572284E-01    3.1944683498E-02
    5.2399800000E-04    1.2470047541E+00   -1.4715812614E-01   -1.7474842716E-01    3.1834973840E-02
    5.2799800000E-04    1.2477026241E+00   -1.3573267527E-01   -1.9332860038E-01    3.1709501475E-02
    5.3199800000E-04    1.2481791272E+00   -1.2558644629E-01   -2.0899266292E-01    3.1564725054E-02
    5.3599800000E-04    1.2484949043E+00   -1.1647580368E-01   -2.2234464628E-01    3.1398935399E-02
    5.3999800000E-04    1.2486913916E+00   -1.0816400678E-01   -2.3394375621E-01    3.1211382817E-02
    5.4399800000E-04    1.2487943971E+00   -1.0043924445E-01   -2.4431830094E-01    3.1001575284E-02
    5.4799800000E-04    1.2488203415E+00   -9.3079167335E-02   -2.5396324543E-01    3.0768854217E-02
    5.5199800000E-04    1.2487775832E+00   -8.5850659452E-02   -2.6335431541E-01    3.0512112309E-02
    5.5599800000E-04    1.2486651187E+00   -7.8536339644E-02   -2.7297518345E-01    3.0229488801E-02
    5.5999800000E-04    1.2484750325E+00   -7.0890282567E-02   -2.8331900163E-01    2.9918116472E-02
    5.6399800000E-04    1.2481885125E+00   -6.2676903604E-02   -2.9492424725E-01    2.9573860985E-02
    5.6799800000E-04    1.2477760740E+00   -5.3618470268E-02   -3.0837549080E-01    2.9191148898E-02
    5.7199800000E-04    1.2471921831E+00   -4.3406092823E-02   -3.2433063336E-01    2.8762673121E-02
    5.7599800000E-04    1.2463688445E+00   -3.1695718326E-02   -3.4354269473E-01    2.8279227015E-02
    5.7999800000E-04    1.2452065355E+00   -1.8105755893E-02   -3.6687821615E-01    2.7729824274E-02
    5.8399800000E-04    1.2435614097E+00   -2.2209500360E-03   -3.9532904891E-01    2.7102053944E-02
    5.8799800000E-04    1.2412282479E+00    1.6391156314E-02   -4.3001171887E-01    2.6383358087E-02
    5.9199800000E-04    1.2379195202E+00    3.8120305153E-02   -4.7215037116E-01    2.5563468177E-02
    5.9599800000E-04    1.2332428729E+00    6.3255202100E-02   -5.2301721646E-01    2.4638172461E-02
    5.9999800000E-04    1.2266821176E+00    9.1858999967E-02   -5.8385492656E-01    2.3613450431E-02
    6.0399800000E-04    1.2175896954E+00    1.2365737089E-01   -6.5578089881E-01    2.2507482249E-02
    6.0799800000E-04    1.2052019770E+00    1.5793388602E-01   -7.3973302195E-01    2.1348651044E-02
    6.1199800000E-04    1.1886894689E+00    1.9348031953E-01   -8.3648056388E-01    2.0170941987E-02
    6.1599800000E-04    1.1672504679E+00    2.2860872326E-01   -9.4668338577E-01    1.9011272287E-02
    6.1999800000E-04    1.1402484887E+00    2.6120750511E-01   -1.0709429427E+00    1.7909946946E-02
    6.2399800000E-04    1.1073945009E+00    2.8883572923E-01   -1.2097782830E+00    1.6912848210E-02
    6.2799800000E-04    1.0689862758E+00    3.0887877618E-01   -1.3634897138E+00    1.6069536016E-02
    6.3199800000E-04    1.0261603904E+00    3.1885208488E-01   -1.5319682654E+00    1.5417616744E-02
    6.3599800000E-04    9.8101327291E-01    3.1685385875E-01   -1.7145986305E+00    1.4964871743E-02
    6.3999800000E-04    9.3634805388E-01    3.0205058692E-01   -1.9102974416E+00    1.4690213169E-02
    6.4399800000E-04    8.9520237223E-01    2.7479502806E-01   -2.1175913860E+00    1.4559997488E-02
    6.4799800000E-04    8.6047522435E-01    2.3646075680E-01   -2.3345100791E+00    1.4539947012E-02
    6.5199800000E-04    8.3467657907E-01    1.8925519115E-01   -2.5584019582E+00    1.4592806567E-02
    6.5599800000E-04    8.1953503460E-01    1.3607198492E-01   -2.7860447473E+00    1.4692559448E-02
    6.5999800000E-04    8.1586549190E-01    8.0160436024E-02   -3.0140098598E+00    1.4830738172E-02
    6.6399800000E-04    8.2360298515E-01    2.4825076179E-02   -3.2388776138E+00    1.5001136782E-02
    6.6799800000E-04    8.4166447383E-01   -2.6772588647E-02   -3.4575291616E+00    1.5217824122E-02
    6.7199800000E-04    8.6808779400E-01   -7.1931839725E-02   -3.6676492305E+00    1.5516451420E-02
    6.7599800000E-04    9.0049626273E-01   -1.0865454898E-01   -3.8676647180E+00    1.5913717380E-02
    6.7999800000E-04    9.3630206321E-01   -1.3576137761E-01   -4.0563358172E+00    1.6395426710E-02
    6.8399800000E-04    9.7290232976E-01   -1.5303555841E-01   -4.2327176648E+00    1.6928328642E-02
    6.8799800000E-04    1.0080808390E+00   -1.6119578365E-01   -4.3962238594E+00    1.7473015485E-02
    6.9199800000E-04    1.0403096914E+00   -1.6162020886E-01   -4.5465660227E+00    1.7999288819E-02
    6.9599800000E-04    1.0687727029E+00   -1.5600480543E-01   -4.6837332627E+00    1.8491118736E-02
    6.9999800000E-04    1.0932339230E+00   -1.4605870807E-01   -4.8080046290E+00    1.8941504813E-02
    7.0399800000E-04    1.1138526624E+00   -1.3328868925E-01   -4.9198936112E+00    1.9348163508E-02
    7.0799800000E-04    1.1309986166E+00   -1.1891118288E-01   -5.0200273927E+00    1.9712643741E-02
    7.1199800000E-04    1.1451234729E+00   -1.0385163162E-01   -5.1090262069E+00    2.0039904305E-02
    7.1599800000E-04    1.1566758480E+00   -8.8802011756E-02   -5.1874436736E+00    2.0337202780E-02
    7.1999800000E-04    1.1660656864E+00   -7.4275180913E-02   -5.2557587202E+00    2.0612936599E-02
    7.2399800000E-04    1.1736521372E+00   -6.0647922691E-02   -5.3143936317E+00    2.0875776342E-02
    7.2799800000E-04    1.1797415467E+00   -4.8193536517E-02   -5.3637330477E+00    2.1134121260E-02
    7.3199800000E-04    1.1845911936E+00   -3.7104413576E-02   -5.4041309237E+00    2.1395599944E-02
    7.3599800000E-04    1.1884133588E+00   -2.7511505944E-02   -5.4359071737E+00    2.1666711457E-02
    7.3999800000E-04    1.1913785741E+00   -1.9502394460E-02   -5.4593387329E+00    2.1952729924E-02
    7.4399800000E-04    1.1936185169E+00   -1.3136664481E-02   -5.4746480146E+00    2.2257864811E-02
    7.4799800000E-04    1.1952304428E+00   -8.4548297217E-03   -5.4819905358E+00    2.2585587288E-02
    7.5199800000E-04    1.1962761015E+00   -5.4928589298E-03   -5.4814473582E+00    2.2939153356E-02
    7.5599800000E-04    1.1967827079E+00   -4.2885131742E-03   -5.4730178171E+00    2.3322019755E-02
    7.5999800000E-04    1.1967429261E+00   -4.8840520497E-03   -5.4566146830E+00    2.3738388868E-02
    7.6399800000E-04    1.1961125853E+00   -7.3272936446E-03   -5.4320627907E+00    2.4193673025E-02
    7.6799800000E-04    1.1948065587E+00   -1.1668688618E-02   -5.3991007514E+00    2.4694853300E-02
    7.7199800000E-04    1.1926946023E+00   -1.7951138942E-02   -5.3573858032E+00    2.5250660019E-02
    7.7599800000E-04    1.1895951557E+00   -2.6193700904E-02   -5.3065027010E+00    2.5871530020E-02
    7.7999800000E-04    1.1852680107E+00   -3.6365022979E-02   -5.2459745184E+00    2.6569329399E-02
    7.8399800000E-04    1.1794119398E+00   -4.8343188742E-02   -5.1752723113E+00    2.7356917250E-02
    7.8799800000E-04    1.1716648677E+00   -6.1856838918E-02   -5.0938207333E+00    2.8247787260E-02
    7.9199800000E-04    1.1616252162E+00   -7.6398415427E-02   -5.0009980134E+00    2.9256002161E-02
    7.9599800000E-04    1.1489044050E+00   -9.1113291840E-02   -4.8961380904E+00    3.0395803846E-02
    7.9999800000E-04    1.1332208964E+00   -1.0470889050E-01   -4.7785596262E+00    3.1677997549E-02
    8.0399800000E-04    1.1145246454E+00   -1.1548220801E-01   -4.6476649451E+00    3.3101846414E-02
    8.0799800000E-04    1.0931091456E+00   -1.2148440045E-01   -4.5031099410E+00    3.4647324011E-02
    8.1199800000E-04    1.0696591022E+00   -1.2083840020E-01   -4.3449956966E+00    3.6272592175E-02
    8.1599800000E-04    1.0451722547E+00   -1.1209662507E-01   -4.1739945169E+00    3.7917437662E-02
    8.1999800000E-04    1.0207568401E+00   -9.4480367468E-02   -3.9913593628E+00    3.9514225748E-02
    8.2399800000E-04    9.9737597643E-01   -6.7925380666E-02   -3.7988220404E+00    4.1004022505E-02
    8.2799800000E-04    9.7567378353E-01   -3.3187861604E-02   -3.5983054343E+00    4.2323616414E-02
    8.3199800000E-04    9.5631640727E-01    8.1641352658E-03   -3.3912803529E+00    4.3387520471E-02
    8.3599800000E-04    9.4088737677E-01    5.4179447229E-02   -3.1785093319E+00    4.4212189541E-02
    8.3999800000E-04    9.3159263613E-01    1.0265222490E-01   -2.9609184111E+00    4.4847883643E-02
    8.4399800000E-04    9.3015198727E-01    1.5112605184E-01   -2.7401137156E+00    4.5259936955E-02
    8.4799800000E-04    9.3746933398E-01    1.9696701974E-01   -2.5183035815E+00    4.5411396161E-02
    8.5199800000E-04    9.5373436423E-01    2.3733950479E-01   -2.2981794580E+00    4.5277531069E-02
    8.5599800000E-04    9.7832571832E-01    2.6938426186E-01   -2.0828571564E+00    4.4850192758E-02
    8.5999800000E-04    1.0096071324E+00    2.9061409478E-01   -1.8754873912E+00    4.4126350042E-02
    8.6399800000E-04    1.0449353129E+00    2.9950282796E-01   -1.6788001290E+00    4.3099573268E-02
    8.6799800000E-04    1.0812389668E+00    2.9581624467E-01   -1.4950582674E+00    4.1785211852E-02
    8.7199800000E-04    1.1157034885E+00    2.8072797005E-01   -1.3260514079E+00    4.0250859435E-02
    8.7599800000E-04    1.1463058994E+00    2.5654111192E-01   -1.1728163402E+00    3.8601957521E-02
    8.7999800000E-04    1.1719706016E+00    2.2616732130E-01   -1.0355130835E+00    3.6930132011E-02
    8.8399800000E-04    1.1924737355E+00    1.9249422016E-01   -9.1372435833E-01    3.5294839739E-02
    8.8799800000E-04    1.2081820054E+00    1.5803775123E-01   -8.0676661149E-01    3.3736049418E-02
    8.9199800000E-04    1.2197871712E+00    1.2480175673E-01   -7.1380571204E-01    3.2283115456E-02
    8.9599800000E-04    1.2280990810E+00    9.4197426374E-02   -6.3387045079E-01    3.0957384844E-02
    8.9999800000E-04    1.2339000794E+00    6.7050246003E-02   -5.6583885353E-01    2.9771794243E-02
    9.0399800000E-04    1.2378623708E+00    4.3699243491E-02   -5.0845383409E-01    2.8728778050E-02
    9.0799800000E-04    1.2405196989E+00    2.4108432673E-02   -4.6040256416E-01    2.7820129739E-02
    9.1199800000E-04    1.2422714461E+00    8.0116689262E-03   -4.2040886994E-01    2.7030289328E-02
    9.1599800000E-04    1.2434042819E+00   -4.9565330865E-03   -3.8730417579E-01    2.6340647361E-02
    9.1999800000E-04    1.2441180533E+00   -1.5191271837E-02   -3.6007441388E-01    2.5732707346E-02
    9.2399800000E-04    1.2445492451E+00   -2.3050723308E-02   -3.3786788230E-01    2.5189822406E-02
    9.2799800000E-04    1.2447891560E+00   -2.8848802336E-02   -3.1999773429E-01    2.4697661773E-02
    9.3199800000E-04    1.2448973560E+00   -3.2839540975E-02   -3.0592916122E-01    2.4244053867E-02
    9.3599800000E-04    1.2449111869E+00   -3.5216198144E-02   -2.9526523637E-01    2.3818680747E-02
    9.3999800000E-04    1.2448519153E+00   -3.6113208461E-02   -2.8773551660E-01    2.3412522839E-02
    9.4399800000E-04    1.2447284287E+00   -3.5612786395E-02   -2.8318879175E-01    2.3017428814E-02
    9.4799800000E-04    1.2445394604E+00   -3.3742214315E-02   -2.8158506416E-01    2.2625759220E-02
    9.5199800000E-04    1.2442738395E+00   -3.0477978025E-02   -2.8299511868E-01    2.2229939575E-02
    9.5599800000E-04    1.2439094248E+00   -2.5746200169E-02   -2.8760269091E-01    2.1822121979E-02
    9.5999800001E-04    1.2434105947E+00   -1.9422489780E-02   -2.9570902089E-01    2.1393992562E-02
    9.6399800001E-04    1.2427239022E+00   -1.1326927926E-02   -3.0773802915E-01    2.0936477715E-02
    9.6799800001E-04    1.2417711955E+00   -1.2303459312E-03   -3.2424665399E-01    2.0439695916E-02
    9.7199800001E-04    1.2404402501E+00    1.1141481403E-02   -3.4592929254E-01    1.9893245187E-02
    9.7599800001E-04    1.2385719847E+00    2.6092785013E-02   -3.7361670852E-01    1.9286854917E-02
    9.7999800001E-04    1.2359444511E+00    4.3932084577E-02   -4.0825989242E-01    1.8611889876E-02
    9.8399800001E-04    1.2322546247E+00    6.4914184871E-02   -4.5089560545E-01    1.7863702735E-02
    9.8799800001E-04    1.2271006223E+00    8.9171341479E-02   -5.0258353806E-01    1.7044482541E-02
    9.9199800001E-04    1.2199692679E+00    1.1661925406E-01   -5.6432902932E-01    1.6165431433E-02
    9.9599800001E-04    1.2102349821E+00    1.4687075517E-01   -6.3701278250E-01    1.5246372724E-02
    9.9999800001E-04    1.1971788397E+00    1.7916530955E-01   -7.2136894847E-01    1.4312908450E-02
    1.0039980000E-03    1.1800339189E+00    2.1235068800E-01   -8.1801391459E-01    1.3393541917E-02
    1.0079980000E-03    1.1580655911E+00    2.4488138276E-01   -9.2751161374E-01    1.2518931673E-02
    1.0119980000E-03    1.1306855155E+00    2.7485268580E-01   -1.0504112001E+00    1.1722307303E-02
    1.0159980000E-03    1.0976067394E+00    3.0006486582E-01   -1.1872056851E+00    1.1039143267E-02
    1.0199980000E-03    1.0590502638E+00    3.1814267290E-01   -1.3382140139E+00    1.0501085499E-02
    1.0239980000E-03    1.0159748756E+00    3.2677275346E-01   -1.5034590643E+00    1.0124272819E-02
    1.0279980000E-03    9.7021083108E-01    3.2409076500E-01   -1.6826002174E+00    9.9031890839E-03
    1.0319980000E-03    9.2431937305E-01    3.0909063780E-01   -1.8749088280E+00    9.8128669410E-03
    1.0359980000E-03    8.8117771471E-01    2.8184382888E-01   -2.0792363429E+00    9.8229546730E-03
    1.0399980000E-03    8.4362406288E-01    2.4340996427E-01   -2.2939557324E+00    9.9053700770E-03
    1.0439980000E-03    8.1428054581E-01    1.9563535476E-01   -2.5168655885E+00    1.0020968325E-02
    1.0479980000E-03    7.9520299295E-01    1.4110301756E-01   -2.7450473143E+00    1.0135566186E-02
    1.0519980000E-03    7.8749524281E-01    8.2931983613E-02   -2.9750722311E+00    1.0238396189E-02
    1.0559980000E-03    7.9135089285E-01    2.4357764898E-02   -3.2034686017E+00    1.0323127800E-02
    1.0599980000E-03    8.0603840991E-01   -3.1467696987E-02   -3.4268527708E+00    1.0396871690E-02
    1.0639980000E-03    8.2982240830E-01   -8.1750786524E-02   -3.6423386715E+00    1.0483126769E-02
    1.0679980000E-03    8.6049179113E-01   -1.2437133148E-01   -3.8479791013E+00    1.0589240654E-02
    1.0719980000E-03    8.9571392044E-01   -1.5790755417E-01   -4.0424328452E+00    1.0709770116E-02
    1.0759980000E-03    9.3302778806E-01   -1.8171488951E-01   -4.2246695834E+00    1.0847817346E-02
    1.0799980000E-03    9.7010183446E-01   -1.9605461703E-01   -4.3940822838E+00    1.1002724287E-02
    1.0839980000E-03    1.0051234966E+00   -2.0195214550E-01   -4.5504755178E+00    1.1158091952E-02
    1.0879980000E-03    1.0369451209E+00   -2.0086805349E-01   -4.6939054370E+00    1.1295499094E-02
    1.0919980000E-03    1.0650070135E+00   -1.9440548943E-01   -4.8246149893E+00    1.1406999837E-02
    1.0959980000E-03    1.0891975859E+00   -1.8409913353E-01   -4.9430338981E+00    1.1492945777E-02
    1.0999980000E-03    1.1097053441E+00   -1.7128292643E-01   -5.0497375235E+00    1.1555441300E-02
    1.1039980000E-03    1.1268868762E+00   -1.5703073025E-01   -5.1453570400E+00    1.1595963782E-02
    1.1079980000E-03    1.1411615139E+00   -1.4216530776E-01   -5.2304952036E+00    1.1616658035E-02
    1.1119980000E-03    1.1529439618E+00   -1.2730428764E-01   -5.3056810924E+00    1.1621893824E-02
    1.1159980000E-03    1.1626117173E+00   -1.1291135432E-01   -5.3713632198E+00    1.1618378676E-02
    1.1199980000E-03    1.1704948375E+00   -9.9337061033E-02   -5.4279240545E+00    1.1614075221E-02
    1.1239980000E-03    1.1768763600E+00   -8.6846819853E-02   -5.4756986479E+00    1.1616828346E-02
    1.1279980000E-03    1.1819961023E+00   -7.5639667333E-02   -5.5149871229E+00    1.1633360173E-02
    1.1319980000E-03    1.1860545022E+00   -6.5862284239E-02   -5.5460581285E+00    1.1668841178E-02
    1.1359980000E-03    1.1892155476E+00   -5.7621089427E-02   -5.5691447934E+00    1.1726952104E-02
    1.1399980000E-03    1.1916089179E+00   -5.0993118873E-02   -5.5844361458E+00    1.1810255963E-02
    1.1439980000E-03    1.1933313350E+00   -4.6036121859E-02   -5.5920670703E+00    1.1920715283E-02
    1.1479980000E-03    1.1944472664E+00   -4.2797243593E-02   -5.5921087940E+00    1.2060239947E-02
    1.1519980000E-03    1.1949883250E+00   -4.1320983995E-02   -5.5845615631E+00    1.2231200275E-02
    1.1559980000E-03    1.1949516347E+00   -4.1654370636E-02   -5.5693494253E+00    1.2436858271E-02
    1.1599980000E-03    1.1942992550E+00   -4.3844683356E-02   -5.5463157259E+00    1.2681712959E-02
    1.1639980000E-03    1.1929540995E+00   -4.7938265624E-02   -5.5152229358E+00    1.2971783429E-02
    1.1679980000E-03    1.1907935188E+00   -5.3974825092E-02   -5.4757548531E+00    1.3314627806E-02
    1.1719980000E-03    1.1876474340E+00   -6.1968594434E-02   -5.4275188131E+00    1.3719121264E-02
    1.1759980000E-03    1.1832879184E+00   -7.1891032609E-02   -5.3700537695E+00    1.4194857020E-02
    1.1799980000E-03    1.1774275988E+00   -8.3635548042E-02   -5.3028372468E+00    1.4751423759E-02
    1.1839980000E-03    1.1697188362E+00   -9.6973028954E-02   -5.2252918820E+00    1.5398346417E-02
    1.1879980000E-03    1.1597629739E+00   -1.1148854225E-01   -5.1367846311E+00    1.6145719156E-02
    1.1919980000E-03    1.1471411971E+00   -1.2649429982E-01   -5.0366240733E+00    1.7004071231E-02
    1.1959980000E-03    1.1314853691E+00   -1.4093113503E-01   -4.9240796709E+00    1.7981557880E-02
    1.1999980000E-03    1.1125972661E+00   -1.5331024262E-01   -4.7984545010E+00    1.9078879999E-02
    1.2039980000E-03    1.0905918301E+00   -1.6178505339E-01   -4.6592228676E+00    2.0283760886E-02
    1.2079980000E-03    1.0660051503E+00   -1.6440295661E-01   -4.5062158085E+00    2.1565763738E-02
    1.2119980000E-03    1.0398101536E+00   -1.5946521576E-01   -4.3397877918E+00    2.2876462686E-02
    1.2159980000E-03    1.0133086232E+00   -1.4585559176E-01   -4.1608635965E+00    2.4159877164E-02
    1.2199980000E-03    9.8792235075E-01   -1.2320537314E-01   -3.9708604759E+00    2.5366527721E-02
    1.2239980000E-03    9.6496597865E-01   -9.1870357233E-02   -3.7715900074E+00    2.6462654248E-02
    1.2279980000E-03    9.4544152657E-01   -5.2923609593E-02   -3.5650612135E+00    2.7415500901E-02
    1.2319980000E-03    9.3006526789E-01   -8.1578164214E-03   -3.3529874960E+00    2.8156047479E-02
    1.2359980000E-03    9.1981923606E-01    4.0210947020E-02   -3.1365518424E+00    2.8641883459E-02
    1.2399980000E-03    9.1611282846E-01    8.9780252799E-02   -2.9170494374E+00    2.8901763117E-02
    1.2439980000E-03    9.2008575230E-01    1.3804655140E-01   -2.6963555826E+00    2.8957540829E-02
    1.2479980000E-03    9.3213600718E-01    1.8249163246E-01   -2.4767970059E+00    2.8811897911E-02
    1.2519980000E-03    9.5191237262E-01    2.2059855538E-01   -2.2610604524E+00    2.8450998974E-02
    1.2559980000E-03    9.7837296770E-01    2.5002248441E-01   -2.0520298917E+00    2.7863326358E-02
    1.2599980000E-03    1.0097483592E+00    2.6897125120E-01   -1.8523459650E+00    2.7051818774E-02
    1.2639980000E-03    1.0436375708E+00    2.7662403406E-01   -1.6641835892E+00    2.6031359960E-02
    1.2679980000E-03    1.0774754817E+00    2.7330450145E-01   -1.4893071806E+00    2.4840755318E-02
    1.2719980000E-03    1.1090706490E+00    2.6041653499E-01   -1.3289616442E+00    2.3546573174E-02
    1.2759980000E-03    1.1369348075E+00    2.4015357062E-01   -1.1836735626E+00    2.2219414923E-02
    1.2799980000E-03    1.1603556215E+00    2.1500895734E-01   -1.0533211824E+00    2.0910386946E-02
    1.2839980000E-03    1.1792603995E+00    1.8734967094E-01   -9.3740157934E-01    1.9650244792E-02
    1.2879980000E-03    1.1940010705E+00    1.5918634989E-01   -8.3523892985E-01    1.8458154052E-02
    1.2919980000E-03    1.2051552061E+00    1.3208803022E-01   -7.4607473636E-01    1.7346645727E-02
    1.2959980000E-03    1.2133753437E+00    1.0717239131E-01   -6.6909564077E-01    1.6323112353E-02
    1.2999980000E-03    1.2192900895E+00    8.5138831657E-02   -6.0344012395E-01    1.5390230205E-02
    1.3039980000E-03    1.2234488502E+00    6.6339023200E-02   -5.4821032797E-01    1.4545853429E-02
    1.3079980000E-03    1.2262997881E+00    5.0861506535E-02   -5.0250673405E-01    1.3783210769E-02
    1.3119980000E-03    1.2281886975E+00    3.8630685640E-02   -4.6547731615E-01    1.3092013367E-02
    1.3159980000E-03    1.2293700464E+00    2.9485356319E-02   -4.3636695135E-01    1.2460174456E-02
    1.3199980000E-03    1.2300218268E+00    2.3241477755E-02   -4.1455294880E-01    1.1875198733E-02
    1.3239980000E-03    1.2302599058E+00    1.9731695919E-02   -3.9956679666E-01    1.1325126578E-02
    1.3279980000E-03    1.2301494993E+00    1.8829540480E-02   -3.9110261944E-01    1.0798948525E-02
    1.3319980000E-03    1.2297125740E+00    2.0456424034E-02   -3.8902126013E-01    1.0286651968E-02
    1.3359980000E-03    1.2289317036E+00    2.4589542938E-02   -3.9334676970E-01    9.7792012480E-03
    1.3399980000E-03    1.2277500266E+00    3.1250602749E-02   -4.0426078721E-01    9.2685297608E-03
    1.3439980000E-03    1.2260679565E+00    4.0500010072E-02   -4.2209324567E-01    8.7476398613E-03
    1.3479980000E-03    1.2237372594E+00    5.2417034798E-02   -4.4730423632E-01    8.2110342130E-03
    1.3519980000E-03    1.2205530579E+00    6.7070361629E-02   -4.8045823605E-01    7.6553243731E-03
    1.3559980000E-03    1.2162456033E+00    8.4482850144E-02   -5.2218389233E-01    7.0801084124E-03
    1.3599980000E-03    1.2104737870E+00    1.0457970239E-01   -5.7312450917E-01    6.4886979567E-03
    1.3639980000E-03    1.2028224398E+00    1.2714086881E-01   -6.3388753538E-01    5.8881233704E-03
    1.3679980000E-03    1.1928053314E+00    1.5175715495E-01   -7.0501071500E-01    5.2879077261E-03
    1.3719980000E-03    1.1798755649E+00    1.7779773770E-01   -7.8696989447E-01    4.6981928911E-03
    1.3759980000E-03    1.1634502940E+00    2.0438008698E-01   -8.8022292466E-01    4.1292204432E-03
    1.3799980000E-03    1.1429576658E+00    2.3034363292E-01   -9.8526204702E-01    3.5929622996E-03
    1.3839980000E-03    1.1179092409E+00    2.5424293400E-01   -1.1026226044E+00    3.1040698942E-03
    1.3879980000E-03    1.0880236559E+00    2.7432222481E-01   -1.2328404911E+00    2.6779035356E-03
    1.3919980000E-03    1.0532791332E+00    2.8880168160E-01   -1.3762914393E+00    2.3282096988E-03
    1.3959980000E-03    1.0146944968E+00    2.9502213522E-01   -1.5333617285E+00    2.0607862428E-03
    1.3999980000E-03    9.7161038206E-01    2.9352346002E-01   -1.7034416092E+00    1.8831022215E-03
    1.4039980000E-03    9.2671232553E-01    2.8127663561E-01   -1.8866229065E+00    1.8070118535E-03
    1.4079980000E-03    8.8359652839E-01    2.5687673124E-01   -2.0823986423E+00    1.8108962168E-03
    1.4119980000E-03    8.4404157775E-01    2.2140654997E-01   -2.2893231999E+00    1.8712776932E-03
    1.4159980000E-03    8.1102077379E-01    1.7593470748E-01   -2.5058922548E+00    1.9604429763E-03
    1.4199980000E-03    7.8809689609E-01    1.2253278835E-01   -2.7301282139E+00    2.0412976900E-03
    1.4239980000E-03    7.7642320937E-01    6.4359125666E-02   -2.9588890303E+00    2.0935670159E-03
    1.4279980000E-03    7.7608958290E-01    4.5942501660E-03   -3.1887217801E+00    2.1164401783E-03
    1.4319980000E-03    7.8669820286E-01   -5.3703746462E-02   -3.4162130185E+00    2.1154679105E-03
    1.4359980000E-03    8.0714383255E-01   -1.0761794732E-01   -3.6380204369E+00    2.1041869181E-03
    1.4399980000E-03    8.3560716495E-01   -1.5472626316E-01   -3.8515478419E+00    2.0948017843E-03
    1.4439980000E-03    8.7002625085E-01   -1.9325748610E-01   -4.0550650530E+00    2.0869085253E-03
    1.4479980000E-03    9.0817818834E-01   -2.2205408040E-01   -4.2471596784E+00    2.0807257760E-03
    1.4519980000E-03    9.4772318280E-01   -2.4072373097E-01   -4.4267663423E+00    2.0853892361E-03
    1.4559980000E-03    9.8656433635E-01   -2.4969284884E-01   -4.5934071201E+00    2.1087093478E-03
    1.4599980000E-03    1.0230777779E+00   -2.5004640219E-01   -4.7470168597E+00    2.1517669982E-03
    1.4639980000E-03    1.0561219436E+00   -2.4334398055E-01   -4.8877191523E+00    2.2136954006E-03
    1.4679980000E-03    1.0850041487E+00   -2.3144450241E-01   -5.0158411328E+00    2.2933860997E-03
    1.4719980000E-03    1.1095492605E+00   -2.1613517977E-01   -5.1319082026E+00    2.3869172368E-03
    1.4759980000E-03    1.1300922539E+00   -1.9873850370E-01   -5.2365011891E+00    2.4895171273E-03
    1.4799980000E-03    1.1471339023E+00   -1.8024620578E-01   -5.3302097665E+00    2.5990232334E-03
    1.4839980000E-03    1.1611842806E+00   -1.6142173744E-01   -5.4135653196E+00    2.7171496500E-03
    1.4879980000E-03    1.1726600275E+00   -1.4294231125E-01   -5.4870390550E+00    2.8478863960E-03
    1.4919980000E-03    1.1819298035E+00   -1.2535926919E-01   -5.5510235506E+00    2.9950235526E-03
    1.4959980000E-03    1.1893383200E+00   -1.0908236476E-01   -5.6058540291E+00    3.1611159679E-03
    1.4999980000E-03    1.1952048643E+00   -9.4401905809E-02   -5.6518442618E+00    3.3476762691E-03
    1.5039980000E-03    1.1998011256E+00   -8.1530230671E-02   -5.6893103367E+00    3.5554077045E-03
    1.5079980000E-03    1.2033509736E+00   -7.0615136333E-02   -5.7185621485E+00    3.7842870702E-03
    1.5119980000E-03    1.2060385361E+00   -6.1752922462E-02   -5.7398841714E+00    4.0339616267E-03
    1.5159980000E-03    1.2080072156E+00   -5.5008728825E-02   -5.7535158249E+00    4.3042325497E-03
    1.5199980000E-03    1.2093593928E+00   -5.0433496141E-02   -5.7596314423E+00    4.5953923853E-03
    1.5239980000E-03    1.2101576618E+00   -4.8077634597E-02   -5.7583232905E+00    4.9085073612E-03
    1.5279980000E-03    1.2104246455E+00   -4.8000131981E-02   -5.7495885765E+00    5.2456992825E-03
    1.5319980000E-03    1.2101414298E+00   -5.0271933495E-02   -5.7333207808E+00    5.6104386079E-03
    1.5359980000E-03    1.2092443217E+00   -5.4972872667E-02   -5.7093050840E+00    6.0078109821E-03
    1.5399980000E-03    1.2076200091E+00   -6.2183217926E-02   -5.6772181831E+00    6.4446092017E-03
    1.5439980000E-03    1.2050987009E+00   -7.1965933523E-02   -5.6366337863E+00    6.9291034617E-03
    1.5479980000E-03    1.2014464751E+00   -8.4339879463E-02   -5.5870351605E+00    7.4703212880E-03
    1.5519980000E-03    1.1963585421E+00   -9.9241347002E-02   -5.5278329157E+00    8.0770883113E-03
    1.5559980000E-03    1.1894566593E+00   -1.1647048304E-01   -5.4583827306E+00    8.7573939637E-03
    1.5599980000E-03    1.1802954871E+00   -1.3562817432E-01   -5.3779943012E+00    9.5183005797E-03
    1.5639980000E-03    1.1683838867E+00   -1.5605087862E-01   -5.2859314857E+00    1.0365441420E-02
    1.5679980000E-03    1.1532320293E+00   -1.7674702678E-01   -5.1814245236E+00    1.1300719737E-02
    1.5719980000E-03    1.1344439748E+00   -1.9633630955E-01   -5.0637222932E+00    1.2319801177E-02
    1.5759980000E-03    1.1118630496E+00   -2.1304048600E-01   -4.9321839982E+00    1.3411403724E-02
    1.5799980000E-03    1.0857446316E+00   -2.2479075205E-01   -4.7864023284E+00    1.4554924674E-02
    1.5839980000E-03    1.0568982425E+00   -2.2949349691E-01   -4.6263722413E+00    1.5713785627E-02
    1.5879980000E-03    1.0267247017E+00   -2.2541211110E-01   -4.4526597870E+00    1.6835469115E-02
    1.5919980000E-03    9.9707325961E-01   -2.1153832198E-01   -4.2664269824E+00    1.7867223442E-02
    1.5959980000E-03    9.6991372297E-01   -1.8780889429E-01   -4.0693173865E+00    1.8770323739E-02
    1.5999980000E-03    9.4696762862E-01   -1.5507503899E-01   -3.8633732150E+00    1.9512575332E-02
    1.6039980000E-03    9.2949601880E-01   -1.1483939929E-01   -3.6509271795E+00    2.0059946832E-02
    1.6079980000E-03    9.1824154081E-01   -6.8970945672E-02   -3.4343074270E+00    2.0394065854E-02
    1.6119980000E-03    9.1341431373E-01   -1.9684184254E-02   -3.2155612859E+00    2.0522244216E-02
    1.6159980000E-03    9.1491987610E-01    3.0455850022E-02   -2.9964522259E+00    2.0456010161E-02
    1.6199980000E-03    9.2270837910E-01    7.8733414417E-02   -2.7786366674E+00    2.0205020001E-02
    1.6239980000E-03    9.3670417505E-01    1.2266067419E-01   -2.5639266766E+00    1.9763475095E-02
    1.6279980000E-03    9.5645430442E-01    1.6016848171E-01   -2.3544264284E+00    1.9120094584E-02
    1.6319980000E-03    9.8100581303E-01    1.8958652722E-01   -2.1524312862E+00    1.8292884003E-02
    1.6359980000E-03    1.0089527521E+00    2.0969670902E-01   -1.9601262340E+00    1.7317638054E-02
    1.6399980000E-03    1.0385176191E+00    2.2002306616E-01   -1.7793703877E+00    1.6231844649E-02
    1.6439980000E-03    1.0678177889E+00    2.2100545869E-01   -1.6116097515E+00    1.5082298408E-02
    1.6479980000E-03    1.0952110841E+00    2.1396412334E-01   -1.4577611765E+00    1.3924425017E-02
    1.6519980000E-03    1.1195616887E+00    2.0079352531E-01   -1.3181403396E+00    1.2805381998E-02
    1.6559980000E-03    1.1403050083E+00    1.8358358225E-01   -1.1925547062E+00    1.1754707653E-02
    1.6599980000E-03    1.1573678431E+00    1.6427607830E-01   -1.0804801678E+00    1.0788603190E-02
    1.6639980000E-03    1.1710129002E+00    1.4445884578E-01   -9.8120928259E-01    9.9146662119E-03
    1.6679980000E-03    1.1816736166E+00    1.2531815715E-01   -8.9396634828E-01    9.1327185467E-03
    1.6719980000E-03    1.1898314764E+00    1.0768165410E-01   -8.1799098701E-01    8.4369076378E-03
    1.6759980000E-03    1.1959470023E+00    9.2083200607E-02   -7.5257386592E-01    7.8192655197E-03
    1.6799980000E-03    1.2004263658E+00    7.8827089572E-02   -6.9705921494E-01    7.2713548324E-03
    1.6839980000E-03    1.2036076574E+00    6.8051607224E-02   -6.5084547734E-01    6.7843930612E-03
    1.6879980000E-03    1.2057588969E+00    5.9785058925E-02   -6.1339549557E-01    6.3495354659E-03
    1.6919980000E-03    1.2070824369E+00    5.3989794792E-02   -5.8425139300E-01    5.9586231099E-03
    1.6959980000E-03    1.2077214814E+00    5.0593194880E-02   -5.6304697255E-01    5.6049206499E-03
    1.6999980000E-03    1.2077670398E+00    4.9511234096E-02   -5.4951450480E-01    5.2833836708E-03
    1.7039980000E-03    1.2072637270E+00    5.0663375949E-02   -5.4348680867E-01    4.9905211597E-03
    1.7079980000E-03    1.2062138823E+00    5.3979720872E-02   -5.4489531604E-01    4.7240884291E-03
    1.7119980000E-03    1.2045801441E+00    5.9401827357E-02   -5.5376476685E-01    4.4827418244E-03
    1.7159980000E-03    1.2022866949E+00    6.6877353289E-02   -5.7020456018E-01    4.2657353704E-03
    1.7199980000E-03    1.1992195204E+00    7.6349288920E-02   -5.9439656657E-01    4.0726353264E-03
    1.7239980000E-03    1.1952254052E+00    8.7741667116E-02   -6.2657911695E-01    3.9030147338E-03
    1.7279980000E-03    1.1901110567E+00    1.0094261056E-01   -6.6702909988E-01    3.7561265007E-03
    1.7319980000E-03    1.1836427718E+00    1.1578602333E-01   -7.1604510470E-01    3.6305654961E-03
    1.7359980000E-03    1.1755461067E+00    1.3203415952E-01   -7.7393609194E-01    3.5239834699E-03
    1.7399980000E-03    1.1655049824E+00    1.4936298236E-01   -8.4102208833E-01    3.4330060858E-03
    1.7439980000E-03    1.1531604955E+00    1.6734756513E-01   -9.1765222885E-01    3.3535222585E-03
    1.7479980000E-03    1.1381118196E+00    1.8544082425E-01   -1.0042385137E+00    3.2814539330E-03
    1.7519980000E-03    1.1199276793E+00    2.0293619815E-01   -1.1012904712E+00    3.2138516264E-03
    1.7559980000E-03    1.0981802473E+00    2.1891791200E-01   -1.2094178619E+00    3.1497734127E-03
    1.7599980000E-03    1.0725219883E+00    2.3221236229E-01   -1.3292712177E+00    3.0901237822E-03
    1.7639980000E-03    1.0428091609E+00    2.4138597776E-01   -1.4614228737E+00    3.0361561134E-03
    1.7679980000E-03    1.0092385449E+00    2.4483748471E-01   -1.6062571385E+00    2.9884710054E-03
    1.7719980000E-03    9.7247169965E-01    2.4095614223E-01   -1.7639721806E+00    2.9488277922E-03
    1.7759980000E-03    9.3374598115E-01    2.2830584320E-01   -1.9346533086E+00    2.9215209243E-03
    1.7799980000E-03    8.9491376174E-01    2.0588919519E-01   -2.1181699375E+00    2.9076152744E-03
    1.7839980000E-03    8.5825829365E-01    1.7347976215E-01   -2.3138649590E+00    2.8995398231E-03
    1.7879980000E-03    8.2612481381E-01    1.3174090330E-01   -2.5205337410E+00    2.8904356105E-03
    1.7919980000E-03    8.0071794938E-01    8.2039399948E-02   -2.7367231241E+00    2.8825869604E-03
    1.7959980000E-03    7.8406283372E-01    2.6375876296E-02   -2.9604758337E+00    2.8745133119E-03
    1.7999980000E-03    7.7769218272E-01   -3.2588471594E-02   -3.1888760376E+00    2.8529902819E-03
    1.8039980000E-03    7.8233569140E-01   -9.1854824163E-02   -3.4185528735E+00    2.8076715286E-03
    1.8079980000E-03    7.9795019578E-01   -1.4836957913E-01   -3.6461898562E+00    2.7364428407E-03
    1.8119980000E-03    8.2363798750E-01   -1.9914407511E-01   -3.8685153326E+00    2.6442730072E-03
    1.8159980000E-03    8.5765614302E-01   -2.4162234471E-01   -4.0827328179E+00    2.5522440890E-03
    1.8199980000E-03    8.9760116972E-01   -2.7397836840E-01   -4.2868217795E+00    2.4897953647E-03
    1.8239980000E-03    9.4083249952E-01   -2.9513561312E-01   -4.4792567319E+00    2.4785993551E-03
    1.8279980000E-03    9.8473445708E-01   -3.0485357242E-01   -4.6589315964E+00    2.5389688512E-03
    1.8319980000E-03    1.0268270349E+00   -3.0395775391E-01   -4.8252789997E+00    2.6916759657E-03
    1.8359980000E-03    1.0652551928E+00   -2.9407506216E-01   -4.9781336369E+00    2.9439982847E-03
    1.8399980000E-03    1.0991012636E+00   -2.7694699065E-01   -5.1175135899E+00    3.2912886025E-03
    1.8439980000E-03    1.1279395650E+00   -2.5463438573E-01   -5.2437217439E+00    3.7215732662E-03
    1.8479980000E-03    1.1518538230E+00   -2.2905303642E-01   -5.3572274551E+00    4.2184668582E-03
    1.8519980000E-03    1.1712296111E+00   -2.0188559476E-01   -5.4585709223E+00    4.7651607754E-03
    1.8559980000E-03    1.1866115756E+00   -1.7452365420E-01   -5.5482681531E+00    5.3459595748E-03
    1.8599980000E-03    1.1986036412E+00   -1.4806731178E-01   -5.6267896453E+00    5.9472334642E-03
    1.8639980000E-03    1.2078041562E+00   -1.2333892952E-01   -5.6945971724E+00    6.5568207390E-03
    1.8679980000E-03    1.2147643333E+00   -1.0090609332E-01   -5.7521965549E+00    7.1630807389E-03
    1.8719980000E-03    1.2199664975E+00   -8.1112033002E-02   -5.8001723129E+00    7.7558159930E-03
    1.8759980000E-03    1.2238154422E+00   -6.4114399282E-02   -5.8391767654E+00    8.3281107982E-03
    1.8799980000E-03    1.2266381467E+00   -4.9932897344E-02   -5.8698878268E+00    8.8772797208E-03
    1.8839980000E-03    1.2286888178E+00   -3.8507667832E-02   -5.8929543362E+00    9.4045689891E-03
    1.8879980000E-03    1.2301574558E+00   -2.9739329836E-02   -5.9089453063E+00    9.9142147986E-03
    1.8919980000E-03    1.2311793072E+00   -2.3533852115E-02   -5.9183157723E+00    1.0412515800E-02
    1.8959980000E-03    1.2318431564E+00   -1.9824739676E-02   -5.9213810617E+00    1.0907092185E-02
    1.8999980000E-03    1.2321975119E+00   -1.8586414353E-02   -5.9183039165E+00    1.1406603372E-02
    1.9039980000E-03    1.2322535703E+00   -1.9848960804E-02   -5.9090853117E+00    1.1920589136E-02
    1.9079980000E-03    1.2319847682E+00   -2.3696536068E-02   -5.8935593843E+00    1.2459511778E-02
    1.9119980000E-03    1.2313227248E+00   -3.0267859704E-02   -5.8713925653E+00    1.3034859519E-02
    1.9159980000E-03    1.2301489954E+00   -3.9743325453E-02   -5.8420847905E+00    1.3659037269E-02
    1.9199980000E-03    1.2282830040E+00   -5.2321951631E-02   -5.8049799434E+00    1.4344908575E-02
    1.9239980000E-03    1.2254668628E+00   -6.8180941178E-02   -5.7592879042E+00    1.5104858121E-02
    1.9279980000E-03    1.2213495204E+00   -8.7409812621E-02   -5.7041227840E+00    1.5949122820E-02
    1.9319980000E-03    1.2154750593E+00   -1.0992910998E-01   -5.6385558141E+00    1.6884047548E-02
    1.9359980000E-03    1.2072832875E+00   -1.3538967610E-01   -5.5616685408E+00    1.7910780736E-02
    1.9399980000E-03    1.1961316485E+00   -1.6308934069E-01   -5.4725915975E+00    1.9025192685E-02
    1.9439980000E-03    1.1813500856E+00   -1.9190481434E-01   -5.3705141116E+00    2.0218159047E-02
    1.9479980000E-03    1.1623390431E+00   -2.2026124084E-01   -5.2546850560E+00    2.1475203182E-02
    1.9519980000E-03    1.1387175605E+00   -2.4614579220E-01   -5.1244328672E+00    2.2775053760E-02
    1.9559980000E-03    1.1105233112E+00   -2.6718212650E-01   -4.9792460609E+00    2.4085117197E-02
    1.9599980000E-03    1.0784344365E+00   -2.8084991965E-01   -4.8189775141E+00    2.5353469323E-02
    1.9639980000E-03    1.0439156940E+00   -2.8491606561E-01   -4.6441200128E+00    2.6510352856E-02
    1.9679980000E-03    1.0091690491E+00   -2.7792213403E-01   -4.4558890960E+00    2.7491622762E-02
    1.9719980000E-03    9.7681470378E-01   -2.5949543255E-01   -4.2560275640E+00    2.8261570547E-02
    1.9759980000E-03    9.4936508676E-01   -2.3040540497E-01   -4.0466844564E+00    2.8807516352E-02
    1.9799980000E-03    9.2870328616E-01   -1.9242768618E-01   -3.8304940705E+00    2.9124577664E-02
    1.9839980000E-03    9.1592802990E-01   -1.4795428797E-01   -3.6103806477E+00    2.9221113166E-02
    1.9879980000E-03    9.1146703807E-01   -9.9564127212E-02   -3.3891045414E+00    2.9116622826E-02
    1.9919980000E-03    9.1504557466E-01   -4.9832500712E-02   -3.1690919608E+00    2.8819740909E-02
    1.9959980000E-03    9.2560342891E-01   -1.3109249967E-03   -2.9523529855E+00    2.8326706718E-02
    1.9999980000E-03    9.4160515530E-01    4.3615180298E-02   -2.7403210088E+00    2.7608154484E-02
