 sig=    1.000000000000000      inputfile=
 /home/rjrj524/Finished/vmec_gc_tracer/revised_251128/nc/wout_pwO_nfp2_A6.nc                                                                                                                             
 dt=   2.0000000000000001E-009
 steps=      1000000
 x0=   4.0000000000000001E-002    3.080000000000000      
    6.410000000000000     
 u=    141000.0000000000     
 v_perp=    194000.0000000000     
 
time(s)         x0(1)       x0(2)        x0(3)      r
    3.9980000000E-06    1.2243977442E+00   -2.2228407836E-01    6.8366957537E+00    4.5923053969E-02
    7.9980000000E-06    1.1326089918E+00   -3.5505826815E-01    7.3346315771E+00    5.3427047942E-02
    1.1998000000E-05    9.9976228486E-01   -3.8172289269E-01    7.9186759755E+00    5.8485724959E-02
    1.5998000000E-05    8.9350171345E-01   -2.9020611408E-01    8.5776359394E+00    5.9500498981E-02
    1.9998000000E-05    8.7603271794E-01   -1.3375404811E-01    9.2644779981E+00    5.7513224147E-02
    2.3998000000E-05    9.4562654198E-01    7.9189444001E-03    9.9224854052E+00    5.2921070697E-02
    2.7998000000E-05    1.0420537199E+00    7.6993041023E-02    1.0527022790E+01    4.6518474924E-02
    3.1998000000E-05    1.1171814337E+00    7.6048711928E-02    1.1065889218E+01    4.1866503945E-02
    3.5998000000E-05    1.1618594504E+00    4.2811292700E-02    1.1544630477E+01    4.0571787921E-02
    3.9998000000E-05    1.1846837273E+00   -1.4064495024E-03    1.1977027207E+01    4.1964171722E-02
    4.3998000000E-05    1.1931869299E+00   -4.4274775329E-02    1.2379626501E+01    4.3052824078E-02
    4.7998000000E-05    1.1875853160E+00   -7.7476868012E-02    1.2776879219E+01    4.0076063078E-02
    5.1998000000E-05    1.1638613908E+00   -1.1102855626E-01    1.3192671427E+01    3.4819225409E-02
    5.5998000000E-05    1.1221899623E+00   -1.4305685050E-01    1.3648311525E+01    2.9949475669E-02
    5.9998000000E-05    1.0563815963E+00   -1.5345498742E-01    1.4158404822E+01    2.8666018452E-02
    6.3998000000E-05    9.6386793781E-01   -1.1550492119E-01    1.4732980229E+01    3.0674846999E-02
    6.7998000000E-05    8.6933248062E-01   -3.8964629003E-03    1.5371230773E+01    3.3683031191E-02
    7.1998000000E-05    8.3179050425E-01    1.6180562854E-01    1.6058177180E+01    3.5584897471E-02
    7.5998000000E-05    8.8741761689E-01    3.1512275555E-01    1.6752235416E+01    3.6431652845E-02
    7.9998000000E-05    1.0133526749E+00    3.8604303228E-01    1.7394634610E+01    3.5666504935E-02
    8.3998000000E-05    1.1433905090E+00    3.4285242822E-01    1.7955083885E+01    3.2793113352E-02
    8.7998000000E-05    1.2247306190E+00    2.1160182829E-01    1.8435455554E+01    2.8544015722E-02
    9.1998000000E-05    1.2509079792E+00    3.6867547913E-02    1.8855303864E+01    2.5351145569E-02
    9.5998000000E-05    1.2343113250E+00   -1.4455724745E-01    1.9266029349E+01    2.8321303043E-02
    9.9998000000E-05    1.1668424222E+00   -2.9296745071E-01    1.9732256376E+01    3.4720328375E-02
    1.0399800000E-04    1.0497521704E+00   -3.5893188829E-01    2.0279736331E+01    4.0425431448E-02
    1.0799800000E-04    9.3149624004E-01   -3.0920739452E-01    2.0909040116E+01    4.3071528935E-02
    1.1199800000E-04    8.7924502141E-01   -1.7202912684E-01    2.1588255439E+01    4.2652755345E-02
    1.1599800000E-04    9.1301147172E-01   -1.6783670175E-02    2.2262267021E+01    3.9376688142E-02
    1.1999800000E-04    9.9719808852E-01    8.9929796752E-02    2.2895451335E+01    3.3683079929E-02
    1.2399800000E-04    1.0829268467E+00    1.1912771318E-01    2.3468169668E+01    2.8273591741E-02
    1.2799800000E-04    1.1441704431E+00    9.3522384703E-02    2.3974482817E+01    2.5720681459E-02
    1.3199800000E-04    1.1791787442E+00    4.6711071943E-02    2.4426763497E+01    2.6472071082E-02
    1.3599800000E-04    1.1958315895E+00   -4.0723043922E-03    2.4840056044E+01    2.8554396968E-02
    1.3999800000E-04    1.1967839735E+00   -4.9449096689E-02    2.5237213516E+01    2.7703579737E-02
    1.4399800000E-04    1.1787347919E+00   -9.2942428080E-02    2.5645754695E+01    2.4175118174E-02
    1.4799800000E-04    1.1421669282E+00   -1.3535378299E-01    2.6090172773E+01    2.0215830734E-02
    1.5199800000E-04    1.0818713797E+00   -1.6011033934E-01    2.6586767441E+01    1.9397577651E-02
    1.5599800000E-04    9.9609116715E-01   -1.3970312386E-01    2.7147296221E+01    2.1909623605E-02
    1.5999800000E-04    9.0451287908E-01   -4.6528993235E-02    2.7772591019E+01    2.6071151975E-02
    1.6399800000E-04    8.5312860818E-01    1.0713590390E-01    2.8446728978E+01    2.8894411623E-02
    1.6799800000E-04    8.8334262898E-01    2.6407047991E-01    2.9137381937E+01    2.9783390908E-02
    1.7199800000E-04    9.9001100881E-01    3.5479510089E-01    2.9790603376E+01    2.8886969622E-02
    1.7599800000E-04    1.1174694977E+00    3.3697114322E-01    3.0367557027E+01    2.5922895191E-02
    1.7999800000E-04    1.2076140029E+00    2.2512640644E-01    3.0862499491E+01    2.1707354575E-02
    1.8399800000E-04    1.2441316008E+00    6.5160561589E-02    3.1291778106E+01    1.8099065447E-02
    1.8799800000E-04    1.2380408159E+00   -1.0601247640E-01    3.1697334515E+01    1.9071834212E-02
    1.9199800000E-04    1.1861194232E+00   -2.5751158503E-01    3.2143891222E+01    2.3759299728E-02
    1.9599800000E-04    1.0817932739E+00   -3.4587201919E-01    3.2664222286E+01    2.8546510980E-02
    1.9999800000E-04    9.5678745932E-01   -3.2842801947E-01    3.3268055577E+01    3.1508383919E-02
    2.0399800000E-04    8.7598584728E-01   -2.1099001300E-01    3.3937226209E+01    3.2028274054E-02
    2.0799800000E-04    8.7821472802E-01   -5.0811275950E-02    3.4622801938E+01    3.0282179042E-02
    2.1199800000E-04    9.4806881627E-01    8.3258792733E-02    3.5278711835E+01    2.6102788586E-02
    2.1599800000E-04    1.0392374132E+00    1.4549906168E-01    3.5880142271E+01    2.1427942151E-02
    2.1999800000E-04    1.1147675434E+00    1.4065845052E-01    3.6414460691E+01    1.8970264821E-02
    2.2399800000E-04    1.1635149272E+00    1.0175614317E-01    3.6888679310E+01    1.9892993028E-02
    2.2799800000E-04    1.1905507390E+00    5.2759524465E-02    3.7316425948E+01    2.3246506536E-02
    2.3199800000E-04    1.1999720147E+00    5.2779445735E-03    3.7717151388E+01    2.4840007763E-02
    2.3599800000E-04    1.1903858841E+00   -4.3261674876E-02    3.8118317358E+01    2.3497270528E-02
    2.3999800000E-04    1.1637688715E+00   -9.3500055947E-02    3.8547391595E+01    2.0618530624E-02
    2.4399800000E-04    1.1151122125E+00   -1.3293921277E-01    3.9023177512E+01    2.0352773202E-02
    2.4799800000E-04    1.0393126232E+00   -1.3714376839E-01    3.9559664494E+01    2.3440961746E-02
    2.5199800000E-04    9.4906449824E-01   -7.2293255768E-02    4.0163202299E+01    2.8528422068E-02
    2.5599800000E-04    8.8164032841E-01    6.3471669645E-02    4.0819688497E+01    3.2872522318E-02
    2.5999800000E-04    8.8331984514E-01    2.2186626300E-01    4.1504129606E+01    3.4610603151E-02
    2.6399800000E-04    9.6762914680E-01    3.3325797320E-01    4.2169733572E+01    3.3879243161E-02
    2.6799800000E-04    1.0926526111E+00    3.4164748071E-01    4.2768287452E+01    3.0447124422E-02
    2.7199800000E-04    1.1933860296E+00    2.4499491751E-01    4.3282899175E+01    2.5154438152E-02
    2.7599800000E-04    1.2410314222E+00    8.7966450911E-02    4.3724429028E+01    2.0238228323E-02
    2.7999800000E-04    1.2436643024E+00   -8.5696803023E-02    4.4129388403E+01    1.9675601596E-02
    2.8399800000E-04    1.2023413250E+00   -2.4422834898E-01    4.4563941866E+01    2.3418717676E-02
    2.8799800000E-04    1.1063174430E+00   -3.4979347258E-01    4.5066118251E+01    2.7366900917E-02
    2.9199800000E-04    9.7581586205E-01   -3.5742607841E-01    4.5650906742E+01    2.9882313984E-02
    2.9599800000E-04    8.7156482878E-01   -2.5753869191E-01    4.6310757796E+01    3.0412493792E-02
    2.9999800000E-04    8.4744395857E-01   -9.6277113183E-02    4.7004304008E+01    2.9362446517E-02
    3.0399800000E-04    9.0519980037E-01    5.5653906322E-02    4.7676954988E+01    2.6652923244E-02
    3.0799800000E-04    9.9956036631E-01    1.4366400105E-01    4.8297776192E+01    2.2839626514E-02
    3.1199800000E-04    1.0841166300E+00    1.6125269242E-01    4.8853286246E+01    2.1000347478E-02
    3.1599800000E-04    1.1427703014E+00    1.3675016001E-01    4.9345795536E+01    2.2623169253E-02
    3.1999800000E-04    1.1784547874E+00    9.6820972281E-02    4.9787148763E+01    2.7189892747E-02
    3.2399800000E-04    1.1957969375E+00    5.6630612848E-02    5.0194298156E+01    3.1053839751E-02
    3.2799800000E-04    1.1945683667E+00    1.2871758606E-02    5.0591327997E+01    3.2004067971E-02
    3.3199800000E-04    1.1786166005E+00   -3.6876589986E-02    5.1005114958E+01    3.0185371575E-02
    3.3599800000E-04    1.1445234647E+00   -8.2394213025E-02    5.1457906775E+01    2.9758707807E-02
    3.3999800000E-04    1.0839629765E+00   -1.0718556757E-01    5.1964627961E+01    3.2644777804E-02
    3.4399800000E-04    9.9805010303E-01   -7.7427920488E-02    5.2537553143E+01    3.8352307994E-02
    3.4799800000E-04    9.1245507816E-01    3.0184220945E-02    5.3170550761E+01    4.4291849003E-02
    3.5199800000E-04    8.7965750168E-01    1.8586812562E-01    5.3844958722E+01    4.7608535650E-02
    3.5599800000E-04    9.3579338101E-01    3.2101882111E-01    5.4523938634E+01    4.8062912696E-02
    3.5999800000E-04    1.0572081679E+00    3.6511910634E-01    5.5151159490E+01    4.5228265296E-02
    3.6399800000E-04    1.1740072748E+00    2.9179976136E-01    5.5695572813E+01    3.9100170349E-02
    3.6799800000E-04    1.2389707862E+00    1.3648752896E-01    5.6158663831E+01    3.2292967761E-02
    3.7199800000E-04    1.2529486270E+00   -5.1072674595E-02    5.6567991130E+01    2.9552461374E-02
    3.7599800000E-04    1.2230392197E+00   -2.2901079366E-01    5.6991662911E+01    3.3334174752E-02
    3.7999800000E-04    1.1358411935E+00   -3.5802107869E-01    5.7478933737E+01    3.7852032144E-02
    3.8399800000E-04    1.0011661479E+00   -3.9316273159E-01    5.8047861239E+01    4.0697079756E-02
    3.8799800000E-04    8.7651093353E-01   -3.1261875284E-01    5.8698106818E+01    4.1258585201E-02
    3.9199800000E-04    8.2823289706E-01   -1.5380109222E-01    5.9395538595E+01    4.0216379254E-02
    3.9599800000E-04    8.7499059197E-01    1.0083438081E-02    6.0079308121E+01    3.8227480768E-02
    3.9999800000E-04    9.7436886988E-01    1.1352077288E-01    6.0710461465E+01    3.5325115040E-02
    4.0399800000E-04    1.0649076825E+00    1.4433513623E-01    6.1276877022E+01    3.3650790302E-02
    4.0799800000E-04    1.1267770872E+00    1.3145769762E-01    6.1779931870E+01    3.5324119269E-02
    4.1199800000E-04    1.1652804286E+00    9.9907533179E-02    6.2230328526E+01    4.0650324322E-02
    4.1599800000E-04    1.1869215817E+00    6.8901704625E-02    6.2642999066E+01    4.5917052769E-02
    4.1999800000E-04    1.1910057606E+00    3.9125945854E-02    6.3039399783E+01    4.8596073299E-02
    4.2399800000E-04    1.1817084004E+00   -9.8624635805E-04    6.3442683649E+01    4.7003448445E-02
    4.2799800000E-04    1.1583688519E+00   -4.2243361458E-02    6.3876604553E+01    4.5277201646E-02
    4.3199800000E-04    1.1132166661E+00   -7.2130337579E-02    6.4357070520E+01    4.6337480231E-02
    4.3599800000E-04    1.0364241189E+00   -7.0821485141E-02    6.4897429446E+01    5.0739949106E-02
    4.3999800000E-04    9.3608637289E-01    3.2499048565E-04    6.5503415180E+01    5.6809605499E-02
    4.4399800000E-04    8.6675939103E-01    1.4530193042E-01    6.6164421567E+01    6.0958932729E-02
    4.4799800000E-04    8.8963160107E-01    3.0316688618E-01    6.6854009743E+01    6.2889295810E-02
    4.5199800000E-04    1.0016319374E+00    3.9251954675E-01    6.7512787265E+01    6.1899420768E-02
    4.5599800000E-04    1.1368214150E+00    3.6177516900E-01    6.8094975067E+01    5.6875712370E-02
    4.5999800000E-04    1.2280090129E+00    2.2526600662E-01    6.8591208184E+01    4.9369543178E-02
    4.6399800000E-04    1.2600246416E+00    3.1374620456E-02    6.9017068698E+01    4.3486862233E-02
    4.6799800000E-04    1.2466562094E+00   -1.7066009356E-01    6.9427740005E+01    4.6342998126E-02
    4.7199800000E-04    1.1783960689E+00   -3.3298800918E-01    6.9894025330E+01    5.3043836652E-02
    4.7599800000E-04    1.0517185997E+00   -4.0890989510E-01    7.0440858005E+01    5.8311819632E-02
    4.7999800000E-04    9.1387363803E-01   -3.6312069003E-01    7.1072598727E+01    6.0235254885E-02
    4.8399800000E-04    8.4136329241E-01   -2.2002104727E-01    7.1762658474E+01    5.9391745078E-02
    4.8799800000E-04    8.7172530968E-01   -5.2810830681E-02    7.2449416911E+01    5.6982443279E-02
    4.9199800000E-04    9.7197019545E-01    6.0264977859E-02    7.3086045974E+01    5.3278879522E-02
    4.9599800000E-04    1.0678021772E+00    9.3174117397E-02    7.3658633700E+01    4.9473356690E-02
    4.9999800000E-04    1.1290776515E+00    8.0584938585E-02    7.4167067054E+01    4.8586457573E-02
    5.0399800000E-04    1.1642154217E+00    4.8886798132E-02    7.4622750891E+01    5.1280076613E-02
    5.0799800000E-04    1.1828466800E+00    1.3143019384E-02    7.5038549655E+01    5.5914081229E-02
    5.1199800000E-04    1.1886761416E+00   -1.3130467130E-02    7.5434827424E+01    5.6837450625E-02
    5.1599800000E-04    1.1780941495E+00   -4.0007402961E-02    7.5834189125E+01    5.4120965401E-02
    5.1999800000E-04    1.1540186384E+00   -7.4543786447E-02    7.6259137745E+01    4.8644927545E-02
    5.2399800000E-04    1.1113941081E+00   -1.0147928919E-01    7.6728131383E+01    4.6026909928E-02
    5.2799800000E-04    1.0403652703E+00   -1.0340182804E-01    7.7253386451E+01    4.7031984122E-02
    5.3199800000E-04    9.3771947205E-01   -4.9712239789E-02    7.7844162388E+01    5.0530383755E-02
    5.3599800000E-04    8.4881353033E-01    8.4005153547E-02    7.8497308123E+01    5.3435961134E-02
    5.3999800000E-04    8.4355472795E-01    2.5475143143E-01    7.9192773675E+01    5.5334537163E-02
    5.4399800000E-04    9.3759670066E-01    3.8217986728E-01    7.9874958695E+01    5.5697563081E-02
    5.4799800000E-04    1.0800357773E+00    4.0209612120E-01    8.0488388737E+01    5.3359541382E-02
    5.5199800000E-04    1.1963518657E+00    3.0553333314E-01    8.1015988880E+01    4.8150007736E-02
    5.5599800000E-04    1.2517203399E+00    1.3408589702E-01    8.1467295471E+01    4.2089157610E-02
    5.5999800000E-04    1.2560667119E+00   -6.7101731603E-02    8.1873960250E+01    4.1198050369E-02
    5.6399800000E-04    1.2134841316E+00   -2.5146013813E-01    8.2310869729E+01    4.7896607509E-02
    5.6799800000E-04    1.1117874340E+00   -3.6980554303E-01    8.2823012028E+01    5.5211981042E-02
    5.7199800000E-04    9.7724256423E-01   -3.7542340666E-01    8.3421586794E+01    5.9572056826E-02
    5.7599800000E-04    8.8239370281E-01   -2.6763251862E-01    8.4089921469E+01    5.9968097769E-02
    5.7999800000E-04    8.8146045054E-01   -1.0771851550E-01    8.4775630025E+01    5.7554387861E-02
    5.8399800000E-04    9.6124445631E-01    2.4558360155E-02    8.5425761192E+01    5.2537921510E-02
    5.8799800000E-04    1.0566149523E+00    7.9709617267E-02    8.6019675275E+01    4.6255758023E-02
    5.9199800000E-04    1.1264924816E+00    7.0833679736E-02    8.6547359017E+01    4.2164438849E-02
    5.9599800000E-04    1.1666391034E+00    3.5321106005E-02    8.7017361457E+01    4.1484921812E-02
    5.9999800000E-04    1.1866156599E+00   -9.1646432663E-03    8.7443363451E+01    4.3136201480E-02
    6.0399800000E-04    1.1930754658E+00   -5.0174329922E-02    8.7843264228E+01    4.3787260089E-02
    6.0799800000E-04    1.1846180326E+00   -8.1857998937E-02    8.8241963963E+01    4.0256617629E-02
    6.1199800000E-04    1.1582717719E+00   -1.1557086251E-01    8.8662814965E+01    3.4708225398E-02
    6.1599800000E-04    1.1133585511E+00   -1.4552105973E-01    8.9126240966E+01    3.0287785185E-02
    6.1999800000E-04    1.0433857184E+00   -1.5004350621E-01    8.9645965382E+01    2.9563073938E-02
    6.2399800000E-04    9.4753371821E-01   -1.0164031150E-01    9.0230909839E+01    3.1936856742E-02
    6.2799800000E-04    8.5740204028E-01    2.1489511943E-02    9.0878259851E+01    3.4766684529E-02
    6.3199800000E-04    8.3371641281E-01    1.9053063333E-01    9.1570246966E+01    3.6512086363E-02
    6.3599800000E-04    9.0405288852E-01    3.3498039224E-01    9.2260009038E+01    3.7171466004E-02
    6.3999800000E-04    1.0359421625E+00    3.8822510818E-01    9.2890507036E+01    3.6087334596E-02
    6.4399800000E-04    1.1609013658E+00    3.2745740441E-01    9.3437452543E+01    3.2879477813E-02
    6.4799800000E-04    1.2327834178E+00    1.8575510943E-01    9.3906487632E+01    2.8492687793E-02
    6.5199800000E-04    1.2514009413E+00    6.6957900609E-03    9.4320092279E+01    2.5979588925E-02
    6.5599800000E-04    1.2273991063E+00   -1.7319532737E-01    9.4736688241E+01    2.9981448844E-02
    6.5999800000E-04    1.1503547973E+00   -3.1200415402E-01    9.5215590615E+01    3.6537054415E-02
    6.6399800000E-04    1.0281452536E+00   -3.5978383995E-01    9.5777801037E+01    4.1897282851E-02
    6.6799800000E-04    9.1663876017E-01   -2.9169442200E-01    9.6418964176E+01    4.3968202358E-02
    6.7199800000E-04    8.7935571870E-01   -1.4612812792E-01    9.7101271195E+01    4.3057288892E-02
    6.7599800000E-04    9.2576596394E-01    4.9496186328E-03    9.7769864270E+01    3.9233067214E-02
    6.7999800000E-04    1.0133640170E+00    9.8660756069E-02    9.8393786100E+01    3.3336932218E-02
    6.8399800000E-04    1.0959915626E+00    1.1556440161E-01    9.8954621745E+01    2.8226101616E-02
    6.8799800000E-04    1.1520527103E+00    8.4439514226E-02    9.9450443219E+01    2.6233426716E-02
    6.9199800000E-04    1.1831280221E+00    3.6144116304E-02    9.9894823538E+01    2.7404626517E-02
    6.9599800000E-04    1.1970249361E+00   -1.4014415143E-02    1.0030342422E+02    2.9242838444E-02
    6.9999800000E-04    1.1948564763E+00   -5.8071209451E-02    1.0070064158E+02    2.7725248102E-02
    7.0399800000E-04    1.1736603825E+00   -1.0129820270E-01    1.0111367710E+02    2.3815304101E-02
    7.0799800000E-04    1.1335198305E+00   -1.4195061651E-01    1.0156589555E+02    2.0128161427E-02
    7.1199800000E-04    1.0688159631E+00   -1.6096029951E-01    1.0207244051E+02    1.9815055628E-02
    7.1599800000E-04    9.7972888802E-01   -1.2971705209E-01    1.0264415359E+02    2.2711832825E-02
    7.1999800000E-04    8.9085195190E-01   -2.4088534397E-02    1.0327901568E+02    2.6796434423E-02
    7.2399800000E-04    8.5081586384E-01    1.3507087316E-01    1.0395915582E+02    2.9230100759E-02
    7.2799800000E-04    8.9567937472E-01    2.8602325349E-01    1.0464796523E+02    2.9852536860E-02
    7.3199800000E-04    1.0108784657E+00    3.6073005912E-01    1.0529063487E+02    2.8662311693E-02
    7.3599800000E-04    1.1356729110E+00    3.2504322183E-01    1.0585391670E+02    2.5446538582E-02
    7.3999800000E-04    1.2171572159E+00    2.0217276066E-01    1.0633677422E+02    2.1197926274E-02
    7.4399800000E-04    1.2459291817E+00    3.8024109399E-02    1.0675829056E+02    1.8050348557E-02
    7.4799800000E-04    1.2332064807E+00   -1.3266230175E-01    1.0716663165E+02    1.9946947067E-02
    7.5199800000E-04    1.1724587467E+00   -2.7747573226E-01    1.0762399403E+02    2.4887106803E-02
    7.5599800000E-04    1.0612056850E+00   -3.5081030964E-01    1.0815821051E+02    2.9561906058E-02
    7.5999800000E-04    9.3900666500E-01   -3.1468514982E-01    1.0877517732E+02    3.2145128274E-02
    7.6399800000E-04    8.7114993698E-01   -1.8539424046E-01    1.0945096399E+02    3.2292361129E-02
    7.6799800000E-04    8.8736828759E-01   -2.5209509212E-02    1.1013379301E+02    3.0099642075E-02
    7.7199800000E-04    9.6419458809E-01    9.8511328235E-02    1.1078172549E+02    2.5592317721E-02
    7.7599800000E-04    1.0545858803E+00    1.4733321051E-01    1.1137196238E+02    2.1050686477E-02
    7.7999800000E-04    1.1254253286E+00    1.3409776899E-01    1.1189499629E+02    1.9066558893E-02
    7.8399800000E-04    1.1697397011E+00    9.1850165696E-02    1.1236022713E+02    2.0487170229E-02
    7.8799800000E-04    1.1935337859E+00    4.2437599098E-02    1.1278162164E+02    2.3785908284E-02
    7.9199800000E-04    1.1996180180E+00   -4.7833553491E-03    1.1318044403E+02    2.4817018610E-02
    7.9599800000E-04    1.1869079230E+00   -5.3826350698E-02    1.1358465308E+02    2.2881908602E-02
    7.9999800000E-04    1.1568376573E+00   -1.0321731808E-01    1.1402087282E+02    2.0159763959E-02
    8.0399800000E-04    1.1034698132E+00   -1.3849805432E-01    1.1450628742E+02    2.0401114185E-02
    8.0799800000E-04    1.0233237512E+00   -1.3279015091E-01    1.1505456716E+02    2.3923580522E-02
    8.1199800000E-04    9.3365705971E-01   -5.4192607610E-02    1.1566887108E+02    2.9019269134E-02
    8.1599800000E-04    8.7511353756E-01    9.0110343602E-02    1.1633259579E+02    3.2937104543E-02
    8.1999800000E-04    8.9149944880E-01    2.4576149742E-01    1.1701808393E+02    3.4225054961E-02
    8.2399800000E-04    9.8728746568E-01    3.4278171180E-01    1.1767512038E+02    3.3078962756E-02
    8.2799800000E-04    1.1123824638E+00    3.3201981701E-01    1.1825981973E+02    2.9265646402E-02
    8.3199800000E-04    1.2048936270E+00    2.2205121515E-01    1.1876088864E+02    2.3938363233E-02
    8.3599800000E-04    1.2440630876E+00    5.9998407489E-02    1.1919275827E+02    1.9468923194E-02
    8.3999800000E-04    1.2400817811E+00   -1.1289610170E-01    1.1959815993E+02    1.9898261471E-02
    8.4399800000E-04    1.1901770367E+00   -2.6548845944E-01    1.2004224959E+02    2.3890150767E-02
    8.4799800000E-04    1.0859581069E+00   -3.5772880028E-01    1.2055745851E+02    2.7728669793E-02
    8.5199800000E-04    9.5533590223E-01   -3.4657297392E-01    1.2115600093E+02    2.9955864419E-02
    8.5599800000E-04    8.6226424758E-01   -2.3227390271E-01    1.2182505372E+02    3.0219170020E-02
    8.5999800000E-04    8.5337177362E-01   -6.7927266596E-02    1.2251817088E+02    2.8920021910E-02
    8.6399800000E-04    9.2090554824E-01    7.5891772533E-02    1.2318344080E+02    2.5840640433E-02
    8.6799800000E-04    1.0159380799E+00    1.5088126463E-01    1.2379389819E+02    2.2086655741E-02
    8.7199800000E-04    1.0963488071E+00    1.5892754816E-01    1.2433825448E+02    2.0707208680E-02
    8.7599800000E-04    1.1506785688E+00    1.2967783899E-01    1.2482124460E+02    2.2857772626E-02
    8.7999800000E-04    1.1830369725E+00    8.8642839187E-02    1.2525539053E+02    2.7506630678E-02
    8.8399800000E-04    1.1970366150E+00    4.8050029882E-02    1.2565905314E+02    3.0956647853E-02
    8.8799800000E-04    1.1929222501E+00    2.5776231707E-03    1.2605714514E+02    3.1142494468E-02
    8.9199800000E-04    1.1740581396E+00   -4.7507942675E-02    1.2647665700E+02    2.9252867636E-02
    8.9599800000E-04    1.1356176308E+00   -9.1051983103E-02    1.2693813966E+02    2.9312442000E-02
    8.9999800000E-04    1.0696123692E+00   -1.0904009768E-01    1.2745625670E+02    3.2773411945E-02
    9.0399800000E-04    9.8119232977E-01   -6.5660144902E-02    1.2804130959E+02    3.8694631059E-02
    9.0799800000E-04    9.0096735618E-01    5.4437429430E-02    1.2868335100E+02    4.4296416199E-02
    9.1199800000E-04    8.8292694759E-01    2.1199444945E-01    1.2936234058E+02    4.7055204765E-02
    9.1599800000E-04    9.5402889651E-01    3.3561968961E-01    1.3003599012E+02    4.6977390417E-02
    9.1999800000E-04    1.0796684470E+00    3.5927732230E-01    1.3064979723E+02    4.3494588188E-02
    9.2399800000E-04    1.1891235193E+00    2.6837809841E-01    1.3117901356E+02    3.7084923739E-02
    9.2799800000E-04    1.2441459321E+00    1.0472270871E-01    1.3162976851E+02    3.0596755980E-02
    9.3199800000E-04    1.2507950855E+00   -8.2980783379E-02    1.3203600033E+02    2.9167353875E-02
    9.3599800000E-04    1.2121210899E+00   -2.5468494872E-01    1.3246842099E+02    3.3380822578E-02
    9.3999800000E-04    1.1150662410E+00   -3.7061552694E-01    1.3296845562E+02    3.7655256065E-02
    9.4399800000E-04    9.7738137336E-01   -3.8593086367E-01    1.3355171814E+02    4.0077618024E-02
    9.4799800000E-04    8.6203919303E-01   -2.8820775223E-01    1.3421327581E+02    4.0307928238E-02
    9.5199800000E-04    8.3024598184E-01   -1.2320911877E-01    1.3491251192E+02    3.9094080341E-02
    9.5599800000E-04    8.8991344339E-01    3.4107174176E-02    1.3558927202E+02    3.6959463391E-02
    9.5999800001E-04    9.9098730003E-01    1.2471158880E-01    1.3621040137E+02    3.3998651894E-02
    9.6399800001E-04    1.0769112686E+00    1.4628651252E-01    1.3676613965E+02    3.2817388637E-02
    9.6799800001E-04    1.1346623338E+00    1.2859192144E-01    1.3725981881E+02    3.5132631331E-02
    9.7199800001E-04    1.1702293453E+00    9.5916568905E-02    1.3770284391E+02    4.0809698782E-02
    9.7599800001E-04    1.1891456374E+00    6.5516793765E-02    1.3811135759E+02    4.5687123592E-02
    9.7999800001E-04    1.1905587645E+00    3.3577255303E-02    1.3850735089E+02    4.7638512322E-02
    9.8399800001E-04    1.1792039266E+00   -8.2244297447E-03    1.3891452735E+02    4.5813985721E-02
    9.8799800001E-04    1.1526956909E+00   -4.8749736318E-02    1.3935578945E+02    4.4511980617E-02
    9.9199800001E-04    1.1024386139E+00   -7.5679967720E-02    1.3984594353E+02    4.6258399646E-02
    9.9599800001E-04    1.0201238641E+00   -6.4794783116E-02    1.4039831186E+02    5.1214515233E-02
    9.9999800001E-04    9.2036541798E-01    2.1285285956E-02    1.4101509004E+02    5.7242979299E-02
    1.0039980000E-03    8.6466105818E-01    1.7398831745E-01    1.4168389164E+02    6.1024154804E-02
    1.0079980000E-03    9.0534986905E-01    3.2501303401E-01    1.4237240133E+02    6.2518951201E-02
    1.0119980000E-03    1.0269498250E+00    3.9484877016E-01    1.4301945197E+02    6.0831508190E-02
    1.0159980000E-03    1.1575281195E+00    3.4218348873E-01    1.4358594247E+02    5.5114219528E-02
    1.0199980000E-03    1.2375299229E+00    1.9190411040E-01    1.4406776171E+02    4.7484351335E-02
    1.0239980000E-03    1.2605465027E+00   -6.7064547191E-03    1.4448494938E+02    4.2772580345E-02
    1.0279980000E-03    1.2387820620E+00   -2.0457732297E-01    1.4490189833E+02    4.6958315542E-02
    1.0319980000E-03    1.1591694202E+00   -3.5453499624E-01    1.4538136286E+02    5.3496190755E-02
    1.0359980000E-03    1.0253267129E+00   -4.0996501516E-01    1.4594350725E+02    5.8147706085E-02
    1.0399980000E-03    8.9351740810E-01   -3.4313817741E-01    1.4658865653E+02    5.9451153138E-02
    1.0439980000E-03    8.3789899251E-01   -1.8948343222E-01    1.4728339391E+02    5.8282207663E-02
    1.0479980000E-03    8.8447654214E-01   -2.6278528200E-02    1.4796417083E+02    5.5730283630E-02
    1.0519980000E-03    9.8895284559E-01    7.3037256004E-02    1.4859080161E+02    5.1896819875E-02
    1.0559980000E-03    1.0794536152E+00    9.5744590791E-02    1.4915229825E+02    4.8616438661E-02
    1.0599980000E-03    1.1357063038E+00    7.9168745568E-02    1.4965116379E+02    4.8472253928E-02
    1.0639980000E-03    1.1678365079E+00    4.5883281984E-02    1.5009922536E+02    5.1926764365E-02
    1.0679980000E-03    1.1846865748E+00    1.1570112474E-02    1.5051017348E+02    5.6518148673E-02
    1.0719980000E-03    1.1879733407E+00   -1.3062695773E-02    1.5090547693E+02    5.6879373985E-02
    1.0759980000E-03    1.1752037503E+00   -4.2061141855E-02    1.5130753498E+02    5.3475910858E-02
    1.0799980000E-03    1.1489378589E+00   -7.6880168241E-02    1.5173886649E+02    4.8371433754E-02
    1.0839980000E-03    1.1026756199E+00   -1.0105352153E-01    1.5221642559E+02    4.6559259669E-02
    1.0879980000E-03    1.0259374932E+00   -9.6906397993E-02    1.5275217453E+02    4.8244636177E-02
    1.0919980000E-03    9.2057225312E-01   -3.0326067588E-02    1.5335390232E+02    5.1969097031E-02
    1.0959980000E-03    8.4172959726E-01    1.1439550979E-01    1.5401621588E+02    5.4753321018E-02
    1.0999980000E-03    8.5444519061E-01    2.8327556079E-01    1.5471393677E+02    5.6475514040E-02
    1.1039980000E-03    9.6210897967E-01    3.9511240020E-01    1.5538699351E+02    5.6428429732E-02
    1.1079980000E-03    1.1049189653E+00    3.9271378846E-01    1.5598567931E+02    5.3443225422E-02
    1.1119980000E-03    1.2112480744E+00    2.7882867972E-01    1.5649868846E+02    4.7781995172E-02
    1.1159980000E-03    1.2560250356E+00    9.8010222308E-02    1.5693850958E+02    4.1908107978E-02
    1.1199980000E-03    1.2526254316E+00   -1.0432990501E-01    1.5734476939E+02    4.2725918153E-02
    1.1239980000E-03    1.1996346320E+00   -2.8079265098E-01    1.5779377541E+02    4.9977204743E-02
    1.1279980000E-03    1.0879985716E+00   -3.8183427820E-01    1.5832161830E+02    5.6977078989E-02
    1.1319980000E-03    9.5413964069E-01   -3.6463847660E-01    1.5893535179E+02    6.0550475566E-02
    1.1359980000E-03    8.7360696140E-01   -2.4131806791E-01    1.5961202533E+02    6.0331061452E-02
    1.1399980000E-03    8.9029547525E-01   -8.0375243576E-02    1.6029460443E+02    5.7481697522E-02
    1.1439980000E-03    9.7878083764E-01    3.9880986033E-02    1.6093558664E+02    5.2037722216E-02
    1.1479980000E-03    1.0715323291E+00    8.0586564146E-02    1.6151759253E+02    4.6004731271E-02
    1.1519980000E-03    1.1355397695E+00    6.4659834561E-02    1.6203362246E+02    4.2555857580E-02
    1.1559980000E-03    1.1711993470E+00    2.7094028702E-02    1.6249463732E+02    4.2500172965E-02
    1.1599980000E-03    1.1883298920E+00   -1.7247652727E-02    1.6291431901E+02    4.4308104100E-02
    1.1639980000E-03    1.1925676077E+00   -5.5872970082E-02    1.6331216477E+02    4.4300844050E-02
    1.1679980000E-03    1.1809150896E+00   -8.6572911221E-02    1.6371309833E+02    4.0300830940E-02
    1.1719980000E-03    1.1517977390E+00   -1.2037326647E-01    1.6414002638E+02    3.4528395150E-02
    1.1759980000E-03    1.1031691633E+00   -1.4745337382E-01    1.6461223253E+02    3.0690200985E-02
    1.1799980000E-03    1.0285086260E+00   -1.4497547448E-01    1.6514265280E+02    3.0559246445E-02
    1.1839980000E-03    9.2979300370E-01   -8.4485429690E-02    1.6573876076E+02    3.3243885229E-02
    1.1879980000E-03    8.4646370287E-01    5.0361930353E-02    1.6639560809E+02    3.5851011448E-02
    1.1919980000E-03    8.3865851392E-01    2.2090358741E-01    1.6709171956E+02    3.7435654460E-02
    1.1959980000E-03    9.2401361567E-01    3.5369277517E-01    1.6777502669E+02    3.7867422845E-02
    1.1999980000E-03    1.0602530360E+00    3.8694337931E-01    1.6839192086E+02    3.6418667981E-02
    1.2039980000E-03    1.1781918494E+00    3.0826787806E-01    1.6892443460E+02    3.2877525214E-02
    1.2079980000E-03    1.2398504386E+00    1.5647579919E-01    1.6938174092E+02    2.8415698768E-02
    1.2119980000E-03    1.2507074321E+00   -2.6218100768E-02    1.6979041397E+02    2.6870866979E-02
    1.2159980000E-03    1.2181834144E+00   -2.0301610704E-01    1.7021531722E+02    3.1825930253E-02
    1.2199980000E-03    1.1309174237E+00   -3.2968462210E-01    1.7070852844E+02    3.8446386724E-02
    1.2239980000E-03    1.0050618607E+00   -3.5678281305E-01    1.7128651703E+02    4.3338646425E-02
    1.2279980000E-03    9.0322669048E-01   -2.7010092476E-01    1.7193923791E+02    4.4802441142E-02
    1.2319980000E-03    8.8247292224E-01   -1.1795921244E-01    1.7262284597E+02    4.3361746566E-02
    1.2359980000E-03    9.4101871791E-01    2.6394856248E-02    1.7328458750E+02    3.8957253601E-02
    1.2399980000E-03    1.0305862644E+00    1.0539494704E-01    1.7389784631E+02    3.2940505412E-02
    1.2439980000E-03    1.1090303442E+00    1.1022434299E-01    1.7444584820E+02    2.8239906323E-02
    1.2479980000E-03    1.1596309949E+00    7.4253900298E-02    1.7493089880E+02    2.6846442241E-02
    1.2519980000E-03    1.1867775804E+00    2.4832117534E-02    1.7536726502E+02    2.8382952803E-02
    1.2559980000E-03    1.1977884574E+00   -2.4369388094E-02    1.7577166783E+02    2.9791711378E-02
    1.2599980000E-03    1.1921404236E+00   -6.7213707411E-02    1.7616984875E+02    2.7623376240E-02
    1.2639980000E-03    1.1676061643E+00   -1.1012711787E-01    1.7658848569E+02    2.3371810498E-02
    1.2679980000E-03    1.1233918064E+00   -1.4830212401E-01    1.7704956164E+02    2.0089543231E-02
    1.2719980000E-03    1.0538834722E+00   -1.6027453330E-01    1.7756723246E+02    2.0318962972E-02
    1.2759980000E-03    9.6192565070E-01   -1.1649965522E-01    1.7815097026E+02    2.3579133273E-02
    1.2799980000E-03    8.7754708669E-01    1.9176035163E-03    1.7879567438E+02    2.7473086866E-02
    1.2839980000E-03    8.5114628381E-01    1.6507737291E-01    1.7948126647E+02    2.9516944347E-02
    1.2879980000E-03    9.1148946544E-01    3.0735314495E-01    1.8016621221E+02    2.9861837215E-02
    1.2919980000E-03    1.0338464756E+00    3.6360784831E-01    1.8079640545E+02    2.8346783681E-02
    1.2959980000E-03    1.1540050626E+00    3.0940073535E-01    1.8134487954E+02    2.4891137710E-02
    1.2999980000E-03    1.2258521185E+00    1.7603092964E-01    1.8181522501E+02    2.0647748976E-02
    1.3039980000E-03    1.2466886809E+00    8.3439475586E-03    1.8222974811E+02    1.8153767375E-02
    1.3079980000E-03    1.2264923500E+00   -1.6087167233E-01    1.8264316646E+02    2.0966919627E-02
    1.3119980000E-03    1.1560229920E+00   -2.9694416666E-01    1.8311297843E+02    2.6087791575E-02
    1.3159980000E-03    1.0385806919E+00   -3.5258994802E-01    1.8366243477E+02    3.0569583494E-02
    1.3199980000E-03    9.2171505071E-01   -2.9681267934E-01    1.8429280810E+02    3.2722862242E-02
    1.3239980000E-03    8.6881265692E-01   -1.5682566178E-01    1.8497387103E+02    3.2460460185E-02
    1.3279980000E-03    8.9924547730E-01    1.1519760884E-03    1.8565235437E+02    2.9759053556E-02
    1.3319980000E-03    9.8186669175E-01    1.1239755162E-01    1.8629104120E+02    2.4985719470E-02
    1.3359980000E-03    1.0703021064E+00    1.4725840139E-01    1.8686889787E+02    2.0673382637E-02
    1.3399980000E-03    1.1359366777E+00    1.2614143225E-01    1.8738014978E+02    1.9218804814E-02
    1.3439980000E-03    1.1757118909E+00    8.0998782536E-02    1.8783615446E+02    2.1140218576E-02
    1.3479980000E-03    1.1961513951E+00    3.1424614940E-02    1.8825143162E+02    2.4210600704E-02
    1.3519980000E-03    1.1985803614E+00   -1.5661185127E-02    1.8864916000E+02    2.4635998655E-02
    1.3559980000E-03    1.1825628182E+00   -6.5162919936E-02    1.8905758843E+02    2.2141008163E-02
    1.3599980000E-03    1.1485126038E+00   -1.1318108178E-01    1.8950207129E+02    1.9725536276E-02
    1.3639980000E-03    1.0899090843E+00   -1.4308601194E-01    1.8999837836E+02    2.0523079975E-02
    1.3679980000E-03    1.0056609506E+00   -1.2547761852E-01    1.9055953267E+02    2.4461719538E-02
    1.3719980000E-03    9.1805362529E-01   -3.2283534174E-02    1.9118486341E+02    2.9487019781E-02
    1.3759980000E-03    8.7077535151E-01    1.1931834146E-01    1.9185559871E+02    3.2897383141E-02
    1.3799980000E-03    9.0321888810E-01    2.6961847554E-01    1.9254038479E+02    3.3724717528E-02
    1.3839980000E-03    1.0096022258E+00    3.4938091319E-01    1.9318659404E+02    3.2124765995E-02
    1.3879980000E-03    1.1325749232E+00    3.1829326408E-01    1.9375594930E+02    2.7949359140E-02
    1.3919980000E-03    1.2155689942E+00    1.9562826206E-01    1.9424288969E+02    2.2645912015E-02
    1.3959980000E-03    1.2460456448E+00    2.9511264345E-02    1.9466559356E+02    1.8800825443E-02
    1.3999980000E-03    1.2348039420E+00   -1.4168349255E-01    1.9507372205E+02    2.0222915472E-02
    1.4039980000E-03    1.1752915106E+00   -2.8662710744E-01    1.9552896837E+02    2.4364542685E-02
    1.4079980000E-03    1.0631416739E+00   -3.6296485016E-01    1.9605866991E+02    2.8039316442E-02
    1.4119980000E-03    9.3455597384E-01   -3.3158144165E-01    1.9667162790E+02    2.9939053493E-02
    1.4159980000E-03    8.5503694997E-01   -2.0352999121E-01    1.9734899548E+02    2.9924961372E-02
    1.4199980000E-03    8.6215375318E-01   -3.8125431355E-02    1.9803996416E+02    2.8333232320E-02
    1.4239980000E-03    9.3838957838E-01    9.5448839139E-02    1.9869665837E+02    2.4876731144E-02
    1.4279980000E-03    1.0328595219E+00    1.5655452799E-01    1.9929562278E+02    2.1303626011E-02
    1.4319980000E-03    1.1085883217E+00    1.5533254827E-01    1.9982816308E+02    2.0450719839E-02
    1.4359980000E-03    1.1584193896E+00    1.2180062037E-01    2.0030132616E+02    2.3160950763E-02
    1.4399980000E-03    1.1873596809E+00    7.9945840102E-02    2.0072829504E+02    2.7751668433E-02
    1.4439980000E-03    1.1977256440E+00    3.8684474361E-02    2.0112902930E+02    3.0716108245E-02
    1.4479980000E-03    1.1906305501E+00   -8.5579152147E-03    2.0152922656E+02    3.0142171475E-02
    1.4519980000E-03    1.1684279775E+00   -5.8618575143E-02    2.0195563647E+02    2.8334230196E-02
    1.4559980000E-03    1.1249867448E+00   -9.9423417216E-02    2.0242698049E+02    2.8973351602E-02
    1.4599980000E-03    1.0533256992E+00   -1.0860353138E-01    2.0295782676E+02    3.3031754835E-02
    1.4639980000E-03    9.6342637265E-01   -4.9921676342E-02    2.0355550162E+02    3.9085604720E-02
    1.4679980000E-03    8.9115193512E-01    8.2021879362E-02    2.0420657584E+02    4.4227387793E-02
    1.4719980000E-03    8.8975369477E-01    2.3898552355E-01    2.0488884517E+02    4.6409151475E-02
    1.4759980000E-03    9.7557528387E-01    3.4782508943E-01    2.0555465534E+02    4.5741058101E-02
    1.4799980000E-03    1.1030906300E+00    3.4903668344E-01    2.0615321720E+02    4.1586162547E-02
    1.4839980000E-03    1.2033947266E+00    2.4096634383E-01    2.0666637943E+02    3.4985469294E-02
    1.4879980000E-03    1.2481376459E+00    7.0075221811E-02    2.0710489333E+02    2.9016167753E-02
    1.4919980000E-03    1.2470795638E+00   -1.1653243568E-01    2.0751051951E+02    2.8992186045E-02
    1.4959980000E-03    1.1984252161E+00   -2.8039265121E-01    2.0795351438E+02    3.3445538397E-02
    1.4999980000E-03    1.0913365783E+00   -3.8081529339E-01    2.0846780963E+02    3.7424473284E-02
    1.5039980000E-03    9.5261016339E-01   -3.7442542724E-01    2.0906638424E+02    3.9398609286E-02
    1.5079980000E-03    8.4935350511E-01   -2.5978607069E-01    2.0973881259E+02    3.9305419113E-02
    1.5119980000E-03    8.3540535237E-01   -9.0608264082E-02    2.1043798864E+02    3.7919384986E-02
    1.5159980000E-03    9.0711001659E-01    5.7734609502E-02    2.1110631307E+02    3.5605699720E-02
    1.5199980000E-03    1.0082167893E+00    1.3457737411E-01    2.1171635646E+02    3.2705092588E-02
    1.5239980000E-03    1.0890438073E+00    1.4712365201E-01    2.1226064888E+02    3.2106065695E-02
    1.5279980000E-03    1.1425469498E+00    1.2491200776E-01    2.1274452230E+02    3.5127099465E-02
    1.5319980000E-03    1.1751344914E+00    9.1600255737E-02    2.1318004085E+02    4.1000739509E-02
    1.5359980000E-03    1.1909073100E+00    6.1638100255E-02    2.1358476221E+02    4.5498986779E-02
    1.5399980000E-03    1.1897015236E+00    2.7031295390E-02    2.1398107593E+02    4.6568553941E-02
    1.5439980000E-03    1.1759817070E+00   -1.6090475301E-02    2.1439325263E+02    4.4663645506E-02
    1.5479980000E-03    1.1457761480E+00   -5.5370551862E-02    2.1484289479E+02    4.3903343124E-02
    1.5519980000E-03    1.0896830889E+00   -7.8230749670E-02    2.1534398583E+02    4.6393634414E-02
    1.5559980000E-03    1.0020445843E+00   -5.5368175818E-02    2.1590935816E+02    5.1876253798E-02
    1.5599980000E-03    9.0526442152E-01    4.6365570983E-02    2.1653714400E+02    5.7711357714E-02
    1.5639980000E-03    8.6589239399E-01    2.0468945865E-01    2.1721312733E+02    6.1093273491E-02
    1.5679980000E-03    9.2509416686E-01    3.4544148507E-01    2.1789812101E+02    6.2072337169E-02
    1.5719980000E-03    1.0541990460E+00    3.9281539201E-01    2.1853129634E+02    5.9583252425E-02
    1.5759980000E-03    1.1776937236E+00    3.1773563533E-01    2.1908081660E+02    5.3215986734E-02
    1.5799980000E-03    1.2456400374E+00    1.5448446315E-01    2.1954777290E+02    4.5601270574E-02
    1.5839980000E-03    1.2596862838E+00   -4.7311148277E-02    2.1995820659E+02    4.2474785299E-02
    1.5879980000E-03    1.2282114741E+00   -2.3902026519E-01    2.2038424654E+02    4.7699717104E-02
    1.5919980000E-03    1.1364418067E+00   -3.7419360849E-01    2.2087841461E+02    5.3953157460E-02
    1.5959980000E-03    9.9698108501E-01   -4.0652196311E-01    2.2145705392E+02    5.7904067330E-02
    1.5999980000E-03    8.7433968996E-01   -3.1850800961E-01    2.2211558671E+02    5.8609856172E-02
    1.6039980000E-03    8.3779739015E-01   -1.5626175084E-01    2.2281304929E+02    5.7150957013E-02
    1.6079980000E-03    9.0026871273E-01    1.0179120350E-05    2.2348604014E+02    5.4467261781E-02
    1.6119980000E-03    1.0067058436E+00    8.4149231474E-02    2.2410150657E+02    5.0568696942E-02
    1.6159980000E-03    1.0909854450E+00    9.7348616241E-02    2.2465111648E+02    4.7930691312E-02
    1.6199980000E-03    1.1422757382E+00    7.6979649876E-02    2.2514004081E+02    4.8603741126E-02
    1.6239980000E-03    1.1714180573E+00    4.2516638878E-02    2.2558024127E+02    5.2815257955E-02
    1.6279980000E-03    1.1863775994E+00    1.0296961214E-02    2.2598670011E+02    5.7006595774E-02
    1.6319980000E-03    1.1866642593E+00   -1.3496770460E-02    2.2638162877E+02    5.6955130895E-02
    1.6359980000E-03    1.1718240607E+00   -4.4825206040E-02    2.2678731275E+02    5.2813988320E-02
    1.6399980000E-03    1.1429412203E+00   -7.9233208560E-02    2.2722602228E+02    4.8293006666E-02
    1.6439980000E-03    1.0923289322E+00   -1.0006206443E-01    2.2771310358E+02    4.7316677924E-02
    1.6479980000E-03    1.0092604719E+00   -8.8172861946E-02    2.2826046751E+02    4.9691335082E-02
    1.6519980000E-03    9.0278317756E-01   -6.8865446729E-03    2.2887376668E+02    5.3491243493E-02
    1.6559980000E-03    8.3721352686E-01    1.4778635721E-01    2.2954525556E+02    5.6147238729E-02
    1.6599980000E-03    8.6943477526E-01    3.1183737233E-01    2.3024330060E+02    5.7643836909E-02
    1.6639980000E-03    9.8961702247E-01    4.0484002326E-01    2.3090485771E+02    5.7093544341E-02
    1.6679980000E-03    1.1301341765E+00    3.7852763255E-01    2.3148736446E+02    5.3397415059E-02
    1.6719980000E-03    1.2249071204E+00    2.4768816477E-01    2.3198515298E+02    4.7330565844E-02
    1.6759980000E-03    1.2589785185E+00    5.8365241565E-02    2.3241380122E+02    4.1974249498E-02
    1.6799980000E-03    1.2471520895E+00   -1.4346803540E-01    2.3282293278E+02    4.4639251439E-02
    1.6839980000E-03    1.1824061158E+00   -3.0954622364E-01    2.3328602469E+02    5.2213801783E-02
    1.6879980000E-03    1.0613691276E+00   -3.9013046865E-01    2.3383103806E+02    5.8749312073E-02
    1.6919980000E-03    9.3127534228E-01   -3.4888192362E-01    2.3446026305E+02    6.1477797330E-02
    1.6959980000E-03    8.6791622802E-01   -2.1152175721E-01    2.3514362042E+02    6.0653955524E-02
    1.6999980000E-03    9.0284694583E-01   -5.2542145485E-02    2.3582090073E+02    5.7354043040E-02
    1.7039980000E-03    9.9790402168E-01    5.3060814520E-02    2.3645140841E+02    5.1526167066E-02
    1.7079980000E-03    1.0864979600E+00    7.9333190700E-02    2.3702024060E+02    4.5877444555E-02
    1.7119980000E-03    1.1441772357E+00    5.7403549881E-02    2.3752428926E+02    4.3145063240E-02
    1.7159980000E-03    1.1754201823E+00    1.8093515050E-02    2.3797614617E+02    4.3700119688E-02
    1.7199980000E-03    1.1897470296E+00   -2.5650634436E-02    2.3838973663E+02    4.5540581201E-02
    1.7239980000E-03    1.1914801665E+00   -6.1455405613E-02    2.3878631175E+02    4.4661248732E-02
    1.7279980000E-03    1.1763739186E+00   -9.1814357353E-02    2.3919038776E+02    4.0238696610E-02
    1.7319980000E-03    1.1442380044E+00   -1.2538896213E-01    2.3962450140E+02    3.4392117049E-02
    1.7359980000E-03    1.0913939309E+00   -1.4858707237E-01    2.4010654347E+02    3.1230837786E-02
    1.7399980000E-03    1.0115153730E+00   -1.3775118939E-01    2.4064871733E+02    3.1710143969E-02
    1.7439980000E-03    9.1090513887E-01   -6.3519095505E-02    2.4125668296E+02    3.4598088185E-02
    1.7479980000E-03    8.3723771419E-01    8.2689335239E-02    2.4192323918E+02    3.6964648225E-02
    1.7519980000E-03    8.4739242157E-01    2.5226688421E-01    2.4262201835E+02    3.8375055855E-02
    1.7559980000E-03    9.4752088384E-01    3.7020067511E-01    2.4329637128E+02    3.8525086053E-02
    1.7599980000E-03    1.0857838903E+00    3.8144344202E-01    2.4389806497E+02    3.6660286324E-02
    1.7639980000E-03    1.1947558172E+00    2.8500310700E-01    2.4441542179E+02    3.2796643379E-02
    1.7679980000E-03    1.2456639581E+00    1.2370178977E-01    2.4486084540E+02    2.8374478332E-02
    1.7719980000E-03    1.2485150937E+00   -6.1668847006E-02    2.4526671915E+02    2.8095149454E-02
    1.7759980000E-03    1.2061981929E+00   -2.3339042225E-01    2.4570242236E+02    3.3854242669E-02
    1.7799980000E-03    1.1084385976E+00   -3.4498221557E-01    2.4621160091E+02    4.0434206274E-02
    1.7839980000E-03    9.8114780837E-01   -3.4916210425E-01    2.4680614470E+02    4.4731280509E-02
    1.7879980000E-03    8.9215755750E-01   -2.4438252488E-01    2.4746953299E+02    4.5567262908E-02
    1.7919980000E-03    8.8911613251E-01   -8.8073967322E-02    2.4815230771E+02    4.3548697031E-02
    1.7959980000E-03    9.5865027037E-01    4.6691046901E-02    2.4880576221E+02    3.8562737722E-02
    1.7999980000E-03    1.0485732303E+00    1.0959381067E-01    2.4940685267E+02    3.2525069021E-02
    1.8039980000E-03    1.1217877925E+00    1.0303206756E-01    2.4994127235E+02    2.8345407597E-02
    1.8079980000E-03    1.1667871965E+00    6.2925315308E-02    2.5041539669E+02    2.7573514962E-02
    1.8119980000E-03    1.1900604069E+00    1.2747556670E-02    2.5084378081E+02    2.9365626896E-02
    1.8159980000E-03    1.1979849977E+00   -3.5119119630E-02    2.5124474042E+02    3.0132359996E-02
    1.8199980000E-03    1.1885094063E+00   -7.7021025862E-02    2.5164495381E+02    2.7352259808E-02
    1.8239980000E-03    1.1603857908E+00   -1.1945723624E-01    2.5207042599E+02    2.2855127376E-02
    1.8279980000E-03    1.1115424288E+00   -1.5418756935E-01    2.5254150319E+02    2.0099802793E-02
    1.8319980000E-03    1.0368565769E+00   -1.5758538742E-01    2.5307152724E+02    2.0899768852E-02
    1.8359980000E-03    9.4283929318E-01   -9.9548048899E-02    2.5366801952E+02    2.4466944140E-02
    1.8399980000E-03    8.6527063199E-01    3.1523529521E-02    2.5432271964E+02    2.8043133707E-02
    1.8439980000E-03    8.5480034479E-01    1.9659898606E-01    2.5501273412E+02    2.9712167251E-02
    1.8479980000E-03    9.3097524831E-01    3.2708759630E-01    2.5569137911E+02    2.9762005158E-02
    1.8519980000E-03    1.0584999220E+00    3.6258162410E-01    2.5630718806E+02    2.7897630283E-02
    1.8559980000E-03    1.1719196412E+00    2.8977803878E-01    2.5683991529E+02    2.4232345414E-02
    1.8599980000E-03    1.2333664950E+00    1.4674016678E-01    2.5729753023E+02    2.0062095253E-02
    1.8639980000E-03    1.2461469330E+00   -2.3659269559E-02    2.5770649966E+02    1.8447516153E-02
    1.8679980000E-03    1.2174572865E+00   -1.9006343810E-01    2.5812748803E+02    2.2100662660E-02
    1.8719980000E-03    1.1365946462E+00   -3.1494157025E-01    2.5861140984E+02    2.7328302067E-02
    1.8759980000E-03    1.0143621397E+00   -3.5025110221E-01    2.5917727746E+02    3.1524115031E-02
    1.8799980000E-03    9.0578829573E-01   -2.7447572211E-01    2.5982086956E+02    3.3209568084E-02
    1.8839980000E-03    8.6954188887E-01   -1.2560495011E-01    2.6050539188E+02    3.2494681902E-02
    1.8879980000E-03    9.1385325099E-01    2.7559905158E-02    2.6117790269E+02    2.9237687953E-02
    1.8919980000E-03    1.0007896994E+00    1.2430591031E-01    2.6180596596E+02    2.4283646944E-02
    1.8959980000E-03    1.0860366506E+00    1.4512787629E-01    2.6237037188E+02    2.0314106282E-02
    1.8999980000E-03    1.1460847394E+00    1.1683990634E-01    2.6286953263E+02    1.9442586290E-02
    1.9039980000E-03    1.1813093536E+00    6.9351283562E-02    2.6331619778E+02    2.1828841785E-02
    1.9079980000E-03    1.1982441955E+00    1.9875656257E-02    2.6372585693E+02    2.4475208282E-02
    1.9119980000E-03    1.1967352835E+00   -2.7296655634E-02    2.6412351895E+02    2.4259730800E-02
    1.9159980000E-03    1.1771982547E+00   -7.7103614772E-02    2.6453749631E+02    2.1312976565E-02
    1.9199980000E-03    1.1385869384E+00   -1.2302832101E-01    2.6499139404E+02    1.9356127968E-02
    1.9239980000E-03    1.0742711646E+00   -1.4606210288E-01    2.6549992356E+02    2.0752660152E-02
    1.9279980000E-03    9.8654864015E-01   -1.1447149231E-01    2.6607486271E+02    2.5059302575E-02
    1.9319980000E-03    9.0295600436E-01   -6.3414268280E-03    2.6671124353E+02    2.9917000059E-02
    1.9359980000E-03    8.6945074741E-01    1.5067557961E-01    2.6738836760E+02    3.2761841354E-02
    1.9399980000E-03    9.1884917252E-01    2.9252056034E-01    2.6807017135E+02    3.3115894056E-02
    1.9439980000E-03    1.0341380059E+00    3.5223175043E-01    2.6870328252E+02    3.1026508966E-02
    1.9479980000E-03    1.1526031009E+00    3.0026478519E-01    2.6925601851E+02    2.6538207828E-02
    1.9519980000E-03    1.2250396202E+00    1.6591502644E-01    2.6972851241E+02    2.1335154391E-02
    1.9559980000E-03    1.2467760470E+00   -3.1613399161E-03    2.7014320547E+02    1.8326337740E-02
    1.9599980000E-03    1.2274341543E+00   -1.7158243330E-01    2.7055664203E+02    2.0663475989E-02
    1.9639980000E-03    1.1573972723E+00   -3.0686549704E-01    2.7102468919E+02    2.4869781785E-02
    1.9679980000E-03    1.0381301347E+00   -3.6456940420E-01    2.7157030889E+02    2.8323948776E-02
    1.9719980000E-03    9.1429281569E-01   -3.1198974470E-01    2.7219803880E+02    2.9868231575E-02
    1.9759980000E-03    8.5061018459E-01   -1.7150461995E-01    2.7288228573E+02    2.9564118228E-02
    1.9799980000E-03    8.7405750219E-01   -7.5205103352E-03    2.7356920232E+02    2.7617693484E-02
    1.9839980000E-03    9.5753383909E-01    1.1358721714E-01    2.7421605112E+02    2.3826172147E-02
    1.9879980000E-03    1.0501340861E+00    1.6026007674E-01    2.7480235981E+02    2.0557003947E-02
    1.9919980000E-03    1.1207213773E+00    1.5019021205E-01    2.7532251512E+02    2.0289280109E-02
    1.9959980000E-03    1.1659183772E+00    1.1296915043E-01    2.7578560205E+02    2.3552078614E-02
    1.9999980000E-03    1.1912690092E+00    7.0534588494E-02    2.7620561423E+02    2.7920773343E-02
