 sig=    1.000000000000000      inputfile=
 /home/rjrj524/Finished/vmec_gc_tracer/revised_251128/nc/wout_pwO_nfp2_A6.nc                                                                                                                             
 dt=   2.0000000000000001E-009
 steps=      1000000
 x0=   4.0000000000000001E-002    3.080000000000000      
    6.410000000000000     
 u=   -87800.00000000000     
 v_perp=    88900.00000000000     
 
time(s)         x0(1)       x0(2)        x0(3)      r
    3.9980000000E-06    1.2548561147E+00    1.0609290083E-01    6.1636650783E+00    3.9731310326E-02
    7.9980000000E-06    1.2295738959E+00    2.3389777994E-01    5.9076209583E+00    3.8340375022E-02
    1.1998000000E-05    1.1779732229E+00    3.3950750837E-01    5.6328374283E+00    3.7232565708E-02
    1.5998000000E-05    1.0983186567E+00    4.1366465938E-01    5.3347977047E+00    3.6877037919E-02
    1.9998000000E-05    9.9553976966E-01    4.4616173741E-01    5.0104322046E+00    3.7355893741E-02
    2.3998000000E-05    8.8310280885E-01    4.3031540418E-01    4.6575073160E+00    3.8391387397E-02
    2.7998000000E-05    7.7788166834E-01    3.6724959976E-01    4.2741813318E+00    3.9403774087E-02
    3.1998000000E-05    6.9598868294E-01    2.6512470792E-01    3.8617265207E+00    4.0027661203E-02
    3.5998000000E-05    6.5201598502E-01    1.3809236479E-01    3.4285574117E+00    3.9926985230E-02
    3.9998000000E-05    6.5125020528E-01    3.2785635575E-03    2.9910369531E+00    3.8981542741E-02
    4.3998000000E-05    6.8843908694E-01   -1.2430767753E-01    2.5652091620E+00    3.7225882732E-02
    4.7998000000E-05    7.5397275412E-01   -2.3201836781E-01    2.1605983473E+00    3.4916098495E-02
    5.1998000000E-05    8.3940194286E-01   -3.0866655314E-01    1.7819652290E+00    3.2225731602E-02
    5.5998000000E-05    9.3168382737E-01   -3.4887317086E-01    1.4297908998E+00    2.9467967259E-02
    5.9998000000E-05    1.0176139365E+00   -3.5558223107E-01    1.1021433275E+00    2.6781894807E-02
    6.3998000000E-05    1.0893056529E+00   -3.3803597420E-01    7.9623965599E-01    2.4367548077E-02
    6.7998000000E-05    1.1451418991E+00   -3.0398343169E-01    5.0835471795E-01    2.2208473490E-02
    7.1998000000E-05    1.1856379221E+00   -2.5542095052E-01    2.3505776003E-01    2.0229163635E-02
    7.5998000000E-05    1.2110649191E+00   -1.9332604193E-01   -2.6464262248E-02    1.8641068882E-02
    7.9998000000E-05    1.2218555884E+00   -1.2055632395E-01   -2.8016829735E-01    1.7507828195E-02
    8.3998000000E-05    1.2186086595E+00   -4.1579099496E-02   -5.3302554249E-01    1.6611231073E-02
    8.7998000000E-05    1.2011085503E+00    3.7984654864E-02   -7.9389707237E-01    1.5617147074E-02
    9.1998000000E-05    1.1679144722E+00    1.1057820891E-01   -1.0705351741E+00    1.4367070745E-02
    9.5998000000E-05    1.1178187820E+00    1.6623543921E-01   -1.3682556044E+00    1.2889372403E-02
    9.9998000000E-05    1.0535175529E+00    1.9315922181E-01   -1.6905284689E+00    1.1318958982E-02
    1.0399800000E-04    9.8375265982E-01    1.8321599521E-01   -2.0378898666E+00    9.8714571062E-03
    1.0799800000E-04    9.2095317555E-01    1.3678258173E-01   -2.4076355429E+00    8.7225897192E-03
    1.1199800000E-04    8.7685259836E-01    6.1900783991E-02   -2.7946358539E+00    7.9527086544E-03
    1.1599800000E-04    8.5988000225E-01   -2.8401729220E-02   -3.1918046613E+00    7.6220533933E-03
    1.1999800000E-04    8.7382076379E-01   -1.1853075671E-01   -3.5902564709E+00    7.7055005886E-03
    1.2399800000E-04    9.1689167302E-01   -1.9290121094E-01   -3.9801208477E+00    8.1836653640E-03
    1.2799800000E-04    9.8151528230E-01   -2.3784022310E-01   -4.3524223439E+00    9.0822908665E-03
    1.3199800000E-04    1.0554924610E+00   -2.4388687600E-01   -4.7009317427E+00    1.0432495929E-02
    1.3599800000E-04    1.1248155724E+00   -2.0930363208E-01   -5.0227740657E+00    1.2130528571E-02
    1.3999800000E-04    1.1790380238E+00   -1.4125198167E-01   -5.3187320441E+00    1.3939798574E-02
    1.4399800000E-04    1.2141552938E+00   -5.2042664252E-02   -5.5926367432E+00    1.5602968891E-02
    1.4799800000E-04    1.2310369335E+00    4.5993844279E-02   -5.8504148607E+00    1.6832395684E-02
    1.5199800000E-04    1.2312375409E+00    1.4250787544E-01   -6.1013173834E+00    1.7574545826E-02
    1.5599800000E-04    1.2144727694E+00    2.3018438385E-01   -6.3561985567E+00    1.8393943795E-02
    1.5999800000E-04    1.1791550059E+00    3.0346755150E-01   -6.6224661444E+00    1.9732747326E-02
    1.6399800000E-04    1.1247631118E+00    3.5798963233E-01   -6.9036772449E+00    2.1625051529E-02
    1.6799800000E-04    1.0521398936E+00    3.9118485898E-01   -7.2026015463E+00    2.4078030907E-02
    1.7199800000E-04    9.6317644538E-01    3.9862177392E-01   -7.5226560224E+00    2.6996543020E-02
    1.7599800000E-04    8.6390656210E-01    3.7240752621E-01   -7.8668632837E+00    3.0184483015E-02
    1.7999800000E-04    7.6677325130E-01    3.0718088445E-01   -8.2380129797E+00    3.3447091277E-02
    1.8399800000E-04    6.8681479358E-01    2.0570285079E-01   -8.6372572548E+00    3.6421748344E-02
    1.8799800000E-04    6.3501703886E-01    7.8609465133E-02   -9.0613515899E+00    3.8790256322E-02
    1.9199800000E-04    6.1919905832E-01   -6.0736014354E-02   -9.5017173678E+00    4.0159641960E-02
    1.9599800000E-04    6.4543942717E-01   -1.9882340088E-01   -9.9436167357E+00    4.0449572862E-02
    1.9999800000E-04    7.1321474832E-01   -3.1980992183E-01   -1.0369623150E+01    3.9723138851E-02
    2.0399800000E-04    8.1154116877E-01   -4.0749815252E-01   -1.0767976142E+01    3.8385467703E-02
    2.0799800000E-04    9.2469881014E-01   -4.5106714556E-01   -1.1135469210E+01    3.6768952562E-02
    2.1199800000E-04    1.0363239807E+00   -4.4673506998E-01   -1.1473594813E+01    3.5350409102E-02
    2.1599800000E-04    1.1311892721E+00   -3.9744997544E-01   -1.1784979143E+01    3.4673147709E-02
    2.1999800000E-04    1.1997407707E+00   -3.1191957699E-01   -1.2072161445E+01    3.4860689000E-02
    2.2399800000E-04    1.2403715394E+00   -1.9960706299E-01   -1.2338511123E+01    3.5773508770E-02
    2.2799800000E-04    1.2564042970E+00   -6.9320456119E-02   -1.2589434920E+01    3.6694266133E-02
    2.3199800000E-04    1.2513606671E+00    6.6560845576E-02   -1.2836446391E+01    3.6190372215E-02
    2.3599800000E-04    1.2244963611E+00    1.9297106071E-01   -1.3094158119E+01    3.4354739130E-02
    2.3999800000E-04    1.1725921913E+00    2.9702472877E-01   -1.3371974869E+01    3.2498953378E-02
    2.4399800000E-04    1.0953853868E+00    3.6788367074E-01   -1.3675107858E+01    3.1233947393E-02
    2.4799800000E-04    9.9966853740E-01    3.9502713694E-01   -1.4006730945E+01    3.0738213607E-02
    2.5199800000E-04    9.0031012508E-01    3.7379054250E-01   -1.4367756675E+01    3.0844000005E-02
    2.5599800000E-04    8.1458429122E-01    3.0889718012E-01   -1.4756857703E+01    3.1170510542E-02
    2.5999800000E-04    7.5798921220E-01    2.1154949336E-01   -1.5168000509E+01    3.1384218150E-02
    2.6399800000E-04    7.4125843930E-01    9.7604755552E-02   -1.5588632445E+01    3.1274064571E-02
    2.6799800000E-04    7.6523132782E-01   -1.5054058586E-02   -1.6003463610E+01    3.0876161327E-02
    2.7199800000E-04    8.2127413960E-01   -1.1037511689E-01   -1.6400927134E+01    3.0421563220E-02
    2.7599800000E-04    8.9655917400E-01   -1.7634825051E-01   -1.6775979358E+01    2.9918707629E-02
    2.7999800000E-04    9.7573980680E-01   -2.0790445229E-01   -1.7127215828E+01    2.9274239399E-02
    2.8399800000E-04    1.0463570880E+00   -2.0848479945E-01   -1.7454485765E+01    2.8415198117E-02
    2.8799800000E-04    1.1025833802E+00   -1.8720668721E-01   -1.7759232447E+01    2.7320769264E-02
    2.9199800000E-04    1.1443862711E+00   -1.5318750540E-01   -1.8044507647E+01    2.5904482642E-02
    2.9599800000E-04    1.1740338547E+00   -1.1213989140E-01   -1.8313864103E+01    2.4350092064E-02
    2.9999800000E-04    1.1928984136E+00   -6.7193742224E-02   -1.8571642039E+01    2.3097763010E-02
    3.0399800000E-04    1.2008475805E+00   -2.0162677420E-02   -1.8822842206E+01    2.2476368342E-02
    3.0799800000E-04    1.1976546918E+00    2.7827517807E-02   -1.9072817869E+01    2.2552465264E-02
    3.1199800000E-04    1.1836510908E+00    7.5366290188E-02   -1.9327101276E+01    2.3431885698E-02
    3.1599800000E-04    1.1591615741E+00    1.2025168304E-01   -1.9591170646E+01    2.4774803204E-02
    3.1999800000E-04    1.1231527713E+00    1.5932723409E-01   -1.9869960756E+01    2.6073161084E-02
    3.2399800000E-04    1.0734010493E+00    1.8769891406E-01   -2.0167289518E+01    2.7040643906E-02
    3.2799800000E-04    1.0086278644E+00    1.9753800314E-01   -2.0486386202E+01    2.7727499186E-02
    3.3199800000E-04    9.3213053887E-01    1.7919908284E-01   -2.0829274900E+01    2.8183468500E-02
    3.3599800000E-04    8.5433186694E-01    1.2656533683E-01   -2.1196044842E+01    2.8475619645E-02
    3.3999800000E-04    7.9110944860E-01    4.1738691949E-02   -2.1585699948E+01    2.8700649952E-02
    3.4399800000E-04    7.5653106787E-01   -6.4758731639E-02   -2.1994453045E+01    2.8947558567E-02
    3.4799800000E-04    7.6075164701E-01   -1.7757979793E-01   -2.2412757856E+01    2.9034669898E-02
    3.5199800000E-04    8.0542586626E-01   -2.7894740897E-01   -2.2826109183E+01    2.8857647987E-02
    3.5599800000E-04    8.8259361579E-01   -3.5213012214E-01   -2.3220862186E+01    2.8555579509E-02
    3.5999800000E-04    9.7781960217E-01   -3.8451912080E-01   -2.3589015918E+01    2.8443833558E-02
    3.6399800000E-04    1.0741485785E+00   -3.6933953571E-01   -2.3928009679E+01    2.8857109543E-02
    3.6799800000E-04    1.1555909215E+00   -3.0875137242E-01   -2.4238030425E+01    3.0025478853E-02
    3.7199800000E-04    1.2131859854E+00   -2.1246930554E-01   -2.4521687157E+01    3.1822688408E-02
    3.7599800000E-04    1.2456341593E+00   -9.1507648935E-02   -2.4783763756E+01    3.3766457511E-02
    3.7999800000E-04    1.2557302177E+00    4.1814496859E-02   -2.5032335482E+01    3.4696722759E-02
    3.8399800000E-04    1.2451561196E+00    1.7286522628E-01   -2.5281065243E+01    3.4090665593E-02
    3.8799800000E-04    1.2112181874E+00    2.8869091005E-01   -2.5542812763E+01    3.3233638448E-02
    3.9199800000E-04    1.1500841629E+00    3.8032265984E-01   -2.5824010408E+01    3.3030983229E-02
    3.9599800000E-04    1.0617571753E+00    4.3885664716E-01   -2.6128239824E+01    3.3694759484E-02
    3.9999800000E-04    9.5345456447E-01    4.5507157684E-01   -2.6458215465E+01    3.5178416768E-02
    4.0399800000E-04    8.3886646195E-01    4.2417574547E-01   -2.6816563640E+01    3.7028676018E-02
    4.0799800000E-04    7.3419065333E-01    3.4751687538E-01   -2.7205635900E+01    3.8708990318E-02
    4.1199800000E-04    6.5539480492E-01    2.3360471850E-01   -2.7624230602E+01    3.9876876355E-02
    4.1599800000E-04    6.1559328667E-01    9.7473889204E-02   -2.8063897568E+01    4.0085242240E-02
    4.1999800000E-04    6.1842752179E-01   -4.4555819889E-02   -2.8508188249E+01    3.9183758203E-02
    4.2399800000E-04    6.6021763742E-01   -1.7865371333E-01   -2.8940617426E+01    3.7128414342E-02
    4.2799800000E-04    7.3378692979E-01   -2.9109819760E-01   -2.9350000514E+01    3.4323006837E-02
    4.3199800000E-04    8.2936902907E-01   -3.6929018821E-01   -2.9731325049E+01    3.1086629726E-02
    4.3599800000E-04    9.3226248724E-01   -4.0733436390E-01   -3.0084507041E+01    2.7823435161E-02
    4.3999800000E-04    1.0282237949E+00   -4.0811831874E-01   -3.0412340182E+01    2.4796048142E-02
    4.4399800000E-04    1.1087950552E+00   -3.7885232512E-01   -3.0717604545E+01    2.2244946604E-02
    4.4799800000E-04    1.1704707291E+00   -3.2493033379E-01   -3.1003580455E+01    2.0323501765E-02
    4.5199800000E-04    1.2116271327E+00   -2.4995946837E-01   -3.1273169188E+01    1.9044380761E-02
    4.5599800000E-04    1.2326535870E+00   -1.5887948086E-01   -3.1529613224E+01    1.8373018536E-02
    4.5999800000E-04    1.2355518917E+00   -5.7344396943E-02   -3.1779804835E+01    1.7781756900E-02
    4.6399800000E-04    1.2211039310E+00    4.6853694952E-02   -3.2034966626E+01    1.6597009352E-02
    4.6799800000E-04    1.1878897040E+00    1.4278402288E-01   -3.2305279614E+01    1.4883034718E-02
    4.7199800000E-04    1.1347251318E+00    2.1790094104E-01   -3.2597210620E+01    1.3031495907E-02
    4.7599800000E-04    1.0649326001E+00    2.5981233500E-01   -3.2915032857E+01    1.1332444159E-02
    4.7999800000E-04    9.8841916262E-01    2.6058897607E-01   -3.3260164331E+01    1.0033716256E-02
    4.8399800000E-04    9.1965032657E-01    2.2076206486E-01   -3.3630331923E+01    9.2381316327E-03
    4.8799800000E-04    8.7184185189E-01    1.4922490585E-01   -3.4019602863E+01    8.8860612145E-03
    4.9199800000E-04    8.5354945188E-01    5.9552212226E-02   -3.4418831454E+01    8.8960607375E-03
    4.9599800000E-04    8.6731409215E-01   -3.2635618340E-02   -3.4817538914E+01    9.2322287643E-03
    4.9999800000E-04    9.0939051952E-01   -1.1159231292E-01   -3.5206396480E+01    9.9199938424E-03
    5.0399800000E-04    9.7110811170E-01   -1.6370475607E-01   -3.5578503985E+01    1.0988356725E-02
    5.0799800000E-04    1.0406485664E+00   -1.8044191616E-01   -3.5928921138E+01    1.2352620687E-02
    5.1199800000E-04    1.1054965247E+00   -1.6107845856E-01   -3.6254811762E+01    1.3808479395E-02
    5.1599800000E-04    1.1568928457E+00   -1.1323310376E-01   -3.6556296870E+01    1.5150713502E-02
    5.1999800000E-04    1.1920384389E+00   -4.8112754377E-02   -3.6836435300E+01    1.6256655647E-02
    5.2399800000E-04    1.2120395367E+00    2.4849525147E-02   -3.7100066679E+01    1.7130622503E-02
    5.2799800000E-04    1.2184412886E+00    9.8626027425E-02   -3.7354102772E+01    1.7945001207E-02
    5.3199800000E-04    1.2117566778E+00    1.6792355804E-01   -3.7606794784E+01    1.9010425185E-02
    5.3599800000E-04    1.1916212609E+00    2.2851634084E-01   -3.7865302709E+01    2.0573001117E-02
    5.3999800000E-04    1.1575516424E+00    2.7726058632E-01   -3.8134120110E+01    2.2513212567E-02
    5.4399800000E-04    1.1090854664E+00    3.1324551499E-01   -3.8416276017E+01    2.4544242393E-02
    5.4799800000E-04    1.0453838129E+00    3.3577907036E-01   -3.8714958630E+01    2.6749665431E-02
    5.5199800000E-04    9.6655297205E-01    3.3855868086E-01   -3.9034048441E+01    2.9220924897E-02
    5.5599800000E-04    8.7773897042E-01    3.1156040369E-01   -3.9376641061E+01    3.1752409475E-02
    5.5999800000E-04    7.9034610104E-01    2.4892302534E-01   -3.9744788450E+01    3.4272927350E-02
    5.6399800000E-04    7.1797627529E-01    1.5293374712E-01   -4.0139087081E+01    3.6551369485E-02
    5.6799800000E-04    6.7030491865E-01    3.3023248384E-02   -4.0556260681E+01    3.8375706616E-02
    5.7199800000E-04    6.5696098827E-01   -9.8809852915E-02   -4.0989305572E+01    3.9551872542E-02
    5.7599800000E-04    6.8614891339E-01   -2.2825703865E-01   -4.1424211427E+01    3.9942756653E-02
    5.7999800000E-04    7.5631958007E-01   -3.3835011387E-01   -4.1843773501E+01    3.9609755715E-02
    5.8399800000E-04    8.5491423491E-01   -4.1336934600E-01   -4.2236366487E+01    3.8802499342E-02
    5.8799800000E-04    9.6595844034E-01   -4.4304396611E-01   -4.2598622662E+01    3.7868396107E-02
    5.9199800000E-04    1.0725339402E+00   -4.2368335505E-01   -4.2931546870E+01    3.7337652130E-02
    5.9599800000E-04    1.1592571045E+00   -3.5973320744E-01   -4.3237188461E+01    3.7618590728E-02
    5.9999800000E-04    1.2185842896E+00   -2.6121975765E-01   -4.3518296668E+01    3.8676849069E-02
    6.0399800000E-04    1.2507294087E+00   -1.3776690788E-01   -4.3778946957E+01    4.0193484971E-02
    6.0799800000E-04    1.2596120810E+00   -4.1623604857E-05   -4.4026645407E+01    4.0970823409E-02
    6.1199800000E-04    1.2474819984E+00    1.3700540663E-01   -4.4275494783E+01    3.9885842817E-02
    6.1599800000E-04    1.2117793867E+00    2.5844214563E-01   -4.4539038407E+01    3.8095727272E-02
    6.1999800000E-04    1.1491679915E+00    3.5330522896E-01   -4.4824390996E+01    3.6732907983E-02
    6.2399800000E-04    1.0607614336E+00    4.1132880084E-01   -4.5135696091E+01    3.6118666777E-02
    6.2799800000E-04    9.5596927345E-01    4.2285117643E-01   -4.5475456557E+01    3.6282210730E-02
    6.3199800000E-04    8.5126112310E-01    3.8557766955E-01   -4.5844902350E+01    3.6826514577E-02
    6.3599800000E-04    7.6365280375E-01    3.0563473654E-01   -4.6243222984E+01    3.7297348205E-02
    6.3999800000E-04    7.0868032743E-01    1.9515484725E-01   -4.6663970351E+01    3.7342181739E-02
    6.4399800000E-04    6.9596044012E-01    7.0878237444E-02   -4.7093025511E+01    3.6855312467E-02
    6.4799800000E-04    7.2387153178E-01   -5.0046937042E-02   -4.7514078083E+01    3.5816810479E-02
    6.5199800000E-04    7.8178951581E-01   -1.5341802891E-01   -4.7916173558E+01    3.4425537001E-02
    6.5599800000E-04    8.5850706398E-01   -2.2840217096E-01   -4.8294941391E+01    3.2758895293E-02
    6.5999800000E-04    9.4168935973E-01   -2.6925209742E-01   -4.8648979204E+01    3.1008911078E-02
    6.6399800000E-04    1.0190747850E+00   -2.7798900019E-01   -4.8978842988E+01    2.9188790556E-02
    6.6799800000E-04    1.0830301277E+00   -2.6367090365E-01   -4.9286465712E+01    2.7290082091E-02
    6.7199800000E-04    1.1324840617E+00   -2.3589869896E-01   -4.9575243848E+01    2.5359762659E-02
    6.7599800000E-04    1.1688813969E+00   -1.9965510316E-01   -4.9848870254E+01    2.3430350208E-02
    6.7999800000E-04    1.1927364456E+00   -1.5602707303E-01   -5.0110933910E+01    2.1702445894E-02
    6.8399800000E-04    1.2045758580E+00   -1.0486770595E-01   -5.0364967504E+01    2.0416140103E-02
    6.8799800000E-04    1.2052618722E+00   -4.8083775387E-02   -5.0615890242E+01    1.9713308348E-02
    6.9199800000E-04    1.1951224694E+00    1.0571439791E-02   -5.0870165713E+01    1.9557115289E-02
    6.9599800000E-04    1.1735688123E+00    6.6849955016E-02   -5.1134612248E+01    1.9612720617E-02
    6.9999800000E-04    1.1391463257E+00    1.1594451674E-01   -5.1414851553E+01    1.9529641034E-02
    7.0399800000E-04    1.0899812639E+00    1.5165708983E-01   -5.1715064455E+01    1.9186539866E-02
    7.0799800000E-04    1.0259104882E+00    1.6532369415E-01   -5.2038401197E+01    1.8592353367E-02
    7.1199800000E-04    9.5223209590E-01    1.4760961235E-01   -5.2385967957E+01    1.7852439389E-02
    7.1599800000E-04    8.8168442847E-01    9.4479125175E-02   -5.2756517404E+01    1.7200174807E-02
    7.1999800000E-04    8.2982771214E-01    1.1624649392E-02   -5.3147073400E+01    1.6780056143E-02
    7.2399800000E-04    8.0884394041E-01   -8.7729434206E-02   -5.3551738291E+01    1.6506058075E-02
    7.2799800000E-04    8.2464473639E-01   -1.8702462426E-01   -5.3959964940E+01    1.6290414163E-02
    7.3199800000E-04    8.7509558466E-01   -2.6928794556E-01   -5.4358974956E+01    1.6171862172E-02
    7.3599800000E-04    9.5098856980E-01   -3.1961116906E-01   -5.4737908378E+01    1.6304465962E-02
    7.3999800000E-04    1.0378369909E+00   -3.2764283172E-01   -5.5090445092E+01    1.6896566523E-02
    7.4399800000E-04    1.1193204997E+00   -2.9072650698E-01   -5.5414303326E+01    1.8120444555E-02
    7.4799800000E-04    1.1832686136E+00   -2.1511495510E-01   -5.5710497343E+01    1.9877856885E-02
    7.5199800000E-04    1.2247237099E+00   -1.1182194922E-01   -5.5983029008E+01    2.1808597644E-02
    7.5599800000E-04    1.2443200760E+00    6.5977629326E-03   -5.6238189543E+01    2.3258272553E-02
    7.5999800000E-04    1.2442880088E+00    1.2730725089E-01   -5.6486219880E+01    2.3605524533E-02
    7.6399800000E-04    1.2240916293E+00    2.3857785960E-01   -5.6740278833E+01    2.3441354424E-02
    7.6799800000E-04    1.1805521245E+00    3.3218230906E-01   -5.7009262179E+01    2.3733362548E-02
    7.7199800000E-04    1.1117013761E+00    4.0125815707E-01   -5.7297278732E+01    2.4894152961E-02
    7.7599800000E-04    1.0200734605E+00    4.3808137964E-01   -5.7607376318E+01    2.6911466378E-02
    7.7999800000E-04    9.1307123625E-01    4.3599697642E-01   -5.7942328685E+01    2.9544013798E-02
    7.8399800000E-04    8.0252258056E-01    3.9062535029E-01   -5.8304945078E+01    3.2455657436E-02
    7.8799800000E-04    7.0460457099E-01    3.0229885665E-01   -5.8697646588E+01    3.5089281935E-02
    7.9199800000E-04    6.3439305542E-01    1.8037092656E-01   -5.9118833045E+01    3.7056040503E-02
    7.9599800000E-04    6.0164272243E-01    3.9893171755E-02   -5.9560454583E+01    3.8057386825E-02
    7.9999800000E-04    6.1037119604E-01   -1.0450875305E-01   -6.0007302295E+01    3.7863675965E-02
    8.0399800000E-04    6.5991796996E-01   -2.3914376056E-01   -6.0442317715E+01    3.6538397376E-02
    8.0799800000E-04    7.4390191349E-01   -3.4847893308E-01   -6.0852545414E+01    3.4373758085E-02
    8.1199800000E-04    8.4996027021E-01   -4.1886457775E-01   -6.1232827025E+01    3.1666336907E-02
    8.1599800000E-04    9.6159206315E-01   -4.4480311272E-01   -6.1583594439E+01    2.8930757380E-02
    8.1999800000E-04    1.0640140306E+00   -4.2822743524E-01   -6.1907730992E+01    2.6647128926E-02
    8.2399800000E-04    1.1469460400E+00   -3.7452705591E-01   -6.2207924851E+01    2.5128152631E-02
    8.2799800000E-04    1.2047939667E+00   -2.9151716866E-01   -6.2487068611E+01    2.4515738151E-02
    8.3199800000E-04    1.2374053741E+00   -1.8684544809E-01   -6.2748469041E+01    2.4640549499E-02
    8.3599800000E-04    1.2479806455E+00   -6.7752294507E-02   -6.2998050586E+01    2.4781145935E-02
    8.3999800000E-04    1.2388956300E+00    5.5340481008E-02   -6.3247582468E+01    2.3913286945E-02
    8.4399800000E-04    1.2089898030E+00    1.6962300902E-01   -6.3509746809E+01    2.2105990474E-02
    8.4799800000E-04    1.1560667440E+00    2.6228020481E-01   -6.3792681009E+01    2.0205146961E-02
    8.5199800000E-04    1.0817366922E+00    3.2140086388E-01   -6.4101565311E+01    1.8714395802E-02
    8.5599800000E-04    9.9438622993E-01    3.3758666079E-01   -6.4439115079E+01    1.7872717449E-02
    8.5999800000E-04    9.0903553261E-01    3.0849846997E-01   -6.4804884763E+01    1.7598323750E-02
    8.6399800000E-04    8.4191016530E-01    2.4086129075E-01   -6.5195064481E+01    1.7670922562E-02
    8.6799800000E-04    8.0571064194E-01    1.4743502004E-01   -6.5601115438E+01    1.7875733454E-02
    8.7199800000E-04    8.0669458563E-01    4.4538282420E-02   -6.6010601215E+01    1.8112202118E-02
    8.7599800000E-04    8.4333744610E-01   -5.0622823163E-02   -6.6410895401E+01    1.8382287491E-02
    8.7999800000E-04    9.0621605648E-01   -1.2258255201E-01   -6.6793498652E+01    1.8797068210E-02
    8.8399800000E-04    9.8094460779E-01   -1.6099004511E-01   -6.7154230398E+01    1.9371657911E-02
    8.8799800000E-04    1.0520535339E+00   -1.6483786973E-01   -6.7491159585E+01    1.9924616659E-02
    8.9199800000E-04    1.1100913712E+00   -1.4157030741E-01   -6.7804080117E+01    2.0265978446E-02
    8.9599800000E-04    1.1528702396E+00   -1.0071899634E-01   -6.8095220579E+01    2.0341517491E-02
    8.9999800000E-04    1.1818451599E+00   -4.9600950127E-02   -6.8368144455E+01    2.0175055393E-02
    9.0399800000E-04    1.1988753815E+00    6.5588678813E-03   -6.8627476462E+01    2.0011066111E-02
    9.0799800000E-04    1.2050642960E+00    6.3340913203E-02   -6.8879351055E+01    2.0246418314E-02
    9.1199800000E-04    1.2005451178E+00    1.1681816300E-01   -6.9130544047E+01    2.1097514266E-02
    9.1599800000E-04    1.1845819066E+00    1.6413195663E-01   -6.9386863039E+01    2.2550570207E-02
    9.1999800000E-04    1.1564532857E+00    2.0459105187E-01   -6.9652572318E+01    2.4392965227E-02
    9.2399800000E-04    1.1159685817E+00    2.3804147086E-01   -6.9931224587E+01    2.6305571635E-02
    9.2799800000E-04    1.0620530770E+00    2.6191252137E-01   -7.0226613812E+01    2.8165575063E-02
    9.3199800000E-04    9.9343316166E-01    2.6921989190E-01   -7.0542285938E+01    2.9924562991E-02
    9.3599800000E-04    9.1337957142E-01    2.4958153847E-01   -7.0881193721E+01    3.1599882101E-02
    9.3999800000E-04    8.3168465058E-01    1.9619613151E-01   -7.1244521089E+01    3.3195006699E-02
    9.4399800000E-04    7.6119672867E-01    1.1008473950E-01   -7.1632161840E+01    3.4646972678E-02
    9.4799800000E-04    7.1388973648E-01   -6.4604963136E-04   -7.2041769664E+01    3.5821859749E-02
    9.5199800000E-04    7.0150044271E-01   -1.2372118066E-01   -7.2466826231E+01    3.6595384348E-02
    9.5599800000E-04    7.3168884696E-01   -2.4336362969E-01   -7.2893533348E+01    3.6843385353E-02
    9.5999800001E-04    8.0127765573E-01   -3.4194583175E-01   -7.3305619976E+01    3.6591565054E-02
    9.6399800001E-04    8.9719998562E-01   -4.0440065510E-01   -7.3691930255E+01    3.6078530775E-02
    9.6799800001E-04    1.0033195215E+00   -4.2085991737E-01   -7.4048688589E+01    3.5682806459E-02
    9.7199800001E-04    1.1022523940E+00   -3.8833286871E-01   -7.4376122641E+01    3.5893013100E-02
    9.7599800001E-04    1.1797564531E+00   -3.1295561947E-01   -7.4675869916E+01    3.6900927943E-02
    9.7999800001E-04    1.2303253914E+00   -2.0533637896E-01   -7.4951192400E+01    3.8561811414E-02
    9.8399800001E-04    1.2552414158E+00   -7.5591247171E-02   -7.5207147945E+01    4.0267929751E-02
    9.8799800001E-04    1.2581940863E+00    6.3558581060E-02   -7.5453543781E+01    4.0561955410E-02
    9.9199800001E-04    1.2397245690E+00    1.9636123217E-01   -7.5705528607E+01    3.9278143016E-02
    9.9599800001E-04    1.1961119636E+00    3.0978631971E-01   -7.5974404560E+01    3.7937487248E-02
    9.9999800001E-04    1.1244609185E+00    3.9436881125E-01   -7.6265569574E+01    3.7271571181E-02
    1.0039980000E-03    1.0274224753E+00    4.3998187240E-01   -7.6582471685E+01    3.7428333552E-02
    1.0079980000E-03    9.1637891106E-01    4.3819612919E-01   -7.6927441563E+01    3.8283934544E-02
    1.0119980000E-03    8.0802689484E-01    3.8805485450E-01   -7.7302463725E+01    3.9275618292E-02
    1.0159980000E-03    7.1878057617E-01    2.9606668910E-01   -7.7707336589E+01    3.9976734600E-02
    1.0199980000E-03    6.6412228269E-01    1.7490807713E-01   -7.8135795572E+01    4.0049989743E-02
    1.0239980000E-03    6.5248092606E-01    4.1559509723E-02   -7.8572952713E+01    3.9336161467E-02
    1.0279980000E-03    6.8096264735E-01   -8.8081653036E-02   -7.9001906429E+01    3.7809146408E-02
    1.0319980000E-03    7.3974591402E-01   -2.0087590497E-01   -7.9411457940E+01    3.5705051495E-02
    1.0359980000E-03    8.2031271977E-01   -2.8529163321E-01   -7.9796145055E+01    3.3194530164E-02
    1.0399980000E-03    9.1103420316E-01   -3.3415962147E-01   -8.0154360594E+01    3.0541247052E-02
    1.0439980000E-03    9.9820672706E-01   -3.4844134107E-01   -8.0487598563E+01    2.7919967358E-02
    1.0479980000E-03    1.0724924475E+00   -3.3646153137E-01   -8.0798400942E+01    2.5483014362E-02
    1.0519980000E-03    1.1311165321E+00   -3.0735322891E-01   -8.1090255144E+01    2.3322646765E-02
    1.0559980000E-03    1.1745916660E+00   -2.6462823209E-01   -8.1366903376E+01    2.1296205649E-02
    1.0599980000E-03    1.2034891674E+00   -2.0852121177E-01   -8.1631218401E+01    1.9506348719E-02
    1.0639980000E-03    1.2181406933E+00   -1.4131268218E-01   -8.1886610158E+01    1.8210676867E-02
    1.0679980000E-03    1.2191142501E+00   -6.6738113912E-02   -8.2138895148E+01    1.7276517938E-02
    1.0719980000E-03    1.2064991093E+00    1.0227154864E-02   -8.2396321328E+01    1.6401395851E-02
    1.0759980000E-03    1.1792238279E+00    8.3228515154E-02   -8.2667020541E+01    1.5326922131E-02
    1.0799980000E-03    1.1356604741E+00    1.4364241491E-01   -8.2956973009E+01    1.4004836581E-02
    1.0839980000E-03    1.0763952361E+00    1.8041472640E-01   -8.3270263195E+01    1.2506645377E-02
    1.0879980000E-03    1.0076252519E+00    1.8324134110E-01   -8.3608632572E+01    1.1016732599E-02
    1.0919980000E-03    9.4067399041E-01    1.4885140436E-01   -8.3970519170E+01    9.7448781542E-03
    1.0959980000E-03    8.8811502744E-01    8.2473033960E-02   -8.4351780056E+01    8.8378184296E-03
    1.0999980000E-03    8.6002632578E-01   -4.4452484900E-03   -8.4746285304E+01    8.3495456428E-03
    1.1039980000E-03    8.6242769174E-01   -9.6836753551E-02   -8.5145893194E+01    8.2426766161E-03
    1.1079980000E-03    8.9579028734E-01   -1.7888838226E-01   -8.5540675779E+01    8.4967693816E-03
    1.1119980000E-03    9.5459110426E-01   -2.3584961883E-01   -8.5920771654E+01    9.1533908400E-03
    1.1159980000E-03    1.0278997629E+00   -2.5624328011E-01   -8.6278656188E+01    1.0278350536E-02
    1.1199980000E-03    1.1015340486E+00   -2.3500417483E-01   -8.6610182687E+01    1.1847666392E-02
    1.1239980000E-03    1.1629050097E+00   -1.7626276526E-01   -8.6914889160E+01    1.3660358671E-02
    1.1279980000E-03    1.2055483978E+00   -9.0895769481E-02   -8.7195721879E+01    1.5455900241E-02
    1.1319980000E-03    1.2289088135E+00    8.1871234831E-03   -8.7457916394E+01    1.6921243049E-02
    1.1359980000E-03    1.2347760643E+00    1.0946198520E-01   -8.7709532552E+01    1.7783954139E-02
    1.1399980000E-03    1.2235804482E+00    2.0385463567E-01   -8.7961793095E+01    1.8405149599E-02
    1.1439980000E-03    1.1937720973E+00    2.8532473628E-01   -8.8223902419E+01    1.9456633842E-02
    1.1479980000E-03    1.1440604409E+00    3.4860030365E-01   -8.8500488681E+01    2.1112622562E-02
    1.1519980000E-03    1.0750839216E+00    3.9015220652E-01   -8.8794302351E+01    2.3370474419E-02
    1.1559980000E-03    9.8869253319E-01    4.0636246588E-01   -8.9108532492E+01    2.6183103079E-02
    1.1599980000E-03    8.8970666751E-01    3.9025495452E-01   -8.9446367453E+01    2.9348032734E-02
    1.1639980000E-03    7.8915103353E-01    3.3532622992E-01   -8.9810587025E+01    3.2641057910E-02
    1.1679980000E-03    7.0217341869E-01    2.4205082971E-01   -9.0203225392E+01    3.5764182436E-02
    1.1719980000E-03    6.4147809973E-01    1.1952866803E-01   -9.0622308088E+01    3.8337344598E-02
    1.1759980000E-03    6.1523536842E-01   -1.8788328957E-02   -9.1060592143E+01    3.9980135970E-02
    1.1799980000E-03    6.2998838655E-01   -1.5952231089E-01   -9.1504587287E+01    4.0496396871E-02
    1.1839980000E-03    6.8728914768E-01   -2.8775655646E-01   -9.1936873077E+01    3.9931084599E-02
    1.1879980000E-03    7.7897509350E-01   -3.8677916824E-01   -9.2343510382E+01    3.8613066676E-02
    1.1919980000E-03    8.8986669156E-01   -4.4396727347E-01   -9.2719485526E+01    3.6922754179E-02
    1.1959980000E-03    1.0037496657E+00   -4.5377540376E-01   -9.3065454457E+01    3.5270359447E-02
    1.1999980000E-03    1.1048687493E+00   -4.1740510085E-01   -9.3384112991E+01    3.4227038680E-02
    1.2039980000E-03    1.1816784463E+00   -3.4217366811E-01   -9.3677947746E+01    3.4061500281E-02
    1.2079980000E-03    1.2304181833E+00   -2.3773312784E-01   -9.3950029921E+01    3.4704014740E-02
    1.2119980000E-03    1.2533468855E+00   -1.1263209145E-01   -9.4204758147E+01    3.5694252614E-02
    1.2159980000E-03    1.2545079802E+00    2.2362017801E-02   -9.4451431231E+01    3.5716943586E-02
    1.2199980000E-03    1.2346320692E+00    1.5262904807E-01   -9.4704679952E+01    3.4139520643E-02
    1.2239980000E-03    1.1907531174E+00    2.6431468767E-01   -9.4975796456E+01    3.2170329812E-02
    1.2279980000E-03    1.1213019227E+00    3.4615790697E-01   -9.5270912022E+01    3.0653153071E-02
    1.2319980000E-03    1.0306504832E+00    3.8728533571E-01   -9.5593860690E+01    2.9871271916E-02
    1.2359980000E-03    9.3156685868E-01    3.8054679077E-01   -9.5946153936E+01    2.9786268379E-02
    1.2399980000E-03    8.4124513212E-01    3.2813696841E-01   -9.6327085093E+01    3.0048252832E-02
    1.2439980000E-03    7.7589052786E-01    2.3969198182E-01   -9.6732190517E+01    3.0331256297E-02
    1.2479980000E-03    7.4789771249E-01    1.2988828042E-01   -9.7150614000E+01    3.0354883610E-02
    1.2519980000E-03    7.6122510911E-01    1.6437264751E-02   -9.7567410277E+01    3.0095409370E-02
    1.2559980000E-03    8.0969647058E-01   -8.3667483501E-02   -9.7969489142E+01    2.9752116414E-02
    1.2599980000E-03    8.8122296410E-01   -1.5695430429E-01   -9.8350162531E+01    2.9402755229E-02
    1.2639980000E-03    9.6054529145E-01   -1.9612894348E-01   -9.8707281051E+01    2.8937071285E-02
    1.2679980000E-03    1.0335502752E+00   -2.0275062734E-01   -9.9040389450E+01    2.8266584909E-02
    1.2719980000E-03    1.0928201040E+00   -1.8506984131E-01   -9.9350365562E+01    2.7357240907E-02
    1.2759980000E-03    1.1372752419E+00   -1.5256195253E-01   -9.9639925912E+01    2.6131182033E-02
    1.2799980000E-03    1.1689861442E+00   -1.1180843829E-01   -9.9912528862E+01    2.4654644678E-02
    1.2839980000E-03    1.1898032816E+00   -6.6630535045E-02   -1.0017231435E+02    2.3356310062E-02
    1.2879980000E-03    1.1999804153E+00   -1.9494390287E-02   -1.0042442120E+02    2.2696237189E-02
    1.2919980000E-03    1.1990997954E+00    2.8097209959E-02   -1.0067416912E+02    2.2758260634E-02
    1.2959980000E-03    1.1871984044E+00    7.4967024255E-02   -1.0092714615E+02    2.3545589224E-02
    1.2999980000E-03    1.1646891801E+00    1.1953216243E-01   -1.0118862345E+02    2.4912524691E-02
    1.3039980000E-03    1.1310975075E+00    1.5919576629E-01   -1.0146362553E+02    2.6383371696E-02
    1.3079980000E-03    1.0843959617E+00    1.8983579593E-01   -1.0175612860E+02    2.7567844114E-02
    1.3119980000E-03    1.0227430683E+00    2.0434505019E-01   -1.0206952656E+02    2.8451243882E-02
    1.3159980000E-03    9.4805534126E-01    1.9304019448E-01   -1.0240632448E+02    2.9100682082E-02
    1.3199980000E-03    8.6884722996E-01    1.4841873755E-01   -1.0276711428E+02    2.9556117848E-02
    1.3239980000E-03    7.9990800083E-01    7.0248921752E-02   -1.0315131186E+02    2.9910403616E-02
    1.3279980000E-03    7.5602202188E-01   -3.2979447343E-02   -1.0355629656E+02    3.0267287084E-02
    1.3319980000E-03    7.4878520290E-01   -1.4717112081E-01   -1.0397441657E+02    3.0498678530E-02
    1.3359980000E-03    7.8294698514E-01   -2.5500129131E-01   -1.0439187275E+02    3.0433348511E-02
    1.3399980000E-03    8.5309142344E-01   -3.3898303405E-01   -1.0479396454E+02    3.0130812957E-02
    1.3439980000E-03    9.4592355239E-01   -3.8511683438E-01   -1.0517081090E+02    2.9895106949E-02
    1.3479980000E-03    1.0449330178E+00   -3.8466460249E-01   -1.0551873729E+02    3.0059295721E-02
    1.3519980000E-03    1.1331291509E+00   -3.3684893531E-01   -1.0583739942E+02    3.0952200547E-02
    1.3559980000E-03    1.1989275756E+00   -2.4986743249E-01   -1.0612866827E+02    3.2558326067E-02
    1.3599980000E-03    1.2390767758E+00   -1.3463150817E-01   -1.0639666851E+02    3.4542487591E-02
    1.3639980000E-03    1.2556960298E+00   -2.6352986881E-03   -1.0664806000E+02    3.5941173326E-02
    1.3679980000E-03    1.2514755397E+00    1.3186397963E-01   -1.0689504456E+02    3.5678430635E-02
    1.3719980000E-03    1.2249817304E+00    2.5457367021E-01   -1.0715193986E+02    3.4669018170E-02
    1.3759980000E-03    1.1720972895E+00    3.5532032863E-01   -1.0742704466E+02    3.4123627994E-02
    1.3799980000E-03    1.0912247840E+00    4.2545449849E-01   -1.0772443621E+02    3.4407072039E-02
    1.3839980000E-03    9.8729274008E-01    4.5530501864E-01   -1.0804705421E+02    3.5559124653E-02
    1.3879980000E-03    8.7281364811E-01    4.3835132782E-01   -1.0839739950E+02    3.7240837960E-02
    1.3919980000E-03    7.6382070234E-01    3.7437690875E-01   -1.0877807917E+02    3.8880978563E-02
    1.3959980000E-03    6.7643515443E-01    2.7004103885E-01   -1.0918911115E+02    4.0105033572E-02
    1.3999980000E-03    6.2536078850E-01    1.3890915215E-01   -1.0962424188E+02    4.0503921291E-02
    1.4039980000E-03    6.1712751155E-01   -2.2527492499E-03   -1.1006837545E+02    3.9814826076E-02
    1.4079980000E-03    6.4909613181E-01   -1.3893812050E-01   -1.1050433851E+02    3.7996120004E-02
    1.4119980000E-03    7.1428987792E-01   -2.5775420654E-01   -1.1091962051E+02    3.5324759758E-02
    1.4159980000E-03    8.0417647503E-01   -3.4553265398E-01   -1.1130786754E+02    3.2144589563E-02
    1.4199980000E-03    9.0528190628E-01   -3.9435168214E-01   -1.1166782633E+02    2.8860391625E-02
    1.4239980000E-03    1.0027368521E+00   -4.0508607051E-01   -1.1200187204E+02    2.5735148831E-02
    1.4279980000E-03    1.0865183076E+00   -3.8481182060E-01   -1.1231276054E+02    2.2993081793E-02
    1.4319980000E-03    1.1525517728E+00   -3.4007297380E-01   -1.1260378414E+02    2.0820715297E-02
    1.4359980000E-03    1.1992183753E+00   -2.7415212418E-01   -1.1287804129E+02    1.9243708629E-02
    1.4399980000E-03    1.2261343259E+00   -1.9077609355E-01   -1.1313833866E+02    1.8265139154E-02
    1.4439980000E-03    1.2347778271E+00   -9.5315953064E-02   -1.1338986196E+02    1.7646647655E-02
    1.4479980000E-03    1.2264836339E+00    5.9414560813E-03   -1.1364239062E+02    1.6699829628E-02
    1.4519980000E-03    1.2005125118E+00    1.0351657439E-01   -1.1390689688E+02    1.5169785071E-02
    1.4559980000E-03    1.1551290818E+00    1.8567261181E-01   -1.1419089664E+02    1.3358989312E-02
    1.4599980000E-03    1.0915682873E+00    2.3949182486E-01   -1.1449933628E+02    1.1565223854E-02
    1.4639980000E-03    1.0172351153E+00    2.5476939303E-01   -1.1483473031E+02    1.0045528434E-02
    1.4679980000E-03    9.4529302614E-01    2.2863995324E-01   -1.1519607664E+02    8.9810460740E-03
    1.4719980000E-03    8.8963541278E-01    1.6732476437E-01   -1.1557872955E+02    8.3750592389E-03
    1.4759980000E-03    8.6050437903E-01    8.2895989452E-02   -1.1597474984E+02    8.1636760724E-03
    1.4799980000E-03    8.6256961987E-01   -9.6378089533E-03   -1.1637415738E+02    8.3158009292E-03
    1.4839980000E-03    8.9454387885E-01   -9.4445079780E-02   -1.1676721371E+02    8.8632655992E-03
    1.4879980000E-03    9.4978830416E-01   -1.5679042669E-01   -1.1714607371E+02    9.8303659648E-03
    1.4919980000E-03    1.0177714072E+00   -1.8595356877E-01   -1.1750484077E+02    1.1146318807E-02
    1.4959980000E-03    1.0858296580E+00   -1.7776340797E-01   -1.1783967123E+02    1.2655279560E-02
    1.4999980000E-03    1.1431513284E+00   -1.3668188374E-01   -1.1814944435E+02    1.4145870140E-02
    1.5039980000E-03    1.1843726523E+00   -7.3546717413E-02   -1.1843633309E+02    1.5444020680E-02
    1.5079980000E-03    1.2094496530E+00    8.3970846335E-04   -1.1870467131E+02    1.6492818676E-02
    1.5119980000E-03    1.2200414916E+00    7.8144554136E-02   -1.1896079358E+02    1.7361930929E-02
    1.5159980000E-03    1.2170464323E+00    1.5224167557E-01   -1.1921305557E+02    1.8333297007E-02
    1.5199980000E-03    1.2002402093E+00    2.1827795776E-01   -1.1946951091E+02    1.9696796746E-02
    1.5239980000E-03    1.1690560262E+00    2.7270303665E-01   -1.1973554116E+02    2.1540869558E-02
    1.5279980000E-03    1.1231894146E+00    3.1354138101E-01   -1.2001436093E+02    2.3586460305E-02
    1.5319980000E-03    1.0620210186E+00    3.4049713697E-01   -1.2030890585E+02    2.5785016618E-02
    1.5359980000E-03    9.8525772028E-01    3.4913080619E-01   -1.2062301204E+02    2.8274801403E-02
    1.5399980000E-03    8.9662461353E-01    3.2986987290E-01   -1.2096001306E+02    3.0914240044E-02
    1.5439980000E-03    8.0639947673E-01    2.7528958899E-01   -1.2132231499E+02    3.3578964368E-02
    1.5479980000E-03    7.2850848251E-01    1.8572703355E-01   -1.2171116543E+02    3.6050812268E-02
    1.5519980000E-03    6.7377519294E-01    6.9425549577E-02   -1.2212426268E+02    3.8087298646E-02
    1.5559980000E-03    6.5090959049E-01   -6.1827122098E-02   -1.2255553861E+02    3.9504965865E-02
    1.5599980000E-03    6.6924615614E-01   -1.9452369805E-01   -1.2299263003E+02    4.0094452265E-02
    1.5639980000E-03    7.3009519649E-01   -3.1237189876E-01   -1.2341831993E+02    3.9901418698E-02
    1.5679980000E-03    8.2334468198E-01   -3.9873488862E-01   -1.2381886461E+02    3.9129193152E-02
    1.5719980000E-03    9.3325829472E-01   -4.4183119402E-01   -1.2418922785E+02    3.8115625314E-02
    1.5759980000E-03    1.0432533943E+00   -4.3620242317E-01   -1.2452978718E+02    3.7325435434E-02
    1.5799980000E-03    1.1369890241E+00   -3.8407127632E-01   -1.2484261334E+02    3.7287320178E-02
    1.5839980000E-03    1.2044130371E+00   -2.9456817812E-01   -1.2513015880E+02    3.8061601945E-02
    1.5879980000E-03    1.2439736427E+00   -1.7762686018E-01   -1.2539605715E+02    3.9458505673E-02
    1.5919980000E-03    1.2590392937E+00   -4.2958203878E-02   -1.2564629572E+02    4.0597344595E-02
    1.5959980000E-03    1.2529468766E+00    9.5729715686E-02   -1.2589322395E+02    4.0008486119E-02
    1.5999980000E-03    1.2244115875E+00    2.2283464823E-01   -1.2615164804E+02    3.8229886888E-02
    1.6039980000E-03    1.1697676154E+00    3.2624480481E-01   -1.2643038924E+02    3.6642483996E-02
    1.6079980000E-03    1.0885018809E+00    3.9583493232E-01   -1.2673416081E+02    3.5744114509E-02
    1.6119980000E-03    9.8747379330E-01    4.2114824311E-01   -1.2706596740E+02    3.5644534537E-02
    1.6159980000E-03    8.8189099541E-01    3.9736664919E-01   -1.2742725057E+02    3.6081641063E-02
    1.6199980000E-03    7.8907041372E-01    3.2872403208E-01   -1.2781785349E+02    3.6575745248E-02
    1.6239980000E-03    7.2489775746E-01    2.2594931371E-01   -1.2823301828E+02    3.6757534749E-02
    1.6279980000E-03    7.0136784608E-01    1.0477748840E-01   -1.2866044656E+02    3.6436106443E-02
    1.6319980000E-03    7.1989645957E-01   -1.7202039596E-02   -1.2908374873E+02    3.5589649672E-02
    1.6359980000E-03    7.7151201911E-01   -1.2471042875E-01   -1.2949013323E+02    3.4383927001E-02
    1.6399980000E-03    8.4456585031E-01   -2.0598194910E-01   -1.2987402155E+02    3.2911882882E-02
    1.6439980000E-03    9.2675636823E-01   -2.5385133338E-01   -1.3023347794E+02    3.1322285062E-02
    1.6479980000E-03    1.0054329959E+00   -2.6855567674E-01   -1.3056862247E+02    2.9648287425E-02
    1.6519980000E-03    1.0716839672E+00   -2.5791909030E-01   -1.3088087337E+02    2.7885515789E-02
    1.6559980000E-03    1.1232611117E+00   -2.3215915424E-01   -1.3117338223E+02    2.6022897524E-02
    1.6599980000E-03    1.1616888312E+00   -1.9750094355E-01   -1.3144971792E+02    2.4110247373E-02
    1.6639980000E-03    1.1878345618E+00   -1.5600836234E-01   -1.3171367720E+02    2.2307135455E-02
    1.6679980000E-03    1.2018961164E+00   -1.0773807329E-01   -1.3196884392E+02    2.0943861235E-02
    1.6719980000E-03    1.2046563575E+00   -5.3677602795E-02   -1.3221970096E+02    2.0204517233E-02
    1.6759980000E-03    1.1967702605E+00    3.0942807661E-03   -1.3247226972E+02    2.0067883741E-02
    1.6799980000E-03    1.1779551461E+00    5.8593421499E-02   -1.3273332252E+02    2.0276929222E-02
    1.6839980000E-03    1.1469738581E+00    1.0832972687E-01   -1.3300876779E+02    2.0434558871E-02
    1.6879980000E-03    1.1019006093E+00    1.4688165608E-01   -1.3330301297E+02    2.0336103930E-02
    1.6919980000E-03    1.0415614024E+00    1.6654327525E-01   -1.3361948348E+02    1.9974870986E-02
    1.6959980000E-03    9.6903225605E-01    1.5770008486E-01   -1.3396008330E+02    1.9421189712E-02
    1.6999980000E-03    8.9493738455E-01    1.1380555728E-01   -1.3432429557E+02    1.8881293519E-02
    1.7039980000E-03    8.3507973005E-01    3.7393790749E-02   -1.3470997298E+02    1.8504593872E-02
    1.7079980000E-03    8.0327085552E-01   -6.0145869027E-02   -1.3511245004E+02    1.8250528151E-02
    1.7119980000E-03    8.0797513419E-01   -1.6290523740E-01   -1.3552243705E+02    1.8017741455E-02
    1.7159980000E-03    8.4947141074E-01   -2.5362511142E-01   -1.3592700915E+02    1.7817973284E-02
    1.7199980000E-03    9.2039522905E-01   -3.1634804172E-01   -1.3631408481E+02    1.7776031286E-02
    1.7239980000E-03    1.0072946156E+00   -3.3902277941E-01   -1.3667588279E+02    1.8111196591E-02
    1.7279980000E-03    1.0937120963E+00   -3.1611932896E-01   -1.3700918120E+02    1.9042512878E-02
    1.7319980000E-03    1.1653509444E+00   -2.5130464762E-01   -1.3731400751E+02    2.0609621255E-02
    1.7359980000E-03    1.2149217450E+00   -1.5457904581E-01   -1.3759350484E+02    2.2536086516E-02
    1.7399980000E-03    1.2416215917E+00   -3.8015626164E-02   -1.3785317527E+02    2.4263578813E-02
    1.7439980000E-03    1.2478225041E+00    8.5492408598E-02   -1.3810181737E+02    2.4944938969E-02
    1.7479980000E-03    1.2341946379E+00    2.0325066346E-01   -1.3835253790E+02    2.4727193842E-02
    1.7519980000E-03    1.1979658088E+00    3.0537105571E-01   -1.3861632642E+02    2.4668549183E-02
    1.7559980000E-03    1.1361784040E+00    3.8472979093E-01   -1.3889844887E+02    2.5398085151E-02
    1.7599980000E-03    1.0497341987E+00    4.3347606469E-01   -1.3920211534E+02    2.7031652108E-02
    1.7639980000E-03    9.4504768635E-01    4.4399917775E-01   -1.3953015705E+02    2.9390765002E-02
    1.7679980000E-03    8.3311803325E-01    4.1134916992E-01   -1.3988529724E+02    3.2146329132E-02
    1.7719980000E-03    7.2934071419E-01    3.3444438207E-01   -1.4027031037E+02    3.4781400570E-02
    1.7759980000E-03    6.4990939132E-01    2.2024456034E-01   -1.4068490669E+02    3.6823261041E-02
    1.7799980000E-03    6.0636437186E-01    8.3138751950E-02   -1.4112281141E+02    3.7974001769E-02
    1.7839980000E-03    6.0406224800E-01   -6.1511918909E-02   -1.4156998493E+02    3.7970465444E-02
    1.7879980000E-03    6.4296716496E-01   -2.0013904505E-01   -1.4200928042E+02    3.6781274941E-02
    1.7919980000E-03    7.1812221436E-01   -3.1783192935E-01   -1.4242636386E+02    3.4683742353E-02
    1.7959980000E-03    8.1897908986E-01   -3.9997092427E-01   -1.4281437940E+02    3.1960763780E-02
    1.7999980000E-03    9.2985399299E-01   -4.3862925524E-01   -1.4317253183E+02    2.9048533329E-02
    1.8039980000E-03    1.0350392403E+00   -4.3456262936E-01   -1.4350350419E+02    2.6478212365E-02
    1.8079980000E-03    1.1234888798E+00   -3.9256706032E-01   -1.4381005368E+02    2.4563520761E-02
    1.8119980000E-03    1.1885056849E+00   -3.1956039817E-01   -1.4409500760E+02    2.3522401788E-02
    1.8159980000E-03    1.2283276455E+00   -2.2316137861E-01   -1.4436144770E+02    2.3324158687E-02
    1.8199980000E-03    1.2453475612E+00   -1.1014470599E-01   -1.4461391413E+02    2.3470548822E-02
    1.8239980000E-03    1.2425413545E+00    1.0772514403E-02   -1.4486220340E+02    2.2962827294E-02
    1.8279980000E-03    1.2199091346E+00    1.2757720527E-01   -1.4511944707E+02    2.1389482217E-02
    1.8319980000E-03    1.1751410832E+00    2.2742769218E-01   -1.4539515994E+02    1.9454508758E-02
    1.8359980000E-03    1.1082412492E+00    2.9788229613E-01   -1.4569525643E+02    1.7753757245E-02
    1.8399980000E-03    1.0251915483E+00    3.2834302518E-01   -1.4602336340E+02    1.6617217435E-02
    1.8439980000E-03    9.3910864478E-01    3.1368997289E-01   -1.4637999930E+02    1.6097213974E-02
    1.8479980000E-03    8.6634946277E-01    2.5792723850E-01   -1.4676235234E+02    1.6006521631E-02
    1.8519980000E-03    8.2076755711E-01    1.7224038916E-01   -1.4716338086E+02    1.6139790012E-02
    1.8559980000E-03    8.1054744751E-01    7.2007897871E-02   -1.4757173824E+02    1.6364093995E-02
    1.8599980000E-03    8.3668527676E-01   -2.5729119842E-02   -1.4797472699E+02    1.6653955635E-02
    1.8639980000E-03    8.9214494726E-01   -1.0469701396E-01   -1.4836249779E+02    1.7120316383E-02
    1.8679980000E-03    9.6407397710E-01   -1.5250599294E-01   -1.4872971740E+02    1.7817149486E-02
    1.8719980000E-03    1.0368762830E+00   -1.6491542434E-01   -1.4907367299E+02    1.8563927607E-02
    1.8759980000E-03    1.0988218556E+00   -1.4713747293E-01   -1.4939338578E+02    1.9140630530E-02
    1.8799980000E-03    1.1456415774E+00   -1.0871080047E-01   -1.4969034413E+02    1.9460902885E-02
    1.8839980000E-03    1.1779533424E+00   -5.7959325644E-02   -1.4996788482E+02    1.9527627908E-02
    1.8879980000E-03    1.1976430341E+00   -8.0815805939E-04   -1.5023038031E+02    1.9495282430E-02
    1.8919980000E-03    1.2060388738E+00    5.8029195512E-02   -1.5048370997E+02    1.9733273931E-02
    1.8959980000E-03    1.2035899065E+00    1.1435416146E-01   -1.5073476944E+02    2.0544050741E-02
    1.8999980000E-03    1.1898567937E+00    1.6453693572E-01   -1.5098983712E+02    2.1916777005E-02
    1.9039980000E-03    1.1639706143E+00    2.0704605607E-01   -1.5125357697E+02    2.3694753018E-02
    1.9079980000E-03    1.1254710665E+00    2.4210197572E-01   -1.5152940746E+02    2.5632397151E-02
    1.9119980000E-03    1.0736942371E+00    2.6816827014E-01   -1.5182098190E+02    2.7566338822E-02
    1.9159980000E-03    1.0072713353E+00    2.7949340267E-01   -1.5213195880E+02    2.9464425223E-02
    1.9199980000E-03    9.2817128507E-01    2.6604931139E-01   -1.5246561513E+02    3.1287052701E-02
    1.9239980000E-03    8.4506066850E-01    2.1960656709E-01   -1.5282361084E+02    3.3041898891E-02
    1.9279980000E-03    7.7051597170E-01    1.3944492158E-01   -1.5320631122E+02    3.4693813167E-02
    1.9319980000E-03    7.1653982060E-01    3.2374589002E-02   -1.5361189775E+02    3.6046691813E-02
    1.9359980000E-03    6.9442504045E-01   -9.0243141028E-02   -1.5403527187E+02    3.7014995812E-02
    1.9399980000E-03    7.1395908787E-01   -2.1368145612E-01   -1.5446427758E+02    3.7421074588E-02
    1.9439980000E-03    7.7497425036E-01   -3.2054984779E-01   -1.5488239175E+02    3.7293379677E-02
    1.9479980000E-03    8.6637088099E-01   -3.9463989311E-01   -1.5527652149E+02    3.6784052374E-02
    1.9519980000E-03    9.7232793147E-01   -4.2466577512E-01   -1.5564136585E+02    3.6257045750E-02
    1.9559980000E-03    1.0756561074E+00   -4.0561964220E-01   -1.5597664122E+02    3.6190887619E-02
    1.9599980000E-03    1.1605210989E+00   -3.4124235825E-01   -1.5628375217E+02    3.6920579201E-02
    1.9639980000E-03    1.2189454381E+00   -2.4168501426E-01   -1.5656546092E+02    3.8375491669E-02
    1.9679980000E-03    1.2507752776E+00   -1.1706014320E-01   -1.5682616713E+02    4.0155518527E-02
    1.9719980000E-03    1.2596217700E+00    2.1158002451E-02   -1.5707382142E+02    4.0983570288E-02
    1.9759980000E-03    1.2474288447E+00    1.5759757777E-01   -1.5732274810E+02    3.9976321670E-02
    1.9799980000E-03    1.2113306018E+00    2.7786028040E-01   -1.5758620769E+02    3.8475632573E-02
    1.9839980000E-03    1.1476758669E+00    3.7176428307E-01   -1.5787087580E+02    3.7520362772E-02
    1.9879980000E-03    1.0571981482E+00    4.2947994833E-01   -1.5818060378E+02    3.7358366030E-02
    1.9919980000E-03    9.4887124480E-01    4.4137607219E-01   -1.5851796093E+02    3.7981755438E-02
    1.9959980000E-03    8.3875237175E-01    4.0430470899E-01   -1.5888494219E+02    3.8915747586E-02
    1.9999980000E-03    7.4361135629E-01    3.2309506796E-01   -1.5928210952E+02    3.9666005486E-02
