 sig=    1.000000000000000      inputfile=
 /home/rjrj524/Finished/vmec_gc_tracer/revised_251128/nc/wout_pwO_nfp2_A6.nc                                                                                                                             
 dt=   2.0000000000000001E-009
 steps=      1000000
 x0=   5.9999999999999998E-002    3.080000000000000      
    6.410000000000000     
 u=    143000.0000000000     
 v_perp=    92800.00000000000     
 
time(s)         x0(1)       x0(2)        x0(3)      r
    3.9980000000E-06    1.2322769887E+00   -2.3828240843E-01    6.8281123642E+00    6.4614065209E-02
    7.9980000000E-06    1.1419352626E+00   -3.7594831338E-01    7.2899540400E+00    6.9937899658E-02
    1.1998000000E-05    1.0124853104E+00   -4.1566355417E-01    7.8071317697E+00    7.3261451201E-02
    1.5998000000E-05    8.9376090802E-01   -3.5174924841E-01    8.3807946812E+00    7.4060272435E-02
    1.9998000000E-05    8.3998816906E-01   -2.1751619076E-01    8.9916937894E+00    7.3296687073E-02
    2.3998000000E-05    8.7514525571E-01   -6.9582750346E-02    9.5994086578E+00    7.1705323459E-02
    2.7998000000E-05    9.7578051149E-01    2.9823319183E-02    1.0175265092E+01    6.9355636444E-02
    3.1998000000E-05    1.0754941482E+00    5.1494780764E-02    1.0711166762E+01    6.6297771738E-02
    3.5998000000E-05    1.1391149740E+00    2.7383894936E-02    1.1205586601E+01    6.4405981832E-02
    3.9998000000E-05    1.1727843074E+00   -1.2827892694E-02    1.1667111226E+01    6.4310903032E-02
    4.3998000000E-05    1.1866667875E+00   -6.1121852776E-02    1.2104571242E+01    6.4561088541E-02
    4.7998000000E-05    1.1855558832E+00   -1.0175379428E-01    1.2530849300E+01    6.3283323453E-02
    5.1998000000E-05    1.1670229780E+00   -1.2820498048E-01    1.2962100316E+01    5.9077910162E-02
    5.5998000000E-05    1.1275154103E+00   -1.5648109562E-01    1.3411495120E+01    5.4052906743E-02
    5.9998000000E-05    1.0659480976E+00   -1.7504514327E-01    1.3893880565E+01    5.0427474771E-02
    6.3998000000E-05    9.7770207977E-01   -1.5881484190E-01    1.4417192392E+01    4.8746771736E-02
    6.7998000000E-05    8.7075167193E-01   -8.4171847004E-02    1.4982248199E+01    4.8281272613E-02
    7.1998000000E-05    7.8882231749E-01    5.4464126776E-02    1.5587574329E+01    4.8207066979E-02
    7.5998000000E-05    7.8043767487E-01    2.2170392743E-01    1.6221048229E+01    4.8195188224E-02
    7.9998000000E-05    8.5859247600E-01    3.6270803672E-01    1.6844331741E+01    4.8582280501E-02
    8.3998000000E-05    9.9181419722E-01    4.2863200405E-01    1.7418759719E+01    4.8744605617E-02
    8.7998000000E-05    1.1283761838E+00    3.9383715333E-01    1.7933439006E+01    4.7731686590E-02
    9.1998000000E-05    1.2220134656E+00    2.6855462349E-01    1.8395130760E+01    4.5155684611E-02
    9.5998000000E-05    1.2586330177E+00    7.9722246236E-02    1.8816924359E+01    4.2202369955E-02
    9.9998000000E-05    1.2467182072E+00   -1.2877336113E-01    1.9226093072E+01    4.3874903534E-02
    1.0399800000E-04    1.1838410185E+00   -2.9501930714E-01    1.9666152204E+01    4.8784531478E-02
    1.0799800000E-04    1.0727218105E+00   -3.7973266047E-01    2.0157171113E+01    5.2875113491E-02
    1.1199800000E-04    9.4922215767E-01   -3.6155605079E-01    2.0705320883E+01    5.4756653465E-02
    1.1599800000E-04    8.6774519436E-01   -2.5680456842E-01    2.1300934992E+01    5.4705008529E-02
    1.1999800000E-04    8.6345721012E-01   -1.1241334566E-01    2.1911945478E+01    5.3445337623E-02
    1.2399800000E-04    9.3256631347E-01    1.4198732310E-02    2.2503762301E+01    5.1110854144E-02
    1.2799800000E-04    1.0300334492E+00    7.7326676623E-02    2.3061106127E+01    4.7634718007E-02
    1.3199800000E-04    1.1099471861E+00    7.5128436080E-02    2.3576969210E+01    4.4856049401E-02
    1.3599800000E-04    1.1599254985E+00    3.7633684557E-02    2.4053825622E+01    4.3826294296E-02
    1.3999800000E-04    1.1858529621E+00   -1.5109691278E-02    2.4500592794E+01    4.4285813046E-02
    1.4399800000E-04    1.1936698671E+00   -6.9645952208E-02    2.4928207791E+01    4.4273225567E-02
    1.4799800000E-04    1.1838259425E+00   -1.1223621997E-01    2.5353752077E+01    4.1656688410E-02
    1.5199800000E-04    1.1517270388E+00   -1.4905121312E-01    2.5792661621E+01    3.7532698876E-02
    1.5599800000E-04    1.0982683640E+00   -1.7920284149E-01    2.6260111112E+01    3.3871954490E-02
    1.5999800000E-04    1.0199436245E+00   -1.8172290208E-01    2.6767091442E+01    3.2068194282E-02
    1.6399800000E-04    9.2031525703E-01   -1.3271878074E-01    2.7317140209E+01    3.1787954817E-02
    1.6799800000E-04    8.2827794281E-01   -1.8947311386E-02    2.7907931327E+01    3.2194883703E-02
    1.7199800000E-04    7.9115555098E-01    1.3837290622E-01    2.8531322100E+01    3.2637176363E-02
    1.7599800000E-04    8.3459905972E-01    2.9047498964E-01    2.9159451780E+01    3.3144522190E-02
    1.7999800000E-04    9.4501401988E-01    3.8587845695E-01    2.9752652827E+01    3.3472303880E-02
    1.8399800000E-04    1.0790071847E+00    3.9002174951E-01    3.0289340536E+01    3.3022606212E-02
    1.8799800000E-04    1.1873626427E+00    2.9975453733E-01    3.0769921661E+01    3.1285476683E-02
    1.9199800000E-04    1.2435122905E+00    1.4098791496E-01    3.1205679560E+01    2.8705173357E-02
    1.9599800000E-04    1.2495664245E+00   -5.2470211297E-02    3.1616103343E+01    2.8241981875E-02
    1.9999800000E-04    1.2085073842E+00   -2.2884308510E-01    3.2041401280E+01    3.1682309996E-02
    2.0399800000E-04    1.1163708132E+00   -3.4331025337E-01    3.2510420731E+01    3.5337539065E-02
    2.0799800000E-04    9.9393644400E-01   -3.6519038958E-01    3.3034782328E+01    3.7606413601E-02
    2.1199800000E-04    8.8924020553E-01   -2.9201780730E-01    3.3613203912E+01    3.8196289410E-02
    2.1599800000E-04    8.4700546413E-01   -1.5749346227E-01    3.4224601811E+01    3.7653021699E-02
    2.1999800000E-04    8.8047517931E-01   -1.3396107915E-02    3.4833116013E+01    3.6242849123E-02
    2.2399800000E-04    9.6608284176E-01    8.9278256497E-02    3.5413710749E+01    3.3718573853E-02
    2.2799800000E-04    1.0582215655E+00    1.2438413479E-01    3.5955653298E+01    3.1133335473E-02
    2.3199800000E-04    1.1277173701E+00    1.0573897273E-01    3.6455185845E+01    3.0009422183E-02
    2.3599800000E-04    1.1707209290E+00    5.9103082311E-02    3.6917873993E+01    3.0789479846E-02
    2.3999800000E-04    1.1925942047E+00    2.4135148328E-03    3.7353135309E+01    3.2548496182E-02
    2.4399800000E-04    1.1954277621E+00   -5.0189379086E-02    3.7776483934E+01    3.2213541555E-02
    2.4799800000E-04    1.1755011054E+00   -9.8631266638E-02    3.8205682070E+01    2.9673210620E-02
    2.5199800000E-04    1.1347789862E+00   -1.4340007174E-01    3.8657402240E+01    2.6508418848E-02
    2.5599800000E-04    1.0700591161E+00   -1.6836083743E-01    3.9144654630E+01    2.5067539645E-02
    2.5999800000E-04    9.8077845495E-01   -1.5002359417E-01    3.9674186873E+01    2.5437510248E-02
    2.6399800000E-04    8.8412679219E-01   -6.8252746043E-02    4.0245692768E+01    2.6716658238E-02
    2.6799800000E-04    8.2262299391E-01    6.9963873570E-02    4.0852677615E+01    2.7696238151E-02
    2.7199800000E-04    8.3199553901E-01    2.2338478747E-01    4.1476406197E+01    2.8362112109E-02
    2.7599800000E-04    9.1452564662E-01    3.3973494982E-01    4.2081578496E+01    2.8634160028E-02
    2.7999800000E-04    1.0386833544E+00    3.7615581995E-01    4.2638007000E+01    2.8071544769E-02
    2.8399800000E-04    1.1552250136E+00    3.1637061629E-01    4.3137461434E+01    2.6287595888E-02
    2.8799800000E-04    1.2275981701E+00    1.7958196973E-01    4.3586997895E+01    2.3616335817E-02
    2.9199800000E-04    1.2491816053E+00   -1.2215579519E-03    4.4002762953E+01    2.1888563088E-02
    2.9599800000E-04    1.2252015014E+00   -1.8134251581E-01    4.4419406035E+01    2.3885928920E-02
    2.9999800000E-04    1.1505361890E+00   -3.1571217768E-01    4.4871327395E+01    2.6815696402E-02
    3.0399800000E-04    1.0336902660E+00   -3.7077480815E-01    4.5374288203E+01    2.8846397328E-02
    3.0799800000E-04    9.1311799226E-01   -3.2931791463E-01    4.5933933895E+01    2.9566925207E-02
    3.1199800000E-04    8.3783275100E-01   -2.1052566928E-01    4.6539721714E+01    2.9338747291E-02
    3.1599800000E-04    8.3618167175E-01   -5.9091175396E-02    4.7160102634E+01    2.8571613948E-02
    3.1999800000E-04    9.0230418769E-01    7.2725620906E-02    4.7761625840E+01    2.7257857776E-02
    3.2399800000E-04    9.9833671331E-01    1.4561324609E-01    4.8327434225E+01    2.5478270465E-02
    3.2799800000E-04    1.0839550082E+00    1.5561487844E-01    4.8851073061E+01    2.4702146784E-02
    3.3199800000E-04    1.1442561960E+00    1.2465828411E-01    4.9333213796E+01    2.5784555725E-02
    3.3599800000E-04    1.1808387349E+00    7.5406544783E-02    4.9781282529E+01    2.8586598818E-02
    3.3999800000E-04    1.1970875204E+00    2.3677950674E-02    5.0208512220E+01    3.0449300462E-02
    3.4399800000E-04    1.1904565256E+00   -2.9497873219E-02    5.0632291437E+01    3.0051937676E-02
    3.4799800000E-04    1.1640222718E+00   -8.4435836151E-02    5.1070427376E+01    2.7765190045E-02
    3.5199800000E-04    1.1156658445E+00   -1.2738740378E-01    5.1538071944E+01    2.6702901922E-02
    3.5599800000E-04    1.0410450069E+00   -1.3850880574E-01    5.2044256163E+01    2.7577307092E-02
    3.5999800000E-04    9.4683983926E-01   -9.2842980257E-02    5.2593106100E+01    2.9838584635E-02
    3.6399800000E-04    8.6550602269E-01    1.8583570314E-02    5.3180030905E+01    3.1917262439E-02
    3.6799800000E-04    8.4072317562E-01    1.6599982637E-01    5.3793029039E+01    3.3059990998E-02
    3.7199800000E-04    8.9131208320E-01    2.9826643776E-01    5.4404608425E+01    3.3479758131E-02
    3.7599800000E-04    1.0003706063E+00    3.6544108163E-01    5.4979566925E+01    3.2886150283E-02
    3.7999800000E-04    1.1221455427E+00    3.3732951907E-01    5.5499509911E+01    3.0806204460E-02
    3.8399800000E-04    1.2108199967E+00    2.2010932057E-01    5.5965009072E+01    2.7525768214E-02
    3.8799800000E-04    1.2485140190E+00    4.5332285131E-02    5.6388692233E+01    2.4542604127E-02
    3.9199800000E-04    1.2397256950E+00   -1.4317152697E-01    5.6800064488E+01    2.5250819490E-02
    3.9599800000E-04    1.1811663869E+00   -2.9661056491E-01    5.7238156530E+01    2.7807769935E-02
    3.9999800000E-04    1.0723570312E+00   -3.8114817158E-01    5.7722035227E+01    2.9591183425E-02
    4.0399800000E-04    9.4159472708E-01   -3.7136036893E-01    5.8262236857E+01    3.0151610870E-02
    4.0799800000E-04    8.3789088011E-01   -2.7271400856E-01    5.8857207618E+01    2.9894589011E-02
    4.1199800000E-04    8.0205275797E-01   -1.2134520990E-01    5.9483454851E+01    2.9342847832E-02
    4.1599800000E-04    8.4400096096E-01    3.1213302914E-02    6.0102614274E+01    2.8709888515E-02
    4.1999800000E-04    9.3659936507E-01    1.3750728478E-01    6.0689072184E+01    2.8002361377E-02
    4.2399800000E-04    1.0337055631E+00    1.7888349609E-01    6.1234643599E+01    2.7926418346E-02
    4.2799800000E-04    1.1088817040E+00    1.6998918689E-01    6.1737072314E+01    2.9442766723E-02
    4.3199800000E-04    1.1592489724E+00    1.3464921134E-01    6.2200672717E+01    3.2811637244E-02
    4.3599800000E-04    1.1883607615E+00    9.2686554612E-02    6.2636745418E+01    3.6425030413E-02
    4.3999800000E-04    1.1949108801E+00    4.5540906293E-02    6.3060973258E+01    3.8367470594E-02
    4.4399800000E-04    1.1828641376E+00   -1.1001467450E-02    6.3489725056E+01    3.7673707489E-02
    4.4799800000E-04    1.1518744032E+00   -6.3523814727E-02    6.3940140109E+01    3.6942136403E-02
    4.5199800000E-04    1.0959673322E+00   -9.7239374586E-02    6.4422851429E+01    3.7910380763E-02
    4.5599800000E-04    1.0119205950E+00   -8.9509662110E-02    6.4946079430E+01    4.0579005243E-02
    4.5999800000E-04    9.1733194383E-01   -1.4536341398E-02    6.5510222763E+01    4.3790678059E-02
    4.6399800000E-04    8.5781882984E-01    1.1786030398E-01    6.6107222493E+01    4.5847680926E-02
    4.6799800000E-04    8.7178330636E-01    2.6067731214E-01    6.6719334896E+01    4.6863291356E-02
    4.7199800000E-04    9.5888999116E-01    3.5852717918E-01    6.7311434519E+01    4.6718371071E-02
    4.7599800000E-04    1.0820885007E+00    3.6779122461E-01    6.7854198315E+01    4.4758681056E-02
    4.7999800000E-04    1.1886122672E+00    2.7667146790E-01    6.8340055720E+01    4.0881978546E-02
    4.8399800000E-04    1.2461879077E+00    1.0950664996E-01    6.8776570519E+01    3.6469688323E-02
    4.8799800000E-04    1.2540294809E+00   -9.2948269304E-02    6.9185830229E+01    3.5386821784E-02
    4.9199800000E-04    1.2132680522E+00   -2.7232356395E-01    6.9610750471E+01    3.8107033013E-02
    4.9599800000E-04    1.1167978018E+00   -3.8870575494E-01    7.0076367286E+01    4.0297268171E-02
    4.9999800000E-04    9.8141274537E-01   -4.1466705075E-01    7.0595624436E+01    4.1054948586E-02
    5.0399800000E-04    8.5381957878E-01   -3.4243731310E-01    7.1174028875E+01    4.0804639447E-02
    5.0799800000E-04    7.8354075564E-01   -1.9924468222E-01    7.1798421308E+01    4.0343857900E-02
    5.1199800000E-04    7.9754346475E-01   -3.4136767386E-02    7.2430095851E+01    4.0172412650E-02
    5.1599800000E-04    8.8034369764E-01    9.9879317293E-02    7.3033299007E+01    4.0050771130E-02
    5.1999800000E-04    9.8479801272E-01    1.7053495539E-01    7.3596478681E+01    4.0422437274E-02
    5.2399800000E-04    1.0714690421E+00    1.8398791762E-01    7.4117366577E+01    4.2125372339E-02
    5.2799800000E-04    1.1325394437E+00    1.6328662465E-01    7.4597116267E+01    4.5709762223E-02
    5.3199800000E-04    1.1716628293E+00    1.3280713421E-01    7.5044439036E+01    5.0414074657E-02
    5.3599800000E-04    1.1890817429E+00    1.0061399139E-01    7.5474197252E+01    5.4308622009E-02
    5.3999800000E-04    1.1889034480E+00    5.3744070947E-02    7.5900012786E+01    5.5441682277E-02
    5.4399800000E-04    1.1725549317E+00    2.0439894273E-03    7.6338739965E+01    5.5248415319E-02
    5.4799800000E-04    1.1352751542E+00   -4.0054415856E-02    7.6802904864E+01    5.5747819432E-02
    5.5199800000E-04    1.0678878769E+00   -6.1067268342E-02    7.7301619955E+01    5.8072399628E-02
    5.5599800000E-04    9.6991488304E-01   -2.9302032582E-02    7.7842218998E+01    6.1551147042E-02
    5.5999800000E-04    8.7788695839E-01    7.6573360961E-02    7.8421128818E+01    6.4252647361E-02
    5.6399800000E-04    8.5184410594E-01    2.2287436339E-01    7.9028619386E+01    6.5936400155E-02
    5.6799800000E-04    9.1072369543E-01    3.4943370943E-01    7.9635121825E+01    6.6582994527E-02
    5.7199800000E-04    1.0292727500E+00    4.0185788200E-01    8.0202342327E+01    6.5474515905E-02
    5.7599800000E-04    1.1533070857E+00    3.5028617781E-01    8.0713088643E+01    6.1839034695E-02
    5.7999800000E-04    1.2360865976E+00    2.0455722109E-01    8.1169218238E+01    5.6519593101E-02
    5.8399800000E-04    1.2647014391E+00   -3.5395783464E-03    8.1584252135E+01    5.2643652755E-02
    5.8799800000E-04    1.2458030403E+00   -2.1491216612E-01    8.1995855071E+01    5.5090247138E-02
    5.9199800000E-04    1.1707091687E+00   -3.7042341074E-01    8.2442179363E+01    5.8787936564E-02
    5.9599800000E-04    1.0428215832E+00   -4.4070346020E-01    8.2938122922E+01    6.0955678472E-02
    5.9999800000E-04    8.9998762755E-01   -4.0710926051E-01    8.3493042679E+01    6.1374428208E-02
    6.0399800000E-04    7.9782616532E-01   -2.8541124834E-01    8.4103498484E+01    6.1119654068E-02
    6.0799800000E-04    7.7945101021E-01   -1.1998192388E-01    8.4737435859E+01    6.1116176140E-02
    6.1199800000E-04    8.4740585478E-01    3.1211593929E-02    8.5350569863E+01    6.1238400814E-02
    6.1599800000E-04    9.5792425682E-01    1.2053134921E-01    8.5923812289E+01    6.1451986158E-02
    6.1999800000E-04    1.0535184027E+00    1.4418658890E-01    8.6455850520E+01    6.2369825642E-02
    6.2399800000E-04    1.1179493091E+00    1.2927578231E-01    8.6947213239E+01    6.4917146889E-02
    6.2799800000E-04    1.1583396518E+00    9.8608466316E-02    8.7403624122E+01    7.0077494180E-02
    6.3199800000E-04    1.1804975293E+00    7.3236512674E-02    8.7837642066E+01    7.4297065465E-02
    6.3599800000E-04    1.1825927930E+00    4.6430239050E-02    8.8264394551E+01    7.5857289787E-02
    6.3999800000E-04    1.1706668359E+00    4.8465753610E-03    8.8697697067E+01    7.4290450049E-02
    6.4399800000E-04    1.1415878853E+00   -3.4155948658E-02    8.9152899006E+01    7.2846446330E-02
    6.4799800000E-04    1.0863360196E+00   -5.9723131451E-02    8.9639039540E+01    7.3040190220E-02
    6.5199800000E-04    9.9105754305E-01   -5.4290787752E-02    9.0164688644E+01    7.4556186634E-02
    6.5599800000E-04    8.7738008994E-01    2.5758477224E-02    9.0732428586E+01    7.5923384081E-02
    6.5999800000E-04    8.1603781870E-01    1.7170904324E-01    9.1338046059E+01    7.6945492879E-02
    6.6399800000E-04    8.4630041193E-01    3.2386918466E-01    9.1959264354E+01    7.7618372005E-02
    6.6799800000E-04    9.5535383401E-01    4.2153001789E-01    9.2552777426E+01    7.7532802427E-02
    6.7199800000E-04    1.0941253038E+00    4.2246861087E-01    9.3091033980E+01    7.5556747630E-02
    6.7599800000E-04    1.2059706534E+00    3.1916629139E-01    9.3571976366E+01    7.1196614204E-02
    6.7999800000E-04    1.2621296938E+00    1.3368119190E-01    9.4004811367E+01    6.5889563524E-02
    6.8399800000E-04    1.2664432268E+00   -9.3744419603E-02    9.4410403290E+01    6.5120743366E-02
    6.8799800000E-04    1.2210217878E+00   -2.9112269774E-01    9.4835777330E+01    7.0175176354E-02
    6.9199800000E-04    1.1183550403E+00   -4.1177734306E-01    9.5306713025E+01    7.4807132107E-02
    6.9599800000E-04    9.8036263412E-01   -4.3110237067E-01    9.5833800954E+01    7.7213493487E-02
    6.9999800000E-04    8.6058888226E-01   -3.4909751875E-01    9.6418154200E+01    7.7550365862E-02
    7.0399800000E-04    8.1211735635E-01   -2.0253807910E-01    9.7038067218E+01    7.6982213697E-02
    7.0799800000E-04    8.5704336189E-01   -4.9678854418E-02    9.7650083629E+01    7.6104226853E-02
    7.1199800000E-04    9.6606400707E-01    4.7304263616E-02    9.8226188210E+01    7.4950846271E-02
    7.1599800000E-04    1.0694106045E+00    6.4776294795E-02    9.8760612182E+01    7.3465171648E-02
    7.1999800000E-04    1.1319906306E+00    4.3351491751E-02    9.9254193617E+01    7.3067365899E-02
    7.2399800000E-04    1.1656077821E+00    6.8858979670E-03    9.9715097397E+01    7.4393950226E-02
    7.2799800000E-04    1.1808495443E+00   -3.5247927298E-02    1.0015176741E+02    7.6321846951E-02
    7.3199800000E-04    1.1822995367E+00   -6.4486279843E-02    1.0057853462E+02    7.5680503459E-02
    7.3599800000E-04    1.1643222434E+00   -8.8419334008E-02    1.0101000629E+02    7.1973713742E-02
    7.3999800000E-04    1.1282214564E+00   -1.1986333616E-01    1.0146060173E+02    6.6622445743E-02
    7.4399800000E-04    1.0696864237E+00   -1.4007696637E-01    1.0194425456E+02    6.3628868992E-02
    7.4799800000E-04    9.8056704621E-01   -1.2684217557E-01    1.0246774315E+02    6.2544425655E-02
    7.5199800000E-04    8.6867611257E-01   -5.2659980653E-02    1.0303252861E+02    6.2295628748E-02
    7.5599800000E-04    7.8758124339E-01    8.9082762502E-02    1.0363806268E+02    6.2198250907E-02
    7.5999800000E-04    7.8752749055E-01    2.5618997047E-01    1.0427069560E+02    6.2123118194E-02
    7.6399800000E-04    8.7618072487E-01    3.9030177124E-01    1.0488895481E+02    6.2384876192E-02
    7.6799800000E-04    1.0154300085E+00    4.4299989825E-01    1.0545541837E+02    6.2150287353E-02
    7.7199800000E-04    1.1502033868E+00    3.9164106033E-01    1.0596213051E+02    6.0291747689E-02
    7.7599800000E-04    1.2365764303E+00    2.4994152356E-01    1.0641691322E+02    5.6741376548E-02
    7.7999800000E-04    1.2651728459E+00    4.5189731594E-02    1.0683317456E+02    5.3488539272E-02
    7.8399800000E-04    1.2458671435E+00   -1.6973856556E-01    1.0724357728E+02    5.6347923507E-02
    7.8799800000E-04    1.1733349170E+00   -3.3045883114E-01    1.0769051496E+02    6.1788677173E-02
    7.9199800000E-04    1.0541980002E+00   -4.0183581903E-01    1.0819033627E+02    6.5880439215E-02
    7.9599800000E-04    9.2965694714E-01   -3.6792336227E-01    1.0874742027E+02    6.7426269901E-02
    7.9999800000E-04    8.5589545340E-01   -2.5156103357E-01    1.0934919866E+02    6.7036555368E-02
    8.0399800000E-04    8.6580675080E-01   -1.0403269626E-01    1.0995968433E+02    6.5529758626E-02
    8.0799800000E-04    9.4954177597E-01    1.3755244989E-02    1.1054514456E+02    6.3097941335E-02
    8.1199800000E-04    1.0513882003E+00    5.8964023537E-02    1.1109345202E+02    5.9624326978E-02
    8.1599800000E-04    1.1251809839E+00    4.4845097194E-02    1.1159972154E+02    5.7013808186E-02
    8.1999800000E-04    1.1672275635E+00    5.6870363242E-03    1.1206968227E+02    5.6194843126E-02
    8.2399800000E-04    1.1869520464E+00   -4.4633893827E-02    1.1251254779E+02    5.6430768909E-02
    8.2799800000E-04    1.1898790811E+00   -9.3314446725E-02    1.1293962562E+02    5.5654505597E-02
    8.3199800000E-04    1.1764692834E+00   -1.2704266672E-01    1.1336760985E+02    5.2206349874E-02
    8.3599800000E-04    1.1413935888E+00   -1.5710255713E-01    1.1381042299E+02    4.7503132618E-02
    8.3999800000E-04    1.0850576286E+00   -1.8124515194E-01    1.1428301468E+02    4.3503474656E-02
    8.4399800000E-04    1.0033264840E+00   -1.7631469658E-01    1.1479560145E+02    4.1466607950E-02
    8.4799800000E-04    9.0017328455E-01   -1.1817510871E-01    1.1535071773E+02    4.0867458748E-02
    8.5199800000E-04    8.0871757171E-01    5.0765002608E-03    1.1594646146E+02    4.0932636836E-02
    8.5599800000E-04    7.7872633137E-01    1.6826757365E-01    1.1657480402E+02    4.1053461275E-02
    8.5999800000E-04    8.3385861168E-01    3.2020024865E-01    1.1720429968E+02    4.1459721844E-02
    8.6399800000E-04    9.5421943252E-01    4.0924569489E-01    1.1779360281E+02    4.1802006176E-02
    8.6799800000E-04    1.0926210422E+00    4.0288723491E-01    1.1832424849E+02    4.1310907124E-02
    8.7199800000E-04    1.1992273440E+00    3.0168527060E-01    1.1879933979E+02    3.9353849666E-02
    8.7599800000E-04    1.2506303382E+00    1.3170276039E-01    1.1923088634E+02    3.6496746906E-02
    8.7999800000E-04    1.2516207717E+00   -7.1545918184E-02    1.1963972846E+02    3.6517007787E-02
    8.8399800000E-04    1.2041980336E+00   -2.4991292847E-01    1.2006849509E+02    4.0748761644E-02
    8.8799800000E-04    1.1055495801E+00   -3.5842741423E-01    1.2054395158E+02    4.4915344305E-02
    8.9199800000E-04    9.8149970695E-01   -3.6892568471E-01    1.2107586958E+02    4.7306334734E-02
    8.9599800000E-04    8.8360534133E-01   -2.8534560549E-01    1.2166010847E+02    4.7742239081E-02
    8.9999800000E-04    8.5463500901E-01   -1.4693071417E-01    1.2227130878E+02    4.6904849831E-02
    9.0399800000E-04    9.0230815462E-01   -8.4479784696E-03    1.2287292422E+02    4.5054485972E-02
    9.0799800000E-04    9.9465971576E-01    7.9276648490E-02    1.2344373567E+02    4.1949270837E-02
    9.1199800000E-04    1.0828566821E+00    9.7911099547E-02    1.2397477679E+02    3.9019628394E-02
    9.1599800000E-04    1.1439327532E+00    6.9573710533E-02    1.2446438315E+02    3.7658932853E-02
    9.1999800000E-04    1.1787811774E+00    1.9566361766E-02    1.2492013101E+02    3.8098766889E-02
    9.2399800000E-04    1.1938397916E+00   -3.7302017522E-02    1.2535188100E+02    3.8942123242E-02
    9.2799800000E-04    1.1910888453E+00   -8.6322106605E-02    1.2577562930E+02    3.7548817075E-02
    9.3199800000E-04    1.1660682800E+00   -1.2812316501E-01    1.2620838792E+02    3.4047982083E-02
    9.3599800000E-04    1.1198528604E+00   -1.6541979669E-01    1.2666569942E+02    3.0396148965E-02
    9.3999800000E-04    1.0494494917E+00   -1.8097382392E-01    1.2716022641E+02    2.8474417971E-02
    9.4399800000E-04    9.5541756895E-01   -1.5064949452E-01    1.2769766972E+02    2.8243979302E-02
    9.4799800000E-04    8.5823146151E-01   -5.6413719419E-02    1.2827675384E+02    2.8877464076E-02
    9.5199800000E-04    8.0328617429E-01    9.0710079618E-02    1.2889115135E+02    2.9508090456E-02
    9.5599800000E-04    8.2383615403E-01    2.4681271640E-01    1.2951931135E+02    3.0068646734E-02
    9.5999800001E-04    9.1718254495E-01    3.5944438307E-01    1.3012319848E+02    3.0436510658E-02
    9.6399800001E-04    1.0470127736E+00    3.8819996687E-01    1.3067472917E+02    3.0101007392E-02
    9.6799800001E-04    1.1635728733E+00    3.2054321156E-01    1.3116899988E+02    2.8562737791E-02
    9.7199800001E-04    1.2326918497E+00    1.7798471707E-01    1.3161489622E+02    2.6072716364E-02
    9.7599800001E-04    1.2504838974E+00   -7.4327486076E-03    1.3202899646E+02    2.4647056484E-02
    9.7999800001E-04    1.2223200636E+00   -1.8930100687E-01    1.3244707562E+02    2.7191251674E-02
    9.8399800001E-04    1.1431426589E+00   -3.2068871698E-01    1.3290320846E+02    3.0631140049E-02
    9.8799800001E-04    1.0248142715E+00   -3.6790762243E-01    1.3341216034E+02    3.3040532777E-02
    9.9199800001E-04    9.0933972725E-01   -3.1774114360E-01    1.3397721963E+02    3.3908453819E-02
    9.9599800001E-04    8.4536509638E-01   -1.9453259025E-01    1.3458413743E+02    3.3642813204E-02
    9.9999800001E-04    8.5625849380E-01   -4.6051250369E-02    1.3519926680E+02    3.2623807836E-02
    1.0039980000E-03    9.3002554919E-01    7.5280542455E-02    1.3579208494E+02    3.0704671757E-02
    1.0079980000E-03    1.0249765607E+00    1.3353449476E-01    1.3634848033E+02    2.8286351535E-02
    1.0119980000E-03    1.1042931352E+00    1.3083409978E-01    1.3686246015E+02    2.7034851650E-02
    1.0159980000E-03    1.1571222819E+00    9.2035635965E-02    1.3733664300E+02    2.7663395786E-02
    1.0199980000E-03    1.1870229422E+00    3.7857692260E-02    1.3777940991E+02    2.9862381718E-02
    1.0239980000E-03    1.1975190825E+00   -1.6276542379E-02    1.3820444166E+02    3.0739036029E-02
    1.0279980000E-03    1.1853279068E+00   -6.7562812120E-02    1.3862980248E+02    2.9214099413E-02
    1.0319980000E-03    1.1524343037E+00   -1.1776042947E-01    1.3907272835E+02    2.6286315707E-02
    1.0359980000E-03    1.0967557528E+00   -1.5355077864E-01    1.3954783969E+02    2.4750365202E-02
    1.0399980000E-03    1.0154257677E+00   -1.5286380531E-01    1.4006348360E+02    2.5150851583E-02
    1.0439980000E-03    9.1869517098E-01   -9.2583657807E-02    1.4062181367E+02    2.6804700216E-02
    1.0479980000E-03    8.4324578280E-01    3.0475754534E-02    1.4121765013E+02    2.8218755035E-02
    1.0519980000E-03    8.3046369339E-01    1.8243072723E-01    1.4183695487E+02    2.9064420901E-02
    1.0559980000E-03    8.9304557040E-01    3.1167448894E-01    1.4244872313E+02    2.9421915264E-02
    1.0599980000E-03    1.0087047635E+00    3.7069916956E-01    1.4301884374E+02    2.8941985499E-02
    1.0639980000E-03    1.1302126703E+00    3.3415496372E-01    1.4353274619E+02    2.7198562492E-02
    1.0679980000E-03    1.2147311836E+00    2.1286725069E-01    1.4399363670E+02    2.4407993782E-02
    1.0719980000E-03    1.2481055757E+00    3.8726265889E-02    1.4441529317E+02    2.1955919153E-02
    1.0759980000E-03    1.2355363262E+00   -1.4587763288E-01    1.4482779227E+02    2.3044903416E-02
    1.0799980000E-03    1.1734038017E+00   -2.9406381676E-01    1.4526919538E+02    2.5794881798E-02
    1.0839980000E-03    1.0636170765E+00   -3.7120143708E-01    1.4575810262E+02    2.7835394745E-02
    1.0879980000E-03    9.3729337850E-01   -3.5331239250E-01    1.4630355634E+02    2.8641084158E-02
    1.0919980000E-03    8.4366465218E-01   -2.4982434020E-01    1.4690088071E+02    2.8506243540E-02
    1.0959980000E-03    8.1951186527E-01   -9.9791124790E-02    1.4752373262E+02    2.7897653345E-02
    1.0999980000E-03    8.6939353595E-01    4.4899118805E-02    1.4813565546E+02    2.6966260264E-02
    1.1039980000E-03    9.6286870710E-01    1.3893306065E-01    1.4871440727E+02    2.5632728072E-02
    1.1079980000E-03    1.0556281518E+00    1.6779962822E-01    1.4925198841E+02    2.4926417735E-02
    1.1119980000E-03    1.1250378361E+00    1.4889696483E-01    1.4974679257E+02    2.5931370088E-02
    1.1159980000E-03    1.1697170811E+00    1.0581961067E-01    1.5020441016E+02    2.8838359090E-02
    1.1199980000E-03    1.1935633782E+00    5.7130046877E-02    1.5063648938E+02    3.1614501519E-02
    1.1239980000E-03    1.1946959016E+00    5.8054828271E-03    1.5105970129E+02    3.2448514369E-02
    1.1279980000E-03    1.1760184559E+00   -5.0901863621E-02    1.5149133870E+02    3.0770200150E-02
    1.1319980000E-03    1.1371287567E+00   -1.0056793754E-01    1.5194820320E+02    2.9602773702E-02
    1.1359980000E-03    1.0725926097E+00   -1.2588909208E-01    1.5244043029E+02    3.0332297487E-02
    1.1399980000E-03    9.8318832698E-01   -1.0252625038E-01    1.5297467917E+02    3.2676922008E-02
    1.1439980000E-03    8.9300345633E-01   -1.1476374709E-02    1.5354894187E+02    3.5324420477E-02
    1.1479980000E-03    8.4690426292E-01    1.2858157029E-01    1.5415381852E+02    3.6895044752E-02
    1.1519980000E-03    8.7492564338E-01    2.6925854634E-01    1.5476766370E+02    3.7594973430E-02
    1.1559980000E-03    9.7051304632E-01    3.5767917646E-01    1.5535484106E+02    3.7273813995E-02
    1.1599980000E-03    1.0937274094E+00    3.5525221608E-01    1.5589014853E+02    3.5378639672E-02
    1.1639980000E-03    1.1943554582E+00    2.5681525678E-01    1.5636920553E+02    3.1956492640E-02
    1.1679980000E-03    1.2453139735E+00    8.9944091179E-02    1.5680156577E+02    2.8279979284E-02
    1.1719980000E-03    1.2480200114E+00   -1.0406143213E-01    1.5721144271E+02    2.7847701780E-02
    1.1759980000E-03    1.2023378288E+00   -2.7233518416E-01    1.5764030200E+02    3.0379061956E-02
    1.1799980000E-03    1.1032674588E+00   -3.7800514986E-01    1.5811120686E+02    3.2351145273E-02
    1.1839980000E-03    9.7103082194E-01   -3.9310466282E-01    1.5863661571E+02    3.3056274140E-02
    1.1879980000E-03    8.5256579643E-01   -3.1351110143E-01    1.5921965346E+02    3.2844551088E-02
    1.1919980000E-03    7.9432766989E-01   -1.6887894642E-01    1.5984369667E+02    3.2323387177E-02
    1.1959980000E-03    8.1689819862E-01   -8.7443930775E-03    1.6047059088E+02    3.1856654445E-02
    1.1999980000E-03    9.0176945946E-01    1.1584648123E-01    1.6106846451E+02    3.1387855335E-02
    1.2039980000E-03    1.0030768876E+00    1.7657656736E-01    1.6162642442E+02    3.1409628777E-02
    1.2079980000E-03    1.0860165983E+00    1.8178258839E-01    1.6214146350E+02    3.2838073306E-02
    1.2119980000E-03    1.1438188604E+00    1.5451021872E-01    1.6261571257E+02    3.6126540230E-02
    1.2159980000E-03    1.1798012450E+00    1.1748057707E-01    1.6305873547E+02    4.0267617701E-02
    1.2199980000E-03    1.1935415141E+00    7.6581537794E-02    1.6348565890E+02    4.3336986127E-02
    1.2239980000E-03    1.1885023115E+00    2.3316513379E-02    1.6391144718E+02    4.3611465698E-02
    1.2279980000E-03    1.1659843659E+00   -3.1078368160E-02    1.6435370990E+02    4.3004641826E-02
    1.2319980000E-03    1.1208121556E+00   -7.2301617321E-02    1.6482449318E+02    4.3651712490E-02
    1.2359980000E-03    1.0461438360E+00   -8.3125900184E-02    1.6533283508E+02    4.6122034761E-02
    1.2399980000E-03    9.4972271427E-01   -3.3057368035E-02    1.6588316371E+02    4.9588749017E-02
    1.2439980000E-03    8.7125470687E-01    8.4465855813E-02    1.6646949916E+02    5.2162313157E-02
    1.2479980000E-03    8.6049045298E-01    2.2993342850E-01    1.6707922467E+02    5.3594157123E-02
    1.2519980000E-03    9.2902815217E-01    3.4626771395E-01    1.6768079060E+02    5.3907183380E-02
    1.2559980000E-03    1.0485428281E+00    3.8327041467E-01    1.6823925775E+02    5.2460537857E-02
    1.2599980000E-03    1.1656124334E+00    3.1738298040E-01    1.6874097904E+02    4.8759404972E-02
    1.2639980000E-03    1.2386233638E+00    1.6454237371E-01    1.6918972939E+02    4.3882132824E-02
    1.2679980000E-03    1.2594541245E+00   -3.9527960330E-02    1.6960200942E+02    4.1170243464E-02
    1.2719980000E-03    1.2328078507E+00   -2.3586483174E-01    1.7001844453E+02    4.3663473598E-02
    1.2759980000E-03    1.1500499894E+00   -3.7492716107E-01    1.7047151870E+02    4.6440001450E-02
    1.2799980000E-03    1.0191466230E+00   -4.2861398009E-01    1.7097536019E+02    4.7747531079E-02
    1.2839980000E-03    8.8142518972E-01   -3.8078194048E-01    1.7153848395E+02    4.7712993527E-02
    1.2879980000E-03    7.8967842064E-01   -2.5100876730E-01    1.7215463764E+02    4.7295088498E-02
    1.2919980000E-03    7.8110009201E-01   -8.4597515248E-02    1.7278966934E+02    4.7214843055E-02
    1.2959980000E-03    8.5179396043E-01    6.3077626743E-02    1.7340210506E+02    4.7259028845E-02
    1.2999980000E-03    9.5800303985E-01    1.5078544355E-01    1.7397510469E+02    4.7564951889E-02
    1.3039980000E-03    1.0512155868E+00    1.7654430728E-01    1.7450661574E+02    4.8958635212E-02
    1.3079980000E-03    1.1178169237E+00    1.6263142705E-01    1.7499645218E+02    5.2120476840E-02
    1.3119980000E-03    1.1612578109E+00    1.3434856054E-01    1.7545114583E+02    5.7068698741E-02
    1.3159980000E-03    1.1840123377E+00    1.0782739599E-01    1.7588469847E+02    6.1539901432E-02
    1.3199980000E-03    1.1878303120E+00    6.9821288944E-02    1.7631074471E+02    6.3366899923E-02
    1.3239980000E-03    1.1770287017E+00    2.1098144077E-02    1.7674485482E+02    6.3315663593E-02
    1.3279980000E-03    1.1474807435E+00   -2.1620809001E-02    1.7720117200E+02    6.3205898570E-02
    1.3319980000E-03    1.0903288924E+00   -5.0135709040E-02    1.7768871624E+02    6.4799805467E-02
    1.3359980000E-03    9.9704323431E-01   -4.0012018723E-02    1.7821669583E+02    6.7796162407E-02
    1.3399980000E-03    8.9169428939E-01    4.4967838584E-02    1.7878547116E+02    7.0426299430E-02
    1.3439980000E-03    8.4113956176E-01    1.8804366083E-01    1.7938835358E+02    7.2176226880E-02
    1.3479980000E-03    8.7851386918E-01    3.2919083694E-01    1.8000160734E+02    7.3136439955E-02
    1.3519980000E-03    9.8817780986E-01    4.0944460314E-01    1.8058440869E+02    7.2699866712E-02
    1.3559980000E-03    1.1197652957E+00    3.8966693645E-01    1.8111239314E+02    6.9872516822E-02
    1.3599980000E-03    1.2194527099E+00    2.6837796658E-01    1.8158385661E+02    6.4799807435E-02
    1.3639980000E-03    1.2641050106E+00    7.1533528539E-02    1.8200881001E+02    5.9643762463E-02
    1.3679980000E-03    1.2597313497E+00   -1.5168127448E-01    1.8241521287E+02    6.0413438694E-02
    1.3719980000E-03    1.2026092319E+00   -3.3197048360E-01    1.8284876290E+02    6.4867130197E-02
    1.3759980000E-03    1.0882903080E+00   -4.3250524270E-01    1.8332891508E+02    6.8183532996E-02
    1.3799980000E-03    9.4451363373E-01   -4.3054502793E-01    1.8386623131E+02    6.9441259636E-02
    1.3839980000E-03    8.2662757054E-01   -3.3144042639E-01    1.8446171050E+02    6.9415471044E-02
    1.3879980000E-03    7.8462654053E-01   -1.7415654010E-01    1.8509104091E+02    6.9215477617E-02
    1.3919980000E-03    8.3548333153E-01   -1.6544165808E-02    1.8570879104E+02    6.9141206342E-02
    1.3959980000E-03    9.4473974777E-01    8.5001655008E-02    1.8628845517E+02    6.9028039212E-02
    1.3999980000E-03    1.0480636629E+00    1.1293673821E-01    1.8682657987E+02    6.9176821007E-02
    1.4039980000E-03    1.1151036177E+00    9.9582308205E-02    1.8732397050E+02    7.0471760581E-02
    1.4079980000E-03    1.1552488275E+00    6.6891312604E-02    1.8778623876E+02    7.4320911380E-02
    1.4119980000E-03    1.1775963442E+00    3.4224091015E-02    1.8822284568E+02    7.8826114328E-02
    1.4159980000E-03    1.1820919475E+00    1.2013625516E-02    1.8864984186E+02    7.9973219893E-02
    1.4199980000E-03    1.1688040256E+00   -2.0844748633E-02    1.8908047570E+02    7.7325009468E-02
    1.4239980000E-03    1.1400845608E+00   -5.9106977669E-02    1.8953085719E+02    7.3910602995E-02
    1.4279980000E-03    1.0882104358E+00   -8.4448851520E-02    1.9001213455E+02    7.2628721956E-02
    1.4319980000E-03    9.9972644782E-01   -8.2655343526E-02    1.9053174626E+02    7.2790531938E-02
    1.4359980000E-03    8.8370513527E-01   -1.5730981058E-02    1.9109337435E+02    7.3382793456E-02
    1.4399980000E-03    8.0455329817E-01    1.2408950016E-01    1.9169543220E+02    7.3856636850E-02
    1.4439980000E-03    8.1237717292E-01    2.8564651227E-01    1.9232205312E+02    7.4180648429E-02
    1.4479980000E-03    9.0767890257E-01    4.0735035438E-01    1.9293087382E+02    7.4366262980E-02
    1.4519980000E-03    1.0478021479E+00    4.4148189842E-01    1.9348704323E+02    7.3394629088E-02
    1.4559980000E-03    1.1749371442E+00    3.6978078213E-01    1.9398443703E+02    7.0221774353E-02
    1.4599980000E-03    1.2500860447E+00    2.0898974483E-01    1.9443092272E+02    6.5457963188E-02
    1.4639980000E-03    1.2690813869E+00   -1.0193000695E-02    1.9484131552E+02    6.2512555359E-02
    1.4679980000E-03    1.2406035441E+00   -2.2394460331E-01    1.9525586143E+02    6.6640024978E-02
    1.4719980000E-03    1.1561875268E+00   -3.7211547005E-01    1.9571147024E+02    7.2009368942E-02
    1.4759980000E-03    1.0275797635E+00   -4.2499336671E-01    1.9622118251E+02    7.5537296413E-02
    1.4799980000E-03    9.0102149908E-01   -3.7241837709E-01    1.9678852206E+02    7.6535685097E-02
    1.4839980000E-03    8.3321738625E-01   -2.4267359372E-01    1.9739855766E+02    7.5978171011E-02
    1.4879980000E-03    8.5538899184E-01   -9.0126839094E-02    1.9801163654E+02    7.4709525492E-02
    1.4919980000E-03    9.5192268238E-01    2.1660084701E-02    1.9859443417E+02    7.2911301081E-02
    1.4959980000E-03    1.0587811379E+00    5.3583307533E-02    1.9913729416E+02    7.0331769043E-02
    1.4999980000E-03    1.1286592278E+00    3.4545172182E-02    1.9963812815E+02    6.8590555998E-02
    1.5039980000E-03    1.1661754433E+00   -1.8170985523E-03    2.0010467972E+02    6.8635450995E-02
    1.5079980000E-03    1.1831315422E+00   -4.7520253727E-02    2.0054559590E+02    6.9377775318E-02
    1.5119980000E-03    1.1851177337E+00   -8.7221278238E-02    2.0097282478E+02    6.8842662055E-02
    1.5159980000E-03    1.1706695934E+00   -1.1211807498E-01    2.0140255483E+02    6.5053828461E-02
    1.5199980000E-03    1.1355958868E+00   -1.4023567630E-01    2.0184778684E+02    5.9943067761E-02
    1.5239980000E-03    1.0795373437E+00   -1.6274740063E-01    2.0232386779E+02    5.5935363665E-02
    1.5279980000E-03    9.9641056070E-01   -1.5525196192E-01    2.0283964004E+02    5.4125214284E-02
    1.5319980000E-03    8.8912420460E-01   -9.3084730201E-02    2.0339709344E+02    5.3548507022E-02
    1.5359980000E-03    7.9772745176E-01    3.6480212549E-02    2.0399534526E+02    5.3410757644E-02
    1.5399980000E-03    7.7536175194E-01    2.0304273256E-01    2.0462597104E+02    5.3292344198E-02
    1.5439980000E-03    8.4240201815E-01    3.5181756800E-01    2.0525376631E+02    5.3586895937E-02
    1.5479980000E-03    9.7183278499E-01    4.3096359808E-01    2.0583671693E+02    5.3757375318E-02
    1.5519980000E-03    1.1124606854E+00    4.1017839592E-01    2.0635979146E+02    5.2814836536E-02
    1.5559980000E-03    1.2144618190E+00    2.9434741144E-01    2.0682819758E+02    5.0182584921E-02
    1.5599980000E-03    1.2588067868E+00    1.0931137325E-01    2.0725428426E+02    4.6808144459E-02
    1.5639980000E-03    1.2531784825E+00   -1.0429297944E-01    2.0766191242E+02    4.7656490292E-02
    1.5679980000E-03    1.1973559292E+00   -2.8167456463E-01    2.0809598042E+02    5.2691164624E-02
    1.5719980000E-03    1.0905793245E+00   -3.8034709304E-01    2.0857950902E+02    5.7166709574E-02
    1.5759980000E-03    9.6430919841E-01   -3.7627088882E-01    2.0912021266E+02    5.9412290874E-02
    1.5799980000E-03    8.7340352580E-01   -2.8042423670E-01    2.0971115466E+02    5.9537308939E-02
    1.5839980000E-03    8.5847483515E-01   -1.3741720587E-01    2.1032252707E+02    5.8353195745E-02
    1.5879980000E-03    9.2162584626E-01   -5.4559816493E-03    2.1091752430E+02    5.6161236891E-02
    1.5919980000E-03    1.0208742756E+00    6.5089620418E-02    2.1147867430E+02    5.2722016100E-02
    1.5959980000E-03    1.1041538715E+00    6.7713614332E-02    2.1199879639E+02    4.9700959305E-02
    1.5999980000E-03    1.1564774719E+00    3.3021221348E-02    2.1247935059E+02    4.8345475128E-02
    1.6039980000E-03    1.1837305441E+00   -1.7276778335E-02    2.1292930693E+02    4.8568493897E-02
    1.6079980000E-03    1.1925507549E+00   -7.1128387521E-02    2.1335883938E+02    4.8496559620E-02
    1.6119980000E-03    1.1848893449E+00   -1.1327495468E-01    2.1378415410E+02    4.6117069992E-02
    1.6159980000E-03    1.1556274631E+00   -1.4745722524E-01    2.1422086695E+02    4.1834485464E-02
    1.6199980000E-03    1.1051887500E+00   -1.7759715095E-01    2.1468374799E+02    3.7747082109E-02
    1.6239980000E-03    1.0303241194E+00   -1.8433821988E-01    2.1518493838E+02    3.5490833758E-02
    1.6279980000E-03    9.3224121559E-01   -1.4315498932E-01    2.1572903683E+02    3.4822684582E-02
    1.6319980000E-03    8.3483432993E-01   -3.7509181149E-02    2.1631437396E+02    3.5033166984E-02
    1.6359980000E-03    7.8634358862E-01    1.1754013170E-01    2.1693506221E+02    3.5357106516E-02
    1.6399980000E-03    8.1837380227E-01    2.7545141781E-01    2.1756654018E+02    3.5793319682E-02
    1.6439980000E-03    9.2278895870E-01    3.8333904906E-01    2.1816803248E+02    3.6215984288E-02
    1.6479980000E-03    1.0584886683E+00    4.0291303720E-01    2.1871390011E+02    3.5995324013E-02
    1.6519980000E-03    1.1747611378E+00    3.2519244076E-01    2.1920249181E+02    3.4461172976E-02
    1.6559980000E-03    1.2398831612E+00    1.7342844189E-01    2.1964414415E+02    3.1860899391E-02
    1.6599980000E-03    1.2529991363E+00   -2.0727736987E-02    2.2005600628E+02    3.0704401478E-02
    1.6639980000E-03    1.2193627982E+00   -2.0600410594E-01    2.2047623816E+02    3.3987993099E-02
    1.6679980000E-03    1.1339856154E+00   -3.3354011182E-01    2.2093786347E+02    3.8000816694E-02
    1.6719980000E-03    1.0130782133E+00   -3.7077847975E-01    2.2145405924E+02    4.0698241706E-02
    1.6759980000E-03    9.0282859370E-01   -3.0996855743E-01    2.2202547132E+02    4.1547967891E-02
    1.6799980000E-03    8.5118150267E-01   -1.8139034877E-01    2.2263373922E+02    4.1092285883E-02
    1.6839980000E-03    8.7623980138E-01   -3.6204431101E-02    2.2324319041E+02    3.9703785383E-02
    1.6879980000E-03    9.5867516041E-01    7.2688911769E-02    2.2382661098E+02    3.7156391485E-02
    1.6919980000E-03    1.0519516987E+00    1.1433452902E-01    2.2437247248E+02    3.4263908257E-02
    1.6959980000E-03    1.1237267587E+00    9.9251704293E-02    2.2487596584E+02    3.2688728602E-02
    1.6999980000E-03    1.1682176260E+00    5.4509402271E-02    2.2534209491E+02    3.2991604497E-02
    1.7039980000E-03    1.1910145280E+00   -2.1133513626E-03    2.2577994557E+02    3.4467208209E-02
    1.7079980000E-03    1.1955329703E+00   -5.5454967350E-02    2.2620383270E+02    3.4328153947E-02
    1.7119980000E-03    1.1779257331E+00   -1.0190735666E-01    2.2663178250E+02    3.1675860452E-02
    1.7159980000E-03    1.1390520022E+00   -1.4545919226E-01    2.2707996357E+02    2.8198956368E-02
    1.7199980000E-03    1.0769225375E+00   -1.7259841538E-01    2.2756248342E+02    2.6181799506E-02
    1.7239980000E-03    9.8981469753E-01   -1.5987246506E-01    2.2808690273E+02    2.6015930242E-02
    1.7279980000E-03    8.9106140309E-01   -8.5982788954E-02    2.2865378888E+02    2.6964161476E-02
    1.7319980000E-03    8.2134267401E-01    4.7756922426E-02    2.2925790800E+02    2.7845524741E-02
    1.7359980000E-03    8.1999505545E-01    2.0388634543E-01    2.2988298295E+02    2.8510072735E-02
    1.7399980000E-03    8.9441411261E-01    3.3019851675E-01    2.3049461245E+02    2.8909845031E-02
    1.7439980000E-03    1.0168897254E+00    3.8142115219E-01    2.3105992526E+02    2.8622697870E-02
    1.7479980000E-03    1.1388668321E+00    3.3642048134E-01    2.3156804274E+02    2.7184622688E-02
    1.7519980000E-03    1.2199323514E+00    2.0980217294E-01    2.3202460584E+02    2.4722345463E-02
    1.7559980000E-03    1.2492236458E+00    3.2978880766E-02    2.3244417002E+02    2.2627836138E-02
    1.7599980000E-03    1.2326395260E+00   -1.5179207789E-01    2.3285759258E+02    2.4192849950E-02
    1.7639980000E-03    1.1661804191E+00   -2.9681746640E-01    2.3330264159E+02    2.7354903761E-02
    1.7679980000E-03    1.0544314188E+00   -3.6664512431E-01    2.3379721917E+02    2.9775414140E-02
    1.7719980000E-03    9.3210859829E-01   -3.3983185890E-01    2.3434844349E+02    3.0814930442E-02
    1.7759980000E-03    8.4897892694E-01   -2.3080105194E-01    2.3494820956E+02    3.0740887089E-02
    1.7799980000E-03    8.3744257624E-01   -8.2090262116E-02    2.3556721510E+02    3.0001542448E-02
    1.7839980000E-03    8.9623412640E-01    5.3848204931E-02    2.3617102219E+02    2.8626419726E-02
    1.7879980000E-03    9.9040040493E-01    1.3422073733E-01    2.3674085440E+02    2.6569779336E-02
    1.7919980000E-03    1.0779416105E+00    1.4965663362E-01    2.3726911634E+02    2.5296250384E-02
    1.7959980000E-03    1.1404106126E+00    1.2117229531E-01    2.3775554409E+02    2.5807685448E-02
    1.7999980000E-03    1.1785229687E+00    7.1552344440E-02    2.3820707937E+02    2.8207803619E-02
    1.8039980000E-03    1.1965393813E+00    1.8199476856E-02    2.3863573549E+02    3.0126362080E-02
    1.8079980000E-03    1.1920739769E+00   -3.4114335200E-02    2.3905913139E+02    2.9754974570E-02
    1.8119980000E-03    1.1668155762E+00   -8.8088529318E-02    2.3949470609E+02    2.7289806350E-02
    1.8159980000E-03    1.1202074061E+00   -1.3242868372E-01    2.3995865669E+02    2.5669179429E-02
    1.8199980000E-03    1.0478390821E+00   -1.4727975162E-01    2.4046059637E+02    2.6034520431E-02
    1.8239980000E-03    9.5415270889E-01   -1.0846235944E-01    2.4100527635E+02    2.7921442768E-02
    1.8279980000E-03    8.6848264798E-01   -3.2953948574E-03    2.4158920753E+02    2.9897614774E-02
    1.8319980000E-03    8.3483815546E-01    1.4334585629E-01    2.4220161605E+02    3.1034667733E-02
    1.8359980000E-03    8.7624203651E-01    2.8193122800E-01    2.4281690109E+02    3.1542408211E-02
    1.8399980000E-03    9.8019223415E-01    3.6165247368E-01    2.4339932977E+02    3.1197953662E-02
    1.8439980000E-03    1.1038605518E+00    3.4889528017E-01    2.4392774911E+02    2.9521124323E-02
    1.8479980000E-03    1.1996525930E+00    2.4447312834E-01    2.4440088703E+02    2.6587704616E-02
    1.8519980000E-03    1.2451413600E+00    7.7878674614E-02    2.4483000151E+02    2.3536598043E-02
    1.8559980000E-03    1.2434145192E+00   -1.1034307226E-01    2.4524056423E+02    2.3613471986E-02
    1.8599980000E-03    1.1934802266E+00   -2.7110025290E-01    2.4567285462E+02    2.6190106737E-02
    1.8639980000E-03    1.0923930126E+00   -3.6821914216E-01    2.4614886688E+02    2.8252638171E-02
    1.8679980000E-03    9.6357459926E-01   -3.7383810444E-01    2.4668015377E+02    2.9123615315E-02
    1.8719980000E-03    8.5448961000E-01   -2.8777168434E-01    2.4726704547E+02    2.9041260884E-02
    1.8759980000E-03    8.0845804379E-01   -1.4263182916E-01    2.4788946577E+02    2.8506914268E-02
    1.8799980000E-03    8.4011104330E-01    1.1276633996E-02    2.4851010833E+02    2.7798675980E-02
    1.8839980000E-03    9.2750177144E-01    1.2455516614E-01    2.4910088378E+02    2.6892718486E-02
    1.8879980000E-03    1.0254827837E+00    1.7290756570E-01    2.4965159157E+02    2.6363266420E-02
    1.8919980000E-03    1.1033381061E+00    1.6772271052E-01    2.5015917869E+02    2.7342561527E-02
    1.8959980000E-03    1.1560170996E+00    1.3234806405E-01    2.5062706801E+02    3.0240325410E-02
    1.8999980000E-03    1.1871422180E+00    8.8030414460E-02    2.5106541144E+02    3.3706644770E-02
    1.9039980000E-03    1.1958592005E+00    4.0515914504E-02    2.5149000122E+02    3.5737116295E-02
    1.9079980000E-03    1.1845935462E+00   -1.5666327927E-02    2.5191714153E+02    3.4942408085E-02
    1.9119980000E-03    1.1546349309E+00   -6.9557302508E-02    2.5236466439E+02    3.3809157434E-02
    1.9159980000E-03    1.1005919836E+00   -1.0564275149E-01    2.5284400649E+02    3.4339604570E-02
    1.9199980000E-03    1.0187377467E+00   -1.0265976495E-01    2.5336345814E+02    3.6640965231E-02
    1.9239980000E-03    9.2412552251E-01   -3.4391778658E-02    2.5392443625E+02    3.9720064825E-02
    1.9279980000E-03    8.5884931300E-01    9.3945330366E-02    2.5451940622E+02    4.1819826522E-02
    1.9319980000E-03    8.6354213538E-01    2.3896564374E-01    2.5513226898E+02    4.2879302263E-02
    1.9359980000E-03    9.4251759040E-01    3.4597695807E-01    2.5572951807E+02    4.2899997034E-02
    1.9399980000E-03    1.0636108130E+00    3.6937359798E-01    2.5627988454E+02    4.1311919741E-02
    1.9439980000E-03    1.1746953411E+00    2.9247441064E-01    2.5677342526E+02    3.7859304560E-02
    1.9479980000E-03    1.2395428621E+00    1.3640951850E-01    2.5721621596E+02    3.3635868696E-02
    1.9519980000E-03    1.2539511472E+00   -6.0872930851E-02    2.5762739833E+02    3.1874310656E-02
    1.9559980000E-03    1.2210426841E+00   -2.4389783209E-01    2.5804810372E+02    3.4259078999E-02
    1.9599980000E-03    1.1333560420E+00   -3.6983756573E-01    2.5850699721E+02    3.6542439266E-02
    1.9639980000E-03    1.0029529517E+00   -4.1003998273E-01    2.5901786073E+02    3.7511868650E-02
    1.9679980000E-03    8.7290455407E-01   -3.5163553138E-01    2.5958750759E+02    3.7374102581E-02
    1.9719980000E-03    7.9333535242E-01   -2.1729920315E-01    2.6020614633E+02    3.6874783872E-02
    1.9759980000E-03    7.9507780829E-01   -5.3379599838E-02    2.6083840305E+02    3.6557984456E-02
    1.9799980000E-03    8.6914019934E-01    8.6805504584E-02    2.6144663847E+02    3.6290206601E-02
    1.9839980000E-03    9.7250850160E-01    1.6640457014E-01    2.6201582231E+02    3.6383902202E-02
    1.9879980000E-03    1.0624476180E+00    1.8607209599E-01    2.6254279977E+02    3.7712164793E-02
    1.9919980000E-03    1.1271602921E+00    1.6749370617E-01    2.6302783000E+02    4.0823957280E-02
    1.9959980000E-03    1.1691934930E+00    1.3524826650E-01    2.6347855515E+02    4.5312250177E-02
    1.9999980000E-03    1.1895522608E+00    1.0107043473E-01    2.6390940668E+02    4.9279017206E-02
