 sig=    1.000000000000000      inputfile=
 /home/rjrj524/Finished/vmec_gc_tracer/revised_251128/nc/wout_pwO_nfp2_A6.nc                                                                                                                             
 dt=   2.0000000000000001E-009
 steps=      1000000
 x0=   5.9999999999999998E-002    3.080000000000000      
    6.410000000000000     
 u=   -204000.0000000000     
 v_perp=    14500.00000000000     
 
time(s)         x0(1)       x0(2)        x0(3)      r
    3.9980000000E-06    1.2237910794E+00    2.9319298112E-01    5.8343993821E+00    5.5733741978E-02
    7.9980000000E-06    1.0434496606E+00    4.7058910217E-01    5.1914592927E+00    5.3981263962E-02
    1.1998000000E-05    7.8600696550E-01    4.2848163336E-01    4.4441504027E+00    5.8061486648E-02
    1.5998000000E-05    6.0661077820E-01    1.8849436298E-01    3.5711336700E+00    5.9796592921E-02
    1.9998000000E-05    6.1587615493E-01   -1.1845598212E-01    2.6412609102E+00    5.3921788678E-02
    2.3998000000E-05    7.8628277706E-01   -3.5482228754E-01    1.7807540519E+00    4.1631546255E-02
    2.7998000000E-05    1.0144577899E+00   -4.1337412955E-01    1.0277693565E+00    2.9129601966E-02
    3.1998000000E-05    1.1770975648E+00   -3.1558047578E-01    3.6400613642E-01    2.0726145785E-02
    3.5998000000E-05    1.2359062758E+00   -1.0688995391E-01   -2.3885681820E-01    1.7574097398E-02
    3.9998000000E-05    1.1922754741E+00    1.3233555772E-01   -8.4133397855E-01    1.3199291959E-02
    4.3998000000E-05    1.0527853352E+00    2.6532387699E-01   -1.5143905112E+00    7.7538462825E-03
    4.7998000000E-05    8.9043152930E-01    2.1172884355E-01   -2.2860977354E+00    5.2402019192E-03
    5.1998000000E-05    8.2927895936E-01    2.7567954629E-02   -3.1275129695E+00    5.1548019711E-03
    5.5998000000E-05    9.1288976560E-01   -1.4778788757E-01   -3.9594271207E+00    6.7087414449E-03
    5.9998000000E-05    1.0702045783E+00   -1.8588508100E-01   -4.7192929229E+00    1.0054144368E-02
    6.3998000000E-05    1.1852572460E+00   -6.9762675230E-02   -5.3896765754E+00    1.3817934622E-02
    6.7998000000E-05    1.2187604175E+00    1.1000687453E-01   -5.9989187176E+00    1.6745849767E-02
    7.1998000000E-05    1.1723852677E+00    2.6243970708E-01   -6.6098177118E+00    2.2072472559E-02
    7.5998000000E-05    1.0468837708E+00    3.4249991892E-01   -7.2669716680E+00    2.9748866542E-02
    7.9998000000E-05    8.5013783061E-01    3.1395655527E-01   -8.0033729732E+00    3.9475085120E-02
    8.3998000000E-05    6.7801666012E-01    1.1911001934E-01   -8.8385481562E+00    4.9394871660E-02
    8.7998000000E-05    6.4028005011E-01   -1.6491783737E-01   -9.7481385637E+00    5.5467677128E-02
    9.1998000000E-05    7.9140451696E-01   -4.0256761795E-01   -1.0626914509E+01    5.5581740952E-02
    9.5998000000E-05    1.0367922993E+00   -4.5595115000E-01   -1.1386000013E+01    5.3426632878E-02
    9.9998000000E-05    1.2194059892E+00   -2.8620117181E-01   -1.2035657895E+01    5.6748184764E-02
    1.0399800000E-04    1.2686830267E+00    3.7988394065E-02   -1.2613126307E+01    6.2115578572E-02
    1.0799800000E-04    1.1941537213E+00    3.4051554667E-01   -1.3199760134E+01    5.5787349660E-02
    1.1199800000E-04    9.8721488955E-01    4.7023827937E-01   -1.3867357316E+01    5.4451125396E-02
    1.1599800000E-04    7.4321188682E-01    3.7359368288E-01   -1.4648805579E+01    5.7208604987E-02
    1.1999800000E-04    6.1929195770E-01    1.1109856434E-01   -1.5545771344E+01    5.6287196562E-02
    1.2399800000E-04    6.8423004781E-01   -1.7371558616E-01   -1.6453375800E+01    4.8653101768E-02
    1.2799800000E-04    8.7441306531E-01   -3.5002845566E-01   -1.7275606569E+01    3.7344704571E-02
    1.3199800000E-04    1.0714611384E+00   -3.5620603297E-01   -1.7998220394E+01    2.7048204570E-02
    1.3599800000E-04    1.1908063270E+00   -2.5347149598E-01   -1.8645477546E+01    1.9453723126E-02
    1.3999800000E-04    1.2238110132E+00   -7.2432626204E-02   -1.9249473656E+01    1.5259778154E-02
    1.4399800000E-04    1.1699291832E+00    1.1932459858E-01   -1.9866787935E+01    1.1500645029E-02
    1.4799800000E-04    1.0330865944E+00    2.1255618421E-01   -2.0558101039E+01    6.9640645937E-03
    1.5199800000E-04    8.8405835237E-01    1.3430665854E-01   -2.1340280304E+01    3.9211925401E-03
    1.5599800000E-04    8.3802397100E-01   -5.5156788086E-02   -2.2181688057E+01    3.0910779035E-03
    1.5999800000E-04    9.3242602179E-01   -2.1607745752E-01   -2.3009493116E+01    4.2628730651E-03
    1.6399800000E-04    1.0956834961E+00   -2.2356410428E-01   -2.3757399683E+01    8.0211164008E-03
    1.6799800000E-04    1.2084860424E+00   -6.2139562002E-02   -2.4411978212E+01    1.3367803468E-02
    1.7199800000E-04    1.2267722944E+00    1.6272836107E-01   -2.5010513353E+01    1.6789255832E-02
    1.7599800000E-04    1.1481794773E+00    3.3336117495E-01   -2.5627089758E+01    2.1792273569E-02
    1.7999800000E-04    9.7655336706E-01    3.9776311419E-01   -2.6307032528E+01    3.1216559769E-02
    1.8399800000E-04    7.5529092257E-01    3.0581276927E-01   -2.7078843427E+01    4.3678768394E-02
    1.8799800000E-04    6.1299765266E-01    5.1864405991E-02   -2.7954607152E+01    5.4881742319E-02
    1.9199800000E-04    6.3924239957E-01   -2.4805876149E-01   -2.8880570204E+01    5.9379252633E-02
    1.9599800000E-04    8.4343709937E-01   -4.5262186146E-01   -2.9729088122E+01    5.7293827730E-02
    1.9999800000E-04    1.0942636572E+00   -4.4522820601E-01   -3.0453034551E+01    5.4560674562E-02
    2.0399800000E-04    1.2446938626E+00   -2.2731070498E-01   -3.1077876624E+01    5.8573789073E-02
    2.0799800000E-04    1.2615455423E+00    1.1247124418E-01   -3.1648151566E+01    6.0556418765E-02
    2.1199800000E-04    1.1525215742E+00    3.7956675819E-01   -3.2252264970E+01    5.3554208163E-02
    2.1599800000E-04    9.2705091522E-01    4.5127034356E-01   -3.2950143946E+01    5.2834178220E-02
    2.1999800000E-04    7.1266223248E-01    3.0251971116E-01   -3.3767965457E+01    5.4363700587E-02
    2.2399800000E-04    6.5573754084E-01    3.0982138288E-02   -3.4673377006E+01    5.1688751682E-02
    2.2799800000E-04    7.7099391936E-01   -2.1448888786E-01   -3.5546782762E+01    4.4238794562E-02
    2.3199800000E-04    9.6562975730E-01   -3.1891949727E-01   -3.6328667260E+01    3.5439503518E-02
    2.3599800000E-04    1.1206089362E+00   -2.8199617732E-01   -3.7019636821E+01    2.7415476706E-02
    2.3999800000E-04    1.1996338398E+00   -1.7679601997E-01   -3.7649339059E+01    2.0619336531E-02
    2.4399800000E-04    1.2061923181E+00   -2.1442281992E-02   -3.8252224731E+01    1.7180358888E-02
    2.4799800000E-04    1.1399320163E+00    1.2309909261E-01   -3.8881594250E+01    1.5584753910E-02
    2.5199800000E-04    9.9911646783E-01    1.7525984964E-01   -3.9587832317E+01    1.2957114092E-02
    2.5599800000E-04    8.5050820360E-01    6.7838370737E-02   -4.0382115658E+01    1.0655672945E-02
    2.5999800000E-04    8.1887499485E-01   -1.3618907545E-01   -4.1233112376E+01    9.8711771170E-03
    2.6399800000E-04    9.3732382285E-01   -2.8861988299E-01   -4.2058996945E+01    1.0051120153E-02
    2.6799800000E-04    1.1159186454E+00   -2.6651814672E-01   -4.2790455835E+01    1.3263910435E-02
    2.7199800000E-04    1.2273179285E+00   -6.3796853153E-02   -4.3424915496E+01    1.9560562833E-02
    2.7599800000E-04    1.2314275351E+00    2.0340515882E-01   -4.4011352652E+01    2.2066363138E-02
    2.7999800000E-04    1.1213454261E+00    3.9245016116E-01   -4.4631306215E+01    2.6001403574E-02
    2.8399800000E-04    9.0756282437E-01    4.3477583581E-01   -4.5329943852E+01    3.6529515119E-02
    2.8799800000E-04    6.7766632084E-01    2.8490951396E-01   -4.6132110945E+01    4.9858918200E-02
    2.9199800000E-04    5.7053548505E-01   -8.8659887019E-03   -4.7040429202E+01    5.9522959699E-02
    2.9599800000E-04    6.5333274361E-01   -3.1172655522E-01   -4.7965706072E+01    6.0585781658E-02
    2.9999800000E-04    8.9085330593E-01   -4.8001819357E-01   -4.8782933153E+01    5.5736527220E-02
    3.0399800000E-04    1.1346605674E+00   -4.2454746549E-01   -4.9480691253E+01    5.2106930219E-02
    3.0799800000E-04    1.2563891949E+00   -1.7576904625E-01   -5.0088994873E+01    5.5885411768E-02
    3.1199800000E-04    1.2478002554E+00    1.6203475390E-01   -5.0659707167E+01    5.4597867317E-02
    3.1599800000E-04    1.1126555322E+00    3.9317659591E-01   -5.1282224301E+01    4.7852728894E-02
    3.1999800000E-04    8.8531525578E-01    4.1512657801E-01   -5.2007786156E+01    4.7421193611E-02
    3.2399800000E-04    7.1068629466E-01    2.3370286214E-01   -5.2850968085E+01    4.8118213128E-02
    3.2799800000E-04    7.1265909916E-01   -2.8636164548E-02   -5.3746323361E+01    4.5111738873E-02
    3.3199800000E-04    8.6215661923E-01   -2.2212228955E-01   -5.4584171280E+01    3.9375122104E-02
    3.3599800000E-04    1.0419134855E+00   -2.5902929290E-01   -5.5330952145E+01    3.3146001346E-02
    3.3999800000E-04    1.1564827159E+00   -1.9094141427E-01   -5.5993953933E+01    2.6427992042E-02
    3.4399800000E-04    1.2025849226E+00   -7.9469560255E-02   -5.6607221775E+01    2.0902087484E-02
    3.4799800000E-04    1.1819895364E+00    5.4722414548E-02   -5.7210174169E+01    2.1076811889E-02
    3.5199800000E-04    1.0951921351E+00    1.6041127254E-01   -5.7856402356E+01    2.2938284763E-02
    3.5599800000E-04    9.3709321918E-01    1.6684976692E-01   -5.8585671646E+01    2.3339306768E-02
    3.5999800000E-04    7.9103734464E-01    1.5444233647E-02   -5.9403168396E+01    2.3351432840E-02
    3.6399800000E-04    7.8790357171E-01   -2.1017284494E-01   -6.0272276101E+01    2.3212661398E-02
    3.6799800000E-04    9.4228634528E-01   -3.5417787598E-01   -6.1095156608E+01    2.2538820655E-02
    3.7199800000E-04    1.1373987969E+00   -3.0194251433E-01   -6.1809933664E+01    2.5147472700E-02
    3.7599800000E-04    1.2441004549E+00   -6.2619804340E-02   -6.2426835349E+01    3.2101670033E-02
    3.7999800000E-04    1.2335230557E+00    2.3740801548E-01   -6.3005138636E+01    3.2733861966E-02
    3.8399800000E-04    1.0951394314E+00    4.3604160645E-01   -6.3629268092E+01    3.4922299719E-02
    3.8799800000E-04    8.5060735193E-01    4.5379249116E-01   -6.4341843011E+01    4.4771644090E-02
    3.9199800000E-04    6.2353221559E-01    2.5997430768E-01   -6.5168916881E+01    5.6021965244E-02
    3.9599800000E-04    5.5260852612E-01   -5.5613943511E-02   -6.6099771565E+01    6.0957376969E-02
    3.9999800000E-04    6.7810528044E-01   -3.5167834782E-01   -6.7010954796E+01    5.6873115107E-02
    4.0399800000E-04    9.3164350497E-01   -4.8453191563E-01   -6.7802138675E+01    4.8195886338E-02
    4.0799800000E-04    1.1594554712E+00   -3.9628310298E-01   -6.8482364375E+01    4.2907683377E-02
    4.1199800000E-04    1.2572053961E+00   -1.3562258331E-01   -6.9081494415E+01    4.5210199531E-02
    4.1599800000E-04    1.2291578407E+00    1.8423527503E-01   -6.9658276731E+01    4.1691916382E-02
    4.1999800000E-04    1.0784789331E+00    3.8005333805E-01   -7.0298905894E+01    3.5599258627E-02
    4.2399800000E-04    8.6375701913E-01    3.6296548028E-01   -7.1048051730E+01    3.5242985477E-02
    4.2799800000E-04    7.3393028332E-01    1.6641565119E-01   -7.1903283342E+01    3.5777103506E-02
    4.3199800000E-04    7.8243042761E-01   -7.2116134682E-02   -7.2778574015E+01    3.3991162899E-02
    4.3599800000E-04    9.5027407979E-01   -2.0463454202E-01   -7.3583446357E+01    3.1574863125E-02
    4.3999800000E-04    1.1028172611E+00   -1.8314155273E-01   -7.4297704714E+01    2.8158290553E-02
    4.4399800000E-04    1.1831074317E+00   -8.4335136304E-02   -7.4934707846E+01    2.3089923098E-02
    4.4799800000E-04    1.1993025675E+00    3.7219878078E-02   -7.5536427149E+01    2.1728106539E-02
    4.5199800000E-04    1.1496747944E+00    1.4927487225E-01   -7.6150146074E+01    2.6189268585E-02
    4.5599800000E-04    1.0325758175E+00    2.1767744404E-01   -7.6822253184E+01    3.1009129627E-02
    4.5999800000E-04    8.5567398530E-01    1.6556671993E-01   -7.7582068084E+01    3.4379790033E-02
    4.6399800000E-04    7.2989801367E-01   -3.6753012978E-02   -7.8428568766E+01    3.7185450674E-02
    4.6799800000E-04    7.6976148039E-01   -2.7893133931E-01   -7.9311957361E+01    3.8146048785E-02
    4.7199800000E-04    9.6107270820E-01   -4.0541927090E-01   -8.0122516173E+01    3.7222879704E-02
    4.7599800000E-04    1.1639955700E+00   -3.1789083079E-01   -8.0817628610E+01    3.9931671227E-02
    4.7999800000E-04    1.2581002839E+00   -4.5378323650E-02   -8.1419481280E+01    4.7314525913E-02
    4.8399800000E-04    1.2302942275E+00    2.7280459554E-01   -8.1994799203E+01    4.5506548865E-02
    4.8799800000E-04    1.0667621492E+00    4.6428666572E-01   -8.2627279072E+01    4.5935727479E-02
    4.9199800000E-04    8.0739125693E-01    4.5094528326E-01   -8.3355718858E+01    5.3350099990E-02
    4.9599800000E-04    5.9710446215E-01    2.2601697598E-01   -8.4207172025E+01    6.0030554214E-02
    4.9999800000E-04    5.6426372938E-01   -9.4667858305E-02   -8.5147294043E+01    5.9368239901E-02
    5.0399800000E-04    7.1930989150E-01   -3.7108578258E-01   -8.6036098375E+01    5.0131518893E-02
    5.0799800000E-04    9.7263437409E-01   -4.6724911032E-01   -8.6806709024E+01    3.7972717926E-02
    5.1199800000E-04    1.1750834023E+00   -3.6000313152E-01   -8.7475355064E+01    3.0873324557E-02
    5.1599800000E-04    1.2509747882E+00   -1.0606043209E-01   -8.8070883579E+01    3.1028892431E-02
    5.1999800000E-04    1.2083350058E+00    1.8368536519E-01   -8.8657947117E+01    2.6373145834E-02
    5.2399800000E-04    1.0530304390E+00    3.4441967397E-01   -8.9316280748E+01    2.0801443055E-02
    5.2799800000E-04    8.6123201797E-01    2.9834315142E-01   -9.0083327043E+01    2.0116066556E-02
    5.3199800000E-04    7.7482918842E-01    1.0026675718E-01   -9.0938379342E+01    2.0823982208E-02
    5.3599800000E-04    8.5594687005E-01   -1.0483621196E-01   -9.1789826371E+01    2.1057860934E-02
    5.3999800000E-04    1.0245170285E+00   -1.7854507630E-01   -9.2565385964E+01    2.1465305738E-02
    5.4399800000E-04    1.1492791738E+00   -1.0990089959E-01   -9.3251030635E+01    2.1098259413E-02
    5.4799800000E-04    1.2015012377E+00    2.1106167582E-02   -9.3868944557E+01    1.9933302758E-02
    5.5199800000E-04    1.1883402807E+00    1.5129039849E-01   -9.4472012943E+01    2.3033391253E-02
    5.5599800000E-04    1.1069312463E+00    2.4275412505E-01   -9.5105921863E+01    2.9903385971E-02
    5.5999800000E-04    9.5319093801E-01    2.6944943317E-01   -9.5808150118E+01    3.6708956371E-02
    5.6399800000E-04    7.7060679855E-01    1.4914124836E-01   -9.6601819440E+01    4.3425377432E-02
    5.6799800000E-04    6.8070692677E-01   -9.7497994158E-02   -9.7478615614E+01    4.8546122071E-02
    5.7199800000E-04    7.7322559035E-01   -3.4327573826E-01   -9.8366090077E+01    4.9692551775E-02
    5.7599800000E-04    9.9549100559E-01   -4.3850493050E-01   -9.9154213487E+01    4.8469802977E-02
    5.7999800000E-04    1.1934723805E+00   -3.0984566909E-01   -9.9826741239E+01    5.1734726156E-02
    5.8399800000E-04    1.2671046762E+00   -7.2674444703E-03   -1.0041483600E+02    5.8841872471E-02
    5.8799800000E-04    1.2176300651E+00    3.1119988996E-01   -1.0099276260E+02    5.4490017630E-02
    5.9199800000E-04    1.0300025287E+00    4.7829352775E-01   -1.0163952439E+02    5.3833586696E-02
    5.9599800000E-04    7.6966282876E-01    4.2509296507E-01   -1.0239082583E+02    5.8792079724E-02
    5.9999800000E-04    5.9241804997E-01    1.7577259800E-01   -1.0326832209E+02    6.1074239473E-02
    6.0399800000E-04    6.0560112992E-01   -1.3678191065E-01   -1.0420212508E+02    5.5347543257E-02
    6.0799800000E-04    7.8349091049E-01   -3.7528805959E-01   -1.0506235282E+02    4.2918570482E-02
    6.1199800000E-04    1.0194927259E+00   -4.2950679138E-01   -1.0581229428E+02    3.0193383370E-02
    6.1599800000E-04    1.1864534632E+00   -3.1614307250E-01   -1.0647125164E+02    2.2308209020E-02
    6.1999800000E-04    1.2408390908E+00   -8.5276503087E-02   -1.0706799355E+02    2.0267514559E-02
    6.2399800000E-04    1.1879238837E+00    1.6598201504E-01   -1.0766957566E+02    1.5284766464E-02
    6.2799800000E-04    1.0368800710E+00    2.9197295097E-01   -1.0834643190E+02    9.9081715630E-03
    6.3199800000E-04    8.7216140779E-01    2.2419455719E-01   -1.0912553501E+02    8.1767117637E-03
    6.3599800000E-04    8.2006579031E-01    3.1369297583E-02   -1.0997275394E+02    8.4207166640E-03
    6.3999800000E-04    9.1657801780E-01   -1.4152882993E-01   -1.1080293657E+02    1.0038126586E-02
    6.4399800000E-04    1.0759289093E+00   -1.7060062204E-01   -1.1155684635E+02    1.3063940469E-02
    6.4799800000E-04    1.1835162833E+00   -5.8851791747E-02   -1.1222253547E+02    1.5749349825E-02
    6.5199800000E-04    1.2139120305E+00    1.0600414054E-01   -1.1283114027E+02    1.7940312161E-02
    6.5599800000E-04    1.1701077920E+00    2.4554858939E-01   -1.1344269580E+02    2.3520215230E-02
    6.5999800000E-04    1.0514383406E+00    3.2147726087E-01   -1.1409875629E+02    3.0927933993E-02
    6.6399800000E-04    8.6182228944E-01    2.9694521015E-01   -1.1483326788E+02    3.9844985499E-02
    6.6799800000E-04    6.9181231859E-01    1.0924155586E-01   -1.1566451664E+02    4.8846154823E-02
    6.7199800000E-04    6.5265290130E-01   -1.6889785314E-01   -1.1656922208E+02    5.4459058833E-02
    6.7599800000E-04    8.0185137561E-01   -4.0092483758E-01   -1.1744497537E+02    5.4650348291E-02
    6.7999800000E-04    1.0439774749E+00   -4.4873975230E-01   -1.1820251657E+02    5.2948995649E-02
    6.8399800000E-04    1.2222933662E+00   -2.7385615326E-01   -1.1885052881E+02    5.6893706664E-02
    6.8799800000E-04    1.2684231896E+00    5.3037261993E-02   -1.1942711033E+02    6.2153352842E-02
    6.9199800000E-04    1.1904081223E+00    3.5185024518E-01   -1.2001499280E+02    5.6013901527E-02
    6.9599800000E-04    9.7913938902E-01    4.7625632660E-01   -1.2068408561E+02    5.5365202677E-02
    6.9999800000E-04    7.3215863948E-01    3.7396534739E-01   -1.2146696024E+02    5.8572506891E-02
    7.0399800000E-04    6.0668530831E-01    1.0570299555E-01   -1.2236701883E+02    5.7776432449E-02
    7.0799800000E-04    6.7132372329E-01   -1.8525028318E-01   -1.2327928571E+02    4.9628997537E-02
    7.1199800000E-04    8.6629042153E-01   -3.6716496988E-01   -1.2410406513E+02    3.7379368518E-02
    7.1599800000E-04    1.0712118511E+00   -3.7368622668E-01   -1.2482741909E+02    2.6349503928E-02
    7.1999800000E-04    1.1963527536E+00   -2.5999852645E-01   -1.2547356899E+02    1.8879524331E-02
    7.2399800000E-04    1.2278843779E+00   -6.0194925949E-02   -1.2607411569E+02    1.5254128822E-02
    7.2799800000E-04    1.1665555974E+00    1.4450121126E-01   -1.2669251717E+02    1.0844518688E-02
    7.3199800000E-04    1.0210648376E+00    2.3343438077E-01   -1.2738906607E+02    5.9669547469E-03
    7.3599800000E-04    8.7608945063E-01    1.4424859986E-01   -1.2817837854E+02    3.3585944441E-03
    7.3999800000E-04    8.4361098304E-01   -4.7452661309E-02   -1.2902179791E+02    3.0338188078E-03
    7.4399800000E-04    9.4690713173E-01   -1.9997660113E-01   -1.2984314947E+02    4.7580344313E-03
    7.4799800000E-04    1.1060340384E+00   -1.9623338936E-01   -1.3058432330E+02    8.7977812582E-03
    7.5199800000E-04    1.2083677861E+00   -3.7507035874E-02   -1.3123556893E+02    1.3583766997E-02
    7.5599800000E-04    1.2210373665E+00    1.6990746304E-01   -1.3183602608E+02    1.6982889376E-02
    7.5999800000E-04    1.1434140272E+00    3.2271516207E-01   -1.3245620673E+02    2.2758137809E-02
    7.6399800000E-04    9.7891974579E-01    3.8066245104E-01   -1.3313680798E+02    3.1957401530E-02
    7.6799800000E-04    7.6422205538E-01    2.9079592549E-01   -1.3390777829E+02    4.3782613354E-02
    7.7199800000E-04    6.2468267742E-01    4.2208122784E-02   -1.3478023161E+02    5.4367197784E-02
    7.7599800000E-04    6.5053219802E-01   -2.5257165308E-01   -1.3570224080E+02    5.8856301428E-02
    7.7999800000E-04    8.5343387630E-01   -4.5127902147E-01   -1.3654854453E+02    5.7163140665E-02
    7.8399800000E-04    1.1010600345E+00   -4.3782674918E-01   -1.3727078822E+02    5.5117325381E-02
    7.8799800000E-04    1.2472246408E+00   -2.1421592866E-01   -1.3789369405E+02    5.9825730595E-02
    7.9199800000E-04    1.2609451606E+00    1.2772665715E-01   -1.3846338365E+02    6.1521704112E-02
    7.9599800000E-04    1.1478485452E+00    3.9087924572E-01   -1.3906895753E+02    5.4818932157E-02
    7.9999800000E-04    9.1793866736E-01    4.5699177960E-01   -1.3976837999E+02    5.4636550302E-02
    8.0399800000E-04    7.0074907349E-01    3.0227745717E-01   -1.4058842120E+02    5.6339774942E-02
    8.0799800000E-04    6.4257406825E-01    2.5039440705E-02   -1.4149800655E+02    5.3403537640E-02
    8.1199800000E-04    7.5737761569E-01   -2.2717440917E-01   -1.4237595334E+02    4.5176050535E-02
    8.1599800000E-04    9.5660293125E-01   -3.3807154715E-01   -1.4316037493E+02    3.5385012917E-02
    8.1999800000E-04    1.1187103039E+00   -3.0295341043E-01   -1.4385297688E+02    2.6887942124E-02
    8.2399800000E-04    1.2028099961E+00   -1.9128168886E-01   -1.4448360448E+02    1.9919812305E-02
    8.2799800000E-04    1.2103755707E+00   -2.4080693025E-02   -1.4508630795E+02    1.6310577279E-02
    8.3199800000E-04    1.1404138280E+00    1.3120870447E-01   -1.4571773484E+02    1.3548051556E-02
    8.3599800000E-04    9.9622601650E-01    1.8191347255E-01   -1.4642823003E+02    9.9902323420E-03
    8.3999800000E-04    8.5589834209E-01    6.9322377413E-02   -1.4722544498E+02    7.3896201481E-03
    8.4399800000E-04    8.3483102974E-01   -1.3039479505E-01   -1.4807329862E+02    6.5450313668E-03
    8.4799800000E-04    9.5602252589E-01   -2.7092725124E-01   -1.4889160333E+02    7.2973692355E-03
    8.5199800000E-04    1.1266908487E+00   -2.3641989152E-01   -1.4961709347E+02    1.1210181301E-02
    8.5599800000E-04    1.2270854807E+00   -3.3359870752E-02   -1.5024990003E+02    1.7209162381E-02
    8.5999800000E-04    1.2242444447E+00    2.1666796117E-01   -1.5083960056E+02    1.9772448104E-02
    8.6399800000E-04    1.1124887309E+00    3.8597333308E-01   -1.5146561049E+02    2.4916351411E-02
    8.6799800000E-04    9.0438864128E-01    4.1831969643E-01   -1.5216840108E+02    3.5783531592E-02
    8.7199800000E-04    6.8201331619E-01    2.6602954595E-01   -1.5297293666E+02    4.9148257672E-02
    8.7599800000E-04    5.8029057316E-01   -2.4666867626E-02   -1.5387986809E+02    5.9109565525E-02
    8.7999800000E-04    6.6684677664E-01   -3.2154554126E-01   -1.5480138569E+02    6.0738423335E-02
    8.8399800000E-04    9.0504982421E-01   -4.8044264375E-01   -1.5561460491E+02    5.6674428981E-02
    8.8799800000E-04    1.1445748683E+00   -4.1452695546E-01   -1.5630855203E+02    5.4131928832E-02
    8.9199800000E-04    1.2597925702E+00   -1.5631042848E-01   -1.5691343255E+02    5.8827101151E-02
    8.9599800000E-04    1.2459015211E+00    1.8355700634E-01   -1.5748390279E+02    5.6930933671E-02
    8.9999800000E-04    1.1038880682E+00    4.0796442469E-01   -1.5810934806E+02    5.0566973783E-02
    9.0399800000E-04    8.7126031667E-01    4.2030082644E-01   -1.5883847939E+02    5.0626851326E-02
    9.0799800000E-04    6.9565049391E-01    2.2995356005E-01   -1.5968657303E+02    5.1233679071E-02
    9.1199800000E-04    6.9960883117E-01   -3.8663069508E-02   -1.6058649798E+02    4.7625982732E-02
    9.1599800000E-04    8.5014366973E-01   -2.3834164519E-01   -1.6142737792E+02    4.0818525904E-02
    9.1999800000E-04    1.0344804975E+00   -2.8095348891E-01   -1.6217581456E+02    3.3580440764E-02
    9.2399800000E-04    1.1546370894E+00   -2.1628942869E-01   -1.6284068596E+02    2.6360784808E-02
    9.2799800000E-04    1.2042037179E+00   -1.0280571346E-01   -1.6345599335E+02    2.0559328017E-02
    9.3199800000E-04    1.1862774134E+00    3.9841476576E-02   -1.6405935768E+02    1.9530831720E-02
    9.3599800000E-04    1.0997350959E+00    1.5257014316E-01   -1.6470601066E+02    1.9869449678E-02
    9.3999800000E-04    9.4277188917E-01    1.6052562452E-01   -1.6543621728E+02    1.8939192065E-02
    9.4399800000E-04    8.0388236710E-01    1.0310122736E-02   -1.6625327606E+02    1.8226731350E-02
    9.4799800000E-04    8.0795958709E-01   -2.0718823324E-01   -1.6711674308E+02    1.7666738846E-02
    9.5199800000E-04    9.6147058460E-01   -3.3764302417E-01   -1.6793146292E+02    1.7358041810E-02
    9.5599800000E-04    1.1471561234E+00   -2.7257932168E-01   -1.6863987464E+02    2.0687683292E-02
    9.5999800001E-04    1.2432386613E+00   -3.1011932261E-02   -1.6925430745E+02    2.7385884614E-02
    9.6399800001E-04    1.2250260636E+00    2.5403925298E-01   -1.6983573644E+02    2.8110059131E-02
    9.6799800001E-04    1.0817987201E+00    4.3452635319E-01   -1.7046637064E+02    3.1891044932E-02
    9.7199800001E-04    8.4004607491E-01    4.3878414795E-01   -1.7118557572E+02    4.2866194234E-02
    9.7599800001E-04    6.2154911444E-01    2.3754119351E-01   -1.7201778491E+02    5.4944581471E-02
    9.7999800001E-04    5.5906171714E-01   -7.7426659174E-02   -1.7294885973E+02    6.0816471267E-02
    9.8399800001E-04    6.9231815678E-01   -3.6677557207E-01   -1.7385599297E+02    5.7842426762E-02
    9.8799800001E-04    9.4815741576E-01   -4.8755742910E-01   -1.7464135654E+02    5.0518451136E-02
    9.9199800001E-04    1.1714246096E+00   -3.8514016502E-01   -1.7531589906E+02    4.6752167389E-02
    9.9599800001E-04    1.2613665535E+00   -1.1086257436E-01   -1.7591044808E+02    5.0180880634E-02
    9.9999800001E-04    1.2259139155E+00    2.1187552111E-01   -1.7648741623E+02    4.5911567673E-02
    1.0039980000E-03    1.0658975024E+00    3.9897111689E-01   -1.7713231739E+02    4.0236053308E-02
    1.0079980000E-03    8.4562980959E-01    3.6906519519E-01   -1.7788706288E+02    4.0352667859E-02
    1.0119980000E-03    7.1694400670E-01    1.6170767950E-01   -1.7874907187E+02    4.0616895568E-02
    1.0159980000E-03    7.7017479019E-01   -8.3124716024E-02   -1.7962822161E+02    3.7951431037E-02
    1.0199980000E-03    9.4024384577E-01   -2.2094615010E-01   -1.8043476972E+02    3.4178332552E-02
    1.0239980000E-03    1.0965219264E+00   -2.0450329750E-01   -1.8115029780E+02    2.9673766870E-02
    1.0279980000E-03    1.1808225608E+00   -1.1207725531E-01   -1.8178933969E+02    2.3868281877E-02
    1.0319980000E-03    1.2001745055E+00    7.6212527184E-03   -1.8239216140E+02    2.1279388631E-02
    1.0359980000E-03    1.1541431077E+00    1.2589582434E-01   -1.8300401697E+02    2.4919794271E-02
    1.0399980000E-03    1.0406080924E+00    1.9986342153E-01   -1.8367474423E+02    2.8718103883E-02
    1.0439980000E-03    8.6636053774E-01    1.5260530857E-01   -1.8443339117E+02    3.0858538891E-02
    1.0479980000E-03    7.4459241502E-01   -4.4676915554E-02   -1.8527764612E+02    3.2514641241E-02
    1.0519980000E-03    7.8873965281E-01   -2.7801172900E-01   -1.8615500697E+02    3.2885130721E-02
    1.0559980000E-03    9.7765279684E-01   -3.9172520000E-01   -1.8695888517E+02    3.2134455557E-02
    1.0599980000E-03    1.1717922805E+00   -2.9244569302E-01   -1.8764874402E+02    3.5457609280E-02
    1.0639980000E-03    1.2570997506E+00   -1.6256984201E-02   -1.8824804187E+02    4.2574705735E-02
    1.0679980000E-03    1.2217648457E+00    2.9048571200E-01   -1.8882627161E+02    4.0866308448E-02
    1.0719980000E-03    1.0512788610E+00    4.6719695500E-01   -1.8946439827E+02    4.2869073970E-02
    1.0759980000E-03    7.9153019878E-01    4.4027333404E-01   -1.9019896861E+02    5.1747940670E-02
    1.0799980000E-03    5.8779904774E-01    2.0540466664E-01   -1.9105573129E+02    5.9711794427E-02
    1.0839980000E-03    5.6333759349E-01   -1.1791830588E-01   -1.9199777511E+02    6.0038776428E-02
    1.0879980000E-03    7.2808460755E-01   -3.9008340060E-01   -1.9288299308E+02    5.1764402914E-02
    1.0919980000E-03    9.8633452497E-01   -4.7493068804E-01   -1.9364712677E+02    4.0722123338E-02
    1.0959980000E-03    1.1867345165E+00   -3.5137302058E-01   -1.9430910646E+02    3.5149428343E-02
    1.0999980000E-03    1.2554726415E+00   -7.9749708236E-02   -1.9489942776E+02    3.6441153560E-02
    1.1039980000E-03    1.2040264764E+00    2.1521647226E-01   -1.9548663475E+02    3.1087991187E-02
    1.1079980000E-03    1.0377479413E+00    3.6688592444E-01   -1.9614991832E+02    2.5954068846E-02
    1.1119980000E-03    8.4080277697E-01    3.0658442799E-01   -1.9692418958E+02    2.5848543872E-02
    1.1159980000E-03    7.5792971760E-01    9.7337704446E-02   -1.9778677320E+02    2.6371569636E-02
    1.1199980000E-03    8.4667158230E-01   -1.1243409311E-01   -1.9864089501E+02    2.5891037943E-02
    1.1239980000E-03    1.0189954457E+00   -1.8723007109E-01   -1.9941622730E+02    2.5259183243E-02
    1.1279980000E-03    1.1443632530E+00   -1.2331047795E-01   -2.0010168069E+02    2.3422454239E-02
    1.1319980000E-03    1.1986796122E+00   -6.0745510867E-04   -2.0071975415E+02    2.0716718727E-02
    1.1359980000E-03    1.1886231315E+00    1.2463265009E-01   -2.0132176281E+02    2.3114276930E-02
    1.1399980000E-03    1.1116739077E+00    2.1869044862E-01   -2.0195323999E+02    2.9562087985E-02
    1.1439980000E-03    9.6322890432E-01    2.5037579205E-01   -2.0265386254E+02    3.5482149134E-02
    1.1479980000E-03    7.8304090505E-01    1.3630918353E-01   -2.0344544636E+02    4.0988898227E-02
    1.1519980000E-03    6.9504283506E-01   -1.0455542506E-01   -2.0431872842E+02    4.5194951026E-02
    1.1559980000E-03    7.8896725798E-01   -3.4228864939E-01   -2.0520077826E+02    4.5955639967E-02
    1.1599980000E-03    1.0079861256E+00   -4.2726138952E-01   -2.0598440601E+02    4.4961327483E-02
    1.1639980000E-03    1.1986856036E+00   -2.8960843760E-01   -2.0665331924E+02    4.8780760717E-02
    1.1679980000E-03    1.2659821485E+00    1.6127974490E-02   -2.0723968363E+02    5.5571199611E-02
    1.1719980000E-03    1.2103079296E+00    3.2614941337E-01   -2.0782020279E+02    5.1425454372E-02
    1.1759980000E-03    1.0163373106E+00    4.8230596944E-01   -2.0847108877E+02    5.2001982145E-02
    1.1799980000E-03    7.5474106682E-01    4.1832315571E-01   -2.0922672271E+02    5.7960734707E-02
    1.1839980000E-03    5.8119638938E-01    1.6071797124E-01   -2.1010836204E+02    6.1056226867E-02
    1.1879980000E-03    5.9912472242E-01   -1.5587521469E-01   -2.1104496996E+02    5.5924192757E-02
    1.1919980000E-03    7.8478643194E-01   -3.9397796114E-01   -2.1190368144E+02    4.3853962564E-02
    1.1959980000E-03    1.0274864002E+00   -4.4109743833E-01   -2.1264943367E+02    3.1327464774E-02
    1.1999980000E-03    1.1960409703E+00   -3.1076797077E-01   -2.1330264656E+02    2.4393558086E-02
    1.2039980000E-03    1.2447305309E+00   -5.9659001747E-02   -2.1389383697E+02    2.3361237765E-02
    1.2079980000E-03    1.1823993874E+00    1.9892653102E-01   -2.1449516805E+02    1.7817513854E-02
    1.2119980000E-03    1.0202099806E+00    3.1604854868E-01   -2.1517648809E+02    1.2817329814E-02
    1.2159980000E-03    8.5246695012E-01    2.3438324755E-01   -2.1596327296E+02    1.1893788904E-02
    1.2199980000E-03    8.0773557625E-01    3.2729642552E-02   -2.1681712193E+02    1.2439745836E-02
    1.2239980000E-03    9.1499456378E-01   -1.4021172787E-01   -2.1764735233E+02    1.3643982066E-02
    1.2279980000E-03    1.0767746672E+00   -1.6432033884E-01   -2.1839768811E+02    1.5961639098E-02
    1.2319980000E-03    1.1801369876E+00   -5.8280829371E-02   -2.1906041588E+02    1.7412019363E-02
    1.2359980000E-03    1.2098345214E+00    9.5001443612E-02   -2.1966831468E+02    1.8806734759E-02
    1.2399980000E-03    1.1694307418E+00    2.2528035106E-01   -2.2027941337E+02    2.4256803697E-02
    1.2439980000E-03    1.0567860991E+00    3.0006255973E-01   -2.2093392176E+02    3.1551667222E-02
    1.2479980000E-03    8.7356260707E-01    2.8008977462E-01   -2.2166662886E+02    3.9710936741E-02
    1.2519980000E-03    7.0514307773E-01    9.9288924253E-02   -2.2249431368E+02    4.7840336879E-02
    1.2559980000E-03    6.6533092783E-01   -1.7309384670E-01   -2.2339442845E+02    5.2924639515E-02
    1.2599980000E-03    8.1312741967E-01   -3.9892032465E-01   -2.2426663546E+02    5.3083194833E-02
    1.2639980000E-03    1.0517620123E+00   -4.4023710909E-01   -2.2502209856E+02    5.1786178130E-02
    1.2679980000E-03    1.2251741155E+00   -2.5968762617E-01   -2.2566811555E+02    5.6291246538E-02
    1.2719980000E-03    1.2676509300E+00    6.9287785837E-02   -2.2624388407E+02    6.1303944478E-02
    1.2759980000E-03    1.1855096780E+00    3.6307570594E-01   -2.2683346402E+02    5.5468279846E-02
    1.2799980000E-03    9.6971574634E-01    4.8097226263E-01   -2.2750461055E+02    5.5611848336E-02
    1.2839980000E-03    7.2054705230E-01    3.7207513351E-01   -2.2828954524E+02    5.9344358950E-02
    1.2879980000E-03    5.9494109376E-01    9.7876911527E-02   -2.2919279870E+02    5.8789258964E-02
    1.2919980000E-03    6.6068422721E-01   -1.9840768226E-01   -2.3010900918E+02    5.0333502291E-02
    1.2959980000E-03    8.6114983331E-01   -3.8394027318E-01   -2.3093513306E+02    3.7483063831E-02
    1.2999980000E-03    1.0733733676E+00   -3.8861396718E-01   -2.3165803285E+02    2.6000958538E-02
    1.3039980000E-03    1.2028884159E+00   -2.6142511862E-01   -2.3230160853E+02    1.8928610655E-02
    1.3079980000E-03    1.2312600083E+00   -4.2288627724E-02   -2.3289786959E+02    1.5991152974E-02
    1.3119980000E-03    1.1613551277E+00    1.7296896255E-01   -2.3351688925E+02    1.0927254391E-02
    1.3159980000E-03    1.0070942484E+00    2.5516804189E-01   -2.3421782243E+02    6.0276972424E-03
    1.3199980000E-03    8.6413203366E-01    1.5506247781E-01   -2.3501386345E+02    3.9603445412E-03
    1.3239980000E-03    8.4274543770E-01   -4.0254748645E-02   -2.3585996801E+02    4.0313227775E-03
    1.3279980000E-03    9.5559836098E-01   -1.8682858508E-01   -2.3667635988E+02    6.0013580451E-03
    1.3319980000E-03    1.1121703966E+00   -1.7463589711E-01   -2.3741148955E+02    9.9441143569E-03
    1.3359980000E-03    1.2062622644E+00   -2.2420257902E-02   -2.3805944885E+02    1.3948260671E-02
    1.3399980000E-03    1.2158055884E+00    1.6783386905E-01   -2.3866139175E+02    1.7245496352E-02
    1.3439980000E-03    1.1416279453E+00    3.0664572308E-01   -2.3928324029E+02    2.3444497383E-02
    1.3479980000E-03    9.8542565654E-01    3.6160310109E-01   -2.3996292489E+02    3.2037614228E-02
    1.3519980000E-03    7.7743310306E-01    2.7705075205E-01   -2.4073167892E+02    4.2789471456E-02
    1.3559980000E-03    6.3893421251E-01    3.6016204265E-02   -2.4159960852E+02    5.2421459002E-02
    1.3599980000E-03    6.6250895731E-01   -2.5287875451E-01   -2.4251719404E+02    5.6661536212E-02
    1.3639980000E-03    8.6211078130E-01   -4.4638850218E-01   -2.4336196896E+02    5.5203427796E-02
    1.3679980000E-03    1.1057479687E+00   -4.2852535211E-01   -2.4408354316E+02    5.3704627698E-02
    1.3719980000E-03    1.2482381475E+00   -2.0136591058E-01   -2.4470535566E+02    5.8877138405E-02
    1.3759980000E-03    1.2595832965E+00    1.4034971210E-01   -2.4527504012E+02    6.0308055956E-02
    1.3799980000E-03    1.1432583425E+00    3.9909585896E-01   -2.4588198397E+02    5.4117219106E-02
    1.3839980000E-03    9.0992603607E-01    4.6054482518E-01   -2.4658253944E+02    5.4587016483E-02
    1.3879980000E-03    6.9011804741E-01    3.0109820100E-01   -2.4740405895E+02    5.6625040698E-02
    1.3919980000E-03    6.2970258328E-01    1.8745555149E-02   -2.4831752044E+02    5.3652828503E-02
    1.3959980000E-03    7.4376548027E-01   -2.4037226421E-01   -2.4920067505E+02    4.4790972004E-02
    1.3999980000E-03    9.4836799666E-01   -3.5751533534E-01   -2.4998807015E+02    3.4010446386E-02
    1.4039980000E-03    1.1186386035E+00   -3.2211178215E-01   -2.5068219199E+02    2.4990702456E-02
    1.4079980000E-03    1.2078486722E+00   -1.9900774600E-01   -2.5131261162E+02    1.8194715054E-02
    1.4119980000E-03    1.2140851405E+00   -1.4428872095E-02   -2.5191385912E+02    1.4641255860E-02
    1.4159980000E-03    1.1366373874E+00    1.5208893968E-01   -2.5254847469E+02    1.0915389739E-02
    1.4199980000E-03    9.8637761024E-01    1.9696037368E-01   -2.5326572741E+02    6.8086014821E-03
    1.4239980000E-03    8.5532921145E-01    7.5167047034E-02   -2.5406893539E+02    4.4137035962E-03
    1.4279980000E-03    8.4785955806E-01   -1.2233584657E-01   -2.5491551223E+02    3.9671245097E-03
    1.4319980000E-03    9.7388224559E-01   -2.5094633512E-01   -2.5572673018E+02    5.4715703106E-03
    1.4359980000E-03    1.1366116532E+00   -2.0444762197E-01   -2.5644654881E+02    9.8766364580E-03
    1.4399980000E-03    1.2257734165E+00   -4.7579891499E-03   -2.5707793131E+02    1.5342149122E-02
    1.4439980000E-03    1.2165182583E+00    2.2496765958E-01   -2.5767163963E+02    1.8183913206E-02
    1.4479980000E-03    1.1054260866E+00    3.7434071212E-01   -2.5830310847E+02    2.4243699634E-02
    1.4519980000E-03    9.0444515923E-01    3.9930624313E-01   -2.5900884120E+02    3.5060467935E-02
    1.4559980000E-03    6.8981735638E-01    2.4697673485E-01   -2.5981460671E+02    4.8068343393E-02
    1.4599980000E-03    5.9277981221E-01   -3.8986007151E-02   -2.6071900659E+02    5.7814101648E-02
    1.4639980000E-03    6.8214901107E-01   -3.2881111105E-01   -2.6163609826E+02    5.9706858268E-02
    1.4679980000E-03    9.1964378784E-01   -4.7784109975E-01   -2.6244539993E+02    5.6255178299E-02
    1.4719980000E-03    1.1537020311E+00   -4.0165444783E-01   -2.6313583535E+02    5.4722390186E-02
    1.4759980000E-03    1.2621861983E+00   -1.3505209133E-01   -2.6373760171E+02    6.0142777754E-02
    1.4799980000E-03    1.2429307614E+00    2.0450635450E-01   -2.6430841249E+02    5.7627593012E-02
    1.4839980000E-03    1.0939810935E+00    4.2096600725E-01   -2.6493708456E+02    5.1849400334E-02
    1.4879980000E-03    8.5654290778E-01    4.2327897774E-01   -2.6566992691E+02    5.2487315471E-02
    1.4919980000E-03    6.8043200636E-01    2.2399264199E-01   -2.6652299845E+02    5.3068647630E-02
    1.4959980000E-03    6.8593889719E-01   -5.0937098800E-02   -2.6742780664E+02    4.8921447003E-02
    1.4999980000E-03    8.3761805264E-01   -2.5709054846E-01   -2.6827224773E+02    4.1156416644E-02
    1.5039980000E-03    1.0275599382E+00   -3.0497776149E-01   -2.6902224133E+02    3.2990118490E-02
    1.5079980000E-03    1.1540361139E+00   -2.4176270744E-01   -2.6968867509E+02    2.5514816259E-02
    1.5119980000E-03    1.2074379175E+00   -1.2182278817E-01   -2.7030537201E+02    1.9484079641E-02
    1.5159980000E-03    1.1907262394E+00    3.1593436140E-02   -2.7090943041E+02    1.7589868852E-02
    1.5199980000E-03    1.1019131920E+00    1.5181050009E-01   -2.7155808278E+02    1.6470522072E-02
    1.5239980000E-03    9.4534531686E-01    1.5798355057E-01   -2.7229125246E+02    1.4254447473E-02
    1.5279980000E-03    8.1680384960E-01    6.7442129157E-03   -2.7310892989E+02    1.2834873763E-02
    1.5319980000E-03    8.3056794806E-01   -2.0200399802E-01   -2.7396591574E+02    1.2212490735E-02
    1.5359980000E-03    9.8336066259E-01   -3.1662746607E-01   -2.7477104927E+02    1.2592898657E-02
    1.5399980000E-03    1.1577153602E+00   -2.3723088994E-01   -2.7547222396E+02    1.6739177572E-02
    1.5439980000E-03    1.2415160068E+00    4.3430767468E-03   -2.7608464157E+02    2.2969539455E-02
    1.5479980000E-03    1.2148407237E+00    2.6988875276E-01   -2.7667047400E+02    2.4087606209E-02
    1.5519980000E-03    1.0680398696E+00    4.2896565853E-01   -2.7730874023E+02    2.9517033887E-02
    1.5559980000E-03    8.3138092573E-01    4.1952823507E-01   -2.7803491492E+02    4.1289646877E-02
    1.5599980000E-03    6.2307492080E-01    2.1237297565E-01   -2.7887194283E+02    5.3922795262E-02
    1.5639980000E-03    5.6907099167E-01   -1.0020245028E-01   -2.7980208667E+02    6.0665893903E-02
    1.5679980000E-03    7.0989561524E-01   -3.8090894325E-01   -2.8070415358E+02    5.8751233514E-02
    1.5719980000E-03    9.6691733730E-01   -4.8788743917E-01   -2.8148320952E+02    5.2714158011E-02
    1.5759980000E-03    1.1837135839E+00   -3.7029785512E-01   -2.8215181225E+02    5.0533329420E-02
    1.5799980000E-03    1.2648822721E+00   -8.2567996661E-02   -2.8274179726E+02    5.4937221833E-02
    1.5839980000E-03    1.2213707916E+00    2.4055460950E-01   -2.8331965974E+02    4.9846473636E-02
    1.5879980000E-03    1.0514343501E+00    4.1704699400E-01   -2.8396941152E+02    4.4728084783E-02
    1.5919980000E-03    8.2590494799E-01    3.7311629835E-01   -2.8473020597E+02    4.5310506615E-02
    1.5959980000E-03    6.9906774731E-01    1.5438715021E-01   -2.8559941621E+02    4.5229946396E-02
    1.5999980000E-03    7.5691578640E-01   -9.7010198279E-02   -2.8648261507E+02    4.1602235429E-02
    1.6039980000E-03    9.2926366540E-01   -2.4077086990E-01   -2.8729106598E+02    3.6304763936E-02
    1.6079980000E-03    1.0901741592E+00   -2.2985842286E-01   -2.8800788779E+02    3.0607750803E-02
    1.6119980000E-03    1.1792997861E+00   -1.4304882039E-01   -2.8864923246E+02    2.4121988300E-02
    1.6159980000E-03    1.2017861930E+00   -2.2205444660E-02   -2.8925366458E+02    2.0565600287E-02
    1.6199980000E-03    1.1590989533E+00    1.0437035978E-01   -2.8986440710E+02    2.2913083406E-02
    1.6239980000E-03    1.0477884799E+00    1.8430222136E-01   -2.9053455728E+02    2.5198968141E-02
    1.6279980000E-03    8.7638942815E-01    1.4007592222E-01   -2.9129299757E+02    2.6053394359E-02
    1.6319980000E-03    7.6128730521E-01   -5.2713568642E-02   -2.9213536449E+02    2.6596417709E-02
    1.6359980000E-03    8.1149265700E-01   -2.7515988015E-01   -2.9300540761E+02    2.6368310248E-02
    1.6399980000E-03    9.9745197187E-01   -3.7292183264E-01   -2.9380082066E+02    2.5955867793E-02
    1.6439980000E-03    1.1803794292E+00   -2.5991646372E-01   -2.9448405119E+02    2.9975520348E-02
    1.6479980000E-03    1.2548611398E+00    1.8112805801E-02   -2.9508088084E+02    3.6545942602E-02
    1.6519980000E-03    1.2104375970E+00    3.0845078329E-01   -2.9566336259E+02    3.5304110920E-02
    1.6559980000E-03    1.0331522241E+00    4.6644593420E-01   -2.9630879126E+02    3.9181979196E-02
    1.6599980000E-03    7.7511956334E-01    4.2368741442E-01   -2.9705123391E+02    4.9676391396E-02
    1.6639980000E-03    5.8137556015E-01    1.7872139514E-01   -2.9791428933E+02    5.8957244796E-02
    1.6679980000E-03    5.6779229755E-01   -1.4527263639E-01   -2.9885692226E+02    6.0349141013E-02
    1.6719980000E-03    7.4340211135E-01   -4.0911155487E-01   -2.9973666335E+02    5.3337209060E-02
    1.6759980000E-03    1.0048072993E+00   -4.7886807159E-01   -3.0049297273E+02    4.3885792341E-02
    1.6799980000E-03    1.1998038861E+00   -3.3671194787E-01   -3.0114744539E+02    4.0186942067E-02
    1.6839980000E-03    1.2593628707E+00   -4.7157907232E-02   -3.0173248317E+02    4.2501546584E-02
    1.6879980000E-03    1.1976565857E+00    2.4948581925E-01   -3.0232099190E+02    3.6349250581E-02
    1.6919980000E-03    1.0194468534E+00    3.8887799557E-01   -3.0299048068E+02    3.1833408285E-02
    1.6959980000E-03    8.1773608894E-01    3.1217172881E-01   -3.0377294338E+02    3.2238281440E-02
    1.6999980000E-03    7.3946784040E-01    9.0663792265E-02   -3.0464370686E+02    3.2334441592E-02
    1.7039980000E-03    8.3566699946E-01   -1.2453370054E-01   -3.0550061509E+02    3.0803727148E-02
    1.7079980000E-03    1.0113201830E+00   -2.0224981976E-01   -3.0627628088E+02    2.8926560343E-02
    1.7119980000E-03    1.1388893444E+00   -1.4354065821E-01   -3.0696215495E+02    2.5601088437E-02
    1.7159980000E-03    1.1964600459E+00   -2.9250828231E-02   -3.0758128614E+02    2.1431461921E-02
    1.7199980000E-03    1.1894772725E+00    9.3012625264E-02   -3.0818230263E+02    2.2898346708E-02
    1.7239980000E-03    1.1171057892E+00    1.9224805892E-01   -3.0881121727E+02    2.8619384969E-02
    1.7279980000E-03    9.7350837296E-01    2.2950045545E-01   -3.0951046383E+02    3.3440360572E-02
    1.7319980000E-03    7.9593473372E-01    1.2141594827E-01   -3.1030040416E+02    3.7407769648E-02
    1.7359980000E-03    7.1206714977E-01   -1.1329231875E-01   -3.1117029447E+02    4.0501256083E-02
    1.7399980000E-03    8.0903044798E-01   -3.4051031242E-01   -3.1204536042E+02    4.0776501882E-02
    1.7439980000E-03    1.0240570656E+00   -4.1155533026E-01   -3.1282262301E+02    4.0098407728E-02
    1.7479980000E-03    1.2050138830E+00   -2.6215505188E-01   -3.1348640179E+02    4.4548660030E-02
    1.7519980000E-03    1.2637941663E+00    4.6126888484E-02   -3.1407081128E+02    5.0733284922E-02
    1.7559980000E-03    1.1996357141E+00    3.4361086178E-01   -3.1465522775E+02    4.7104193526E-02
    1.7599980000E-03    9.9807425215E-01    4.8463154718E-01   -3.1531202058E+02    4.9298157929E-02
    1.7639980000E-03    7.3638467287E-01    4.0630178289E-01   -3.1607401417E+02    5.6585618916E-02
    1.7679980000E-03    5.6985755143E-01    1.3869026390E-01   -3.1696119999E+02    6.0801727340E-02
    1.7719980000E-03    5.9590912613E-01   -1.8118278593E-01   -3.1789981783E+02    5.6573277463E-02
    1.7759980000E-03    7.9204360846E-01   -4.1505338817E-01   -3.1875453300E+02    4.5160171860E-02
    1.7799980000E-03    1.0409027990E+00   -4.4988226306E-01   -3.1949352215E+02    3.3311793966E-02
    1.7839980000E-03    1.2076478097E+00   -2.9881833991E-01   -3.2013907299E+02    2.7913953124E-02
    1.7879980000E-03    1.2482136505E+00   -2.6242922055E-02   -3.2072460780E+02    2.7791981524E-02
    1.7919980000E-03    1.1742719633E+00    2.3620643275E-01   -3.2132688138E+02    2.1592343391E-02
    1.7959980000E-03    9.9946212835E-01    3.4059563901E-01   -3.2201474621E+02    1.7269504825E-02
    1.7999980000E-03    8.2875889267E-01    2.4221377182E-01   -3.2281102704E+02    1.7167075729E-02
    1.8039980000E-03    7.9224255353E-01    2.9932925673E-02   -3.2367271133E+02    1.7805084289E-02
    1.8079980000E-03    9.1098576526E-01   -1.4359065845E-01   -3.2450345874E+02    1.8444851249E-02
    1.8119980000E-03    1.0750850875E+00   -1.6479029012E-01   -3.2525089529E+02    1.9519975990E-02
    1.8159980000E-03    1.1758284439E+00   -6.4744181668E-02   -3.2591125634E+02    1.9510253396E-02
    1.8199980000E-03    1.2060424573E+00    7.7820383772E-02   -3.2651824622E+02    1.9877681407E-02
    1.8239980000E-03    1.1692060424E+00    1.9994893223E-01   -3.2712823030E+02    2.4950232061E-02
    1.8279980000E-03    1.0624397409E+00    2.7521423135E-01   -3.2778103828E+02    3.2141366201E-02
    1.8319980000E-03    8.8547823905E-01    2.5996878255E-01   -3.2851234418E+02    3.9418133969E-02
    1.8359980000E-03    7.1896855675E-01    8.5746933864E-02   -3.2933689043E+02    4.6532875628E-02
    1.8399980000E-03    6.8052111115E-01   -1.8040526558E-01   -3.3023229322E+02    5.0951360348E-02
    1.8439980000E-03    8.2853398802E-01   -3.9757913868E-01   -3.3109923248E+02    5.0975728697E-02
    1.8479980000E-03    1.0631302106E+00   -4.2865283717E-01   -3.3185075625E+02    5.0156582933E-02
    1.8519980000E-03    1.2293719605E+00   -2.3945198506E-01   -3.3249333779E+02    5.5330932507E-02
    1.8559980000E-03    1.2661754094E+00    9.2003014938E-02   -3.3306796726E+02    5.9841889739E-02
    1.8599980000E-03    1.1775177835E+00    3.7785039496E-01   -3.3366038289E+02    5.4489351300E-02
    1.8639980000E-03    9.5544155842E-01    4.8544757449E-01   -3.3433515186E+02    5.5704490695E-02
    1.8679980000E-03    7.0475137708E-01    3.6626590168E-01   -3.3512400125E+02    6.0126142098E-02
    1.8719980000E-03    5.8175241038E-01    8.4197068277E-02   -3.3603172952E+02    5.9928270742E-02
    1.8759980000E-03    6.5148628836E-01   -2.1726917397E-01   -3.3695127233E+02    5.1337838586E-02
    1.8799980000E-03    8.5968341936E-01   -4.0383228384E-01   -3.3777671676E+02    3.8141146815E-02
    1.8839980000E-03    1.0794563216E+00   -4.0288326825E-01   -3.3849693781E+02    2.6473684718E-02
    1.8879980000E-03    1.2115078201E+00   -2.5703516885E-01   -3.3913551818E+02    2.0134952261E-02
    1.8919980000E-03    1.2342074558E+00   -1.5791576514E-02   -3.3972659778E+02    1.7909812156E-02
    1.8959980000E-03    1.1534211639E+00    2.0706213590E-01   -3.4034630673E+02    1.2185065383E-02
    1.8999980000E-03    9.8921728369E-01    2.7864432422E-01   -3.4105239443E+02    7.6061606704E-03
    1.9039980000E-03    8.4881621170E-01    1.6512757597E-01   -3.4185599495E+02    6.3756010264E-03
    1.9079980000E-03    8.4062587727E-01   -3.4708573467E-02   -3.4270502903E+02    6.9287629767E-03
    1.9119980000E-03    9.6538554711E-01   -1.7341097802E-01   -3.4351605008E+02    9.2052476846E-03
    1.9159980000E-03    1.1180999470E+00   -1.5254606564E-01   -3.4424387304E+02    1.2746836431E-02
    1.9199980000E-03    1.2034677891E+00   -8.8855590707E-03   -3.4488756729E+02    1.5762970062E-02
    1.9239980000E-03    1.2103107956E+00    1.6321595165E-01   -3.4549050585E+02    1.8848996513E-02
    1.9279980000E-03    1.1402203285E+00    2.8832015028E-01   -3.4611316165E+02    2.5413441206E-02
    1.9319980000E-03    9.9231848132E-01    3.4086188417E-01   -3.4679153006E+02    3.3547118709E-02
    1.9359980000E-03    7.9092572656E-01    2.6193024305E-01   -3.4755764861E+02    4.3296249979E-02
    1.9399980000E-03    6.5275937071E-01    2.8341921123E-02   -3.4842047351E+02    5.2149956188E-02
    1.9439980000E-03    6.7404751817E-01   -2.5504334617E-01   -3.4933351821E+02    5.6235454859E-02
    1.9479980000E-03    8.7102810243E-01   -4.4350026094E-01   -3.5017643857E+02    5.5070315966E-02
    1.9519980000E-03    1.1112541496E+00   -4.2078007486E-01   -3.5089689356E+02    5.4201721173E-02
    1.9559980000E-03    1.2501515383E+00   -1.8893750480E-01   -3.5151724320E+02    5.9994601162E-02
    1.9599980000E-03    1.2590041665E+00    1.5418638325E-01   -3.5208656693E+02    6.1170167985E-02
    1.9639980000E-03    1.1391405434E+00    4.0948048462E-01   -3.5269464106E+02    5.5372121321E-02
    1.9679980000E-03    9.0158271500E-01    4.6639353203E-01   -3.5339600452E+02    5.6446727334E-02
    1.9719980000E-03    6.7825089596E-01    3.0172810955E-01   -3.5421878147E+02    5.8786598500E-02
    1.9759980000E-03    6.1534947330E-01    1.3455261404E-02   -3.5513631579E+02    5.5684095520E-02
    1.9799980000E-03    7.2937518026E-01   -2.5325229095E-01   -3.5602451612E+02    4.5962000646E-02
    1.9839980000E-03    9.4004662010E-01   -3.7674489953E-01   -3.5681458177E+02    3.4019002430E-02
    1.9879980000E-03    1.1190529309E+00   -3.4042651320E-01   -3.5750994828E+02    2.4258160820E-02
    1.9919980000E-03    1.2131912882E+00   -2.0468121730E-01   -3.5813929012E+02    1.7747341694E-02
    1.9959980000E-03    1.2173470076E+00   -1.8026694380E-03   -3.5873833715E+02    1.4314563099E-02
    1.9999980000E-03    1.1319981457E+00    1.7464478771E-01   -3.5937566496E+02    9.7523798591E-03
