 sig=    1.000000000000000      inputfile=
 /home/rjrj524/Finished/vmec_gc_tracer/revised_251128/nc/wout_pwO_nfp2_A6.nc                                                                                                                             
 dt=   2.0000000000000001E-009
 steps=      1000000
 x0=   5.4800000000000001E-002    3.080000000000000      
    6.410000000000000     
 u=   -80200.00000000000     
 v_perp=    245000.0000000000     
 
time(s)         x0(1)       x0(2)        x0(3)      r
    3.9980000000E-06    1.2620654952E+00    1.1099799955E-01    6.1903489667E+00    5.3813755599E-02
    7.9980000000E-06    1.2334382989E+00    2.5792735796E-01    5.9340775628E+00    4.8855304835E-02
    1.1998000000E-05    1.1604906881E+00    3.9277375773E-01    5.6106988713E+00    4.6109179127E-02
    1.5998000000E-05    1.0269198997E+00    4.7923253305E-01    5.2130146705E+00    4.8576543262E-02
    1.9998000000E-05    8.4573721905E-01    4.7617333040E-01    4.7407919978E+00    5.6278078849E-02
    2.3998000000E-05    6.6452512858E-01    3.6161382401E-01    4.1904177843E+00    6.5403939904E-02
    2.7998000000E-05    5.4633609416E-01    1.5310424890E-01    3.5638526855E+00    7.2128436571E-02
    3.1998000000E-05    5.3216147996E-01   -8.9014971790E-02    2.8916953384E+00    7.2829044220E-02
    3.5998000000E-05    6.2473344323E-01   -3.1246303384E-01    2.2487513427E+00    6.7092587356E-02
    3.9998000000E-05    7.9501013324E-01   -4.5552374437E-01    1.6786389712E+00    5.7917444337E-02
    4.3998000000E-05    9.8103851653E-01   -4.8735570279E-01    1.1874038543E+00    4.9174928369E-02
    4.7998000000E-05    1.1297044944E+00   -4.2191913410E-01    7.7096482197E-01    4.4888958850E-02
    5.1998000000E-05    1.2178722180E+00   -2.9723412995E-01    4.2872124512E-01    4.6200763726E-02
    5.5998000000E-05    1.2564791611E+00   -1.5207896988E-01    1.5642020703E-01    5.0851381014E-02
    5.9998000000E-05    1.2653234110E+00   -9.7389449267E-03   -6.7731160727E-02    5.3510165083E-02
    6.3998000000E-05    1.2526776022E+00    1.3364009773E-01   -2.9591809137E-01    4.9677913664E-02
    6.7998000000E-05    1.2083605796E+00    2.7942461154E-01   -5.7876925866E-01    4.3324194734E-02
    7.1998000000E-05    1.1132205555E+00    3.9973501313E-01   -9.3718788757E-01    3.9717033123E-02
    7.5998000000E-05    9.6219742700E-01    4.5091777603E-01   -1.3766764739E+00    4.0762387719E-02
    7.9998000000E-05    7.9022586534E-01    3.9855624290E-01   -1.8957999118E+00    4.4625799755E-02
    8.3998000000E-05    6.5427581345E-01    2.4768148182E-01   -2.4896152850E+00    4.7452742408E-02
    8.7998000000E-05    6.0582110785E-01    4.2869429835E-02   -3.1289974570E+00    4.6097724631E-02
    9.1998000000E-05    6.5156206688E-01   -1.5857974413E-01   -3.7524639613E+00    3.9542971924E-02
    9.5998000000E-05    7.6561539293E-01   -3.0926564815E-01   -4.3135917914E+00    3.0053905076E-02
    9.9998000000E-05    9.0834650073E-01   -3.7907024435E-01   -4.7981223512E+00    2.0589428708E-02
    1.0399800000E-04    1.0366589186E+00   -3.7382888738E-01   -5.2107657465E+00    1.3043862630E-02
    1.0799800000E-04    1.1307175575E+00   -3.1964578045E-01   -5.5598006206E+00    8.1222187715E-03
    1.1199800000E-04    1.1903728518E+00   -2.3788173445E-01   -5.8499732004E+00    5.7666105629E-03
    1.1599800000E-04    1.2220307791E+00   -1.4507161115E-01   -6.0846036944E+00    5.4318297546E-03
    1.1999800000E-04    1.2341687254E+00   -5.3654858840E-02   -6.2799058919E+00    5.6706637247E-03
    1.2399800000E-04    1.2324266160E+00    3.5522732381E-02   -6.4655043962E+00    5.0605942892E-03
    1.2799800000E-04    1.2158466021E+00    1.2876096877E-01   -6.6727871926E+00    3.4966230870E-03
    1.3199800000E-04    1.1770629528E+00    2.2519037354E-01   -6.9246588592E+00    2.2881872010E-03
    1.3599800000E-04    1.1069012427E+00    3.0656454059E-01   -7.2379261506E+00    2.5617035555E-03
    1.3999800000E-04    9.9887173931E-01    3.4996890198E-01   -7.6222087361E+00    5.0096582966E-03
    1.4399800000E-04    8.6440278146E-01    3.2699089499E-01   -8.0800986276E+00    9.4025435072E-03
    1.4799800000E-04    7.3940015821E-01    2.2232606128E-01   -8.6131437647E+00    1.4386693380E-02
    1.5199800000E-04    6.6816714765E-01    5.3991903959E-02   -9.2085124338E+00    1.7981609319E-02
    1.5599800000E-04    6.7943215159E-01   -1.3393980185E-01   -9.8279370157E+00    1.8177596619E-02
    1.5999800000E-04    7.7250836768E-01   -2.8943722260E-01   -1.0417299868E+01    1.5155206503E-02
    1.6399800000E-04    9.1278683561E-01   -3.6883975652E-01   -1.0940145563E+01    1.1121868509E-02
    1.6799800000E-04    1.0507216436E+00   -3.5977494575E-01   -1.1384888659E+01    8.5505860039E-03
    1.7199800000E-04    1.1521003701E+00   -2.8361573679E-01   -1.1751574798E+01    8.8518828541E-03
    1.7599800000E-04    1.2109255257E+00   -1.7558989281E-01   -1.2047369229E+01    1.1524653199E-02
    1.7999800000E-04    1.2378516878E+00   -6.3052539412E-02   -1.2284705434E+01    1.4984601861E-02
    1.8399800000E-04    1.2443887219E+00    4.3941749785E-02   -1.2486044123E+01    1.6633799222E-02
    1.8799800000E-04    1.2346651565E+00    1.5095737627E-01   -1.2689162384E+01    1.5973172215E-02
    1.9199800000E-04    1.2031155098E+00    2.5990365118E-01   -1.2930108790E+01    1.5309802438E-02
    1.9599800000E-04    1.1380992108E+00    3.5788761877E-01   -1.3227895915E+01    1.7247819918E-02
    1.9999800000E-04    1.0309737445E+00    4.2179965505E-01   -1.3588105070E+01    2.3099673468E-02
    2.0399800000E-04    8.8549673876E-01    4.2549438127E-01   -1.4014239172E+01    3.2812605149E-02
    2.0799800000E-04    7.2682228837E-01    3.4358083227E-01   -1.4513477845E+01    4.5152482374E-02
    2.1199800000E-04    6.0478245040E-01    1.7280736391E-01   -1.5090915093E+01    5.7150599597E-02
    2.1599800000E-04    5.6077267594E-01   -4.8427385959E-02   -1.5733450051E+01    6.5478659162E-02
    2.1999800000E-04    6.1854770338E-01   -2.7037658475E-01   -1.6388626381E+01    6.7640255621E-02
    2.2399800000E-04    7.7060709375E-01   -4.3324041286E-01   -1.6991408084E+01    6.4860130252E-02
    2.2799800000E-04    9.5908586365E-01   -4.8861055794E-01   -1.7517455309E+01    6.0455284317E-02
    2.3199800000E-04    1.1219059387E+00   -4.3221264958E-01   -1.7964699634E+01    5.9085008537E-02
    2.3599800000E-04    1.2208827797E+00   -3.0145096638E-01   -1.8330599852E+01    6.3350051181E-02
    2.3999800000E-04    1.2640416812E+00   -1.4264250260E-01   -1.8618431268E+01    7.0767462590E-02
    2.4399800000E-04    1.2741163769E+00    1.3256156367E-02   -1.8851193918E+01    7.4571921799E-02
    2.4799800000E-04    1.2613543230E+00    1.6989581551E-01   -1.9088057674E+01    6.9977385482E-02
    2.5199800000E-04    1.2128669248E+00    3.2727148079E-01   -1.9384259021E+01    6.3121971725E-02
    2.5599800000E-04    1.1056407834E+00    4.5182651621E-01   -1.9758463111E+01    6.0132576841E-02
    2.5999800000E-04    9.3506660134E-01    4.9729767087E-01   -2.0212173054E+01    6.3056272143E-02
    2.6399800000E-04    7.4306441127E-01    4.2899540172E-01   -2.0743821618E+01    6.8544310131E-02
    2.6799800000E-04    5.9256463181E-01    2.5312637585E-01   -2.1352708384E+01    7.2168780840E-02
    2.7199800000E-04    5.4047796287E-01    2.1626519209E-02   -2.2015436357E+01    7.0647860712E-02
    2.7599800000E-04    5.9275733091E-01   -2.0693868546E-01   -2.2664690405E+01    6.2786411274E-02
    2.7999800000E-04    7.2799208077E-01   -3.7983876484E-01   -2.3246510250E+01    5.0868883722E-02
    2.8399800000E-04    8.9949435311E-01   -4.5519585341E-01   -2.3749545033E+01    3.8363290198E-02
    2.8799800000E-04    1.0530127036E+00   -4.3823214315E-01   -2.4178610493E+01    2.9164528223E-02
    2.9199800000E-04    1.1614105177E+00   -3.5592272869E-01   -2.4539033377E+01    2.4839879769E-02
    2.9599800000E-04    1.2218822477E+00   -2.4048776338E-01   -2.4833668313E+01    2.4907714977E-02
    2.9999800000E-04    1.2475025321E+00   -1.1772051789E-01   -2.5070978910E+01    2.7057251590E-02
    3.0399800000E-04    1.2514038480E+00    1.6959050003E-03   -2.5277414503E+01    2.7540320939E-02
    3.0799800000E-04    1.2363892313E+00    1.2428319488E-01   -2.5498016031E+01    2.4174576895E-02
    3.1199800000E-04    1.1931028256E+00    2.4950326615E-01   -2.5770605280E+01    1.9683657950E-02
    3.1599800000E-04    1.1067891800E+00    3.5461133397E-01   -2.6112864175E+01    1.7345255722E-02
    3.1999800000E-04    9.7362996144E-01    4.0176764221E-01   -2.6533154266E+01    1.8401524097E-02
    3.2399800000E-04    8.1983499017E-01    3.5907382555E-01   -2.7032791291E+01    2.2049572473E-02
    3.2799800000E-04    6.9497724864E-01    2.2602396298E-01   -2.7606442415E+01    2.5596802045E-02
    3.3199800000E-04    6.4615125059E-01    3.8666129450E-02   -2.8227670459E+01    2.6172788042E-02
    3.3599800000E-04    6.8623048541E-01   -1.4922225543E-01   -2.8842247375E+01    2.2646948746E-02
    3.3999800000E-04    7.9403228233E-01   -2.8934095190E-01   -2.9402475896E+01    1.6537493992E-02
    3.4399800000E-04    9.3019901770E-01   -3.5153572166E-01   -2.9888867795E+01    1.0223654429E-02
    3.4799800000E-04    1.0521010743E+00   -3.4015315050E-01   -3.0302148922E+01    5.4063422565E-03
    3.5199800000E-04    1.1402860545E+00   -2.8072316213E-01   -3.0648452284E+01    2.7105419967E-03
    3.5599800000E-04    1.1948968425E+00   -1.9505778631E-01   -3.0930433628E+01    2.0553513982E-03
    3.5999800000E-04    1.2226368430E+00   -1.0338500380E-01   -3.1156633445E+01    2.7028793148E-03
    3.6399800000E-04    1.2326814244E+00   -1.5808152765E-02   -3.1347442489E+01    3.4588408582E-03
    3.6799800000E-04    1.2297013413E+00    6.9927693290E-02   -3.1529704058E+01    3.3965967238E-03
    3.7199800000E-04    1.2121093876E+00    1.6004656185E-01   -3.1732864055E+01    2.9699141638E-03
    3.7599800000E-04    1.1727934019E+00    2.4925197370E-01   -3.1983075053E+01    3.4776538721E-03
    3.7999800000E-04    1.1040705686E+00    3.2236180254E-01   -3.2292259504E+01    5.9073417428E-03
    3.8399800000E-04    1.0007226937E+00    3.6285199752E-01   -3.2662718437E+01    1.0665316371E-02
    3.8799800000E-04    8.6804430315E-01    3.4574401837E-01   -3.3100300934E+01    1.7450466155E-02
    3.9199800000E-04    7.3495433369E-01    2.4946415325E-01   -3.3612948234E+01    2.5415597098E-02
    3.9599800000E-04    6.4607675278E-01    8.1977982095E-02   -3.4197384609E+01    3.2368953513E-02
    3.9999800000E-04    6.3568547967E-01   -1.1809652667E-01   -3.4826580057E+01    3.5562839637E-02
    4.0399800000E-04    7.1830781336E-01   -2.9939731942E-01   -3.5444655136E+01    3.4232205353E-02
    4.0799800000E-04    8.6660929932E-01   -4.0807392153E-01   -3.6001902891E+01    3.0505456861E-02
    4.1199800000E-04    1.0267357100E+00   -4.1681253423E-01   -3.6481540632E+01    2.7403517475E-02
    4.1599800000E-04    1.1505921834E+00   -3.3835667703E-01   -3.6881079120E+01    2.7973265702E-02
    4.1999800000E-04    1.2217943798E+00   -2.1273896268E-01   -3.7202540330E+01    3.2179583209E-02
    4.2399800000E-04    1.2524015803E+00   -7.6519361285E-02   -3.7456401842E+01    3.7550382615E-02
    4.2799800000E-04    1.2582191965E+00    5.4364342688E-02   -3.7670758466E+01    3.9291978875E-02
    4.3199800000E-04    1.2436101204E+00    1.8685233772E-01   -3.7896144884E+01    3.6498611677E-02
    4.3599800000E-04    1.1979144691E+00    3.1909199346E-01   -3.8173503048E+01    3.3864145452E-02
    4.3999800000E-04    1.1037022853E+00    4.2731863981E-01   -3.8518111766E+01    3.5073039308E-02
    4.4399800000E-04    9.5532681257E-01    4.7578838605E-01   -3.8933583401E+01    4.1728375834E-02
    4.4799800000E-04    7.7561369801E-01    4.3174681347E-01   -3.9422503189E+01    5.2637715237E-02
    4.5199800000E-04    6.1589873777E-01    2.8140200869E-01   -3.9990335667E+01    6.4022137663E-02
    4.5599800000E-04    5.3377255926E-01    5.7085604365E-02   -4.0631195971E+01    7.1898772475E-02
    4.5999800000E-04    5.5607853559E-01   -1.8289183485E-01   -4.1301938635E+01    7.3319571614E-02
    4.6399800000E-04    6.8343444992E-01   -3.8520160558E-01   -4.1928688051E+01    6.9019768519E-02
    4.6799800000E-04    8.7051196619E-01   -4.8938816470E-01   -4.2479613019E+01    6.2205495927E-02
    4.7199800000E-04    1.0532804922E+00   -4.7837542906E-01   -4.2952435901E+01    5.6632732990E-02
    4.7599800000E-04    1.1817408411E+00   -3.7679387723E-01   -4.3348389900E+01    5.6639838156E-02
    4.7999800000E-04    1.2472492519E+00   -2.2954640343E-01   -4.3666902445E+01    6.1625616701E-02
    4.8399800000E-04    1.2699101710E+00   -7.4466226587E-02   -4.3917971103E+01    6.7445700567E-02
    4.8799800000E-04    1.2679331072E+00    7.6341103860E-02   -4.4142038425E+01    6.6791163273E-02
    4.9199800000E-04    1.2397207888E+00    2.3238870849E-01   -4.4402054942E+01    5.9930197920E-02
    4.9599800000E-04    1.1657802414E+00    3.7598250301E-01   -4.4734279947E+01    5.4069509579E-02
    4.9999800000E-04    1.0293559930E+00    4.6551184352E-01   -4.5147856908E+01    5.2941652886E-02
    5.0399800000E-04    8.4926055141E-01    4.5608070470E-01   -4.5641728296E+01    5.6409788286E-02
    5.0799800000E-04    6.8175187875E-01    3.3511642066E-01   -4.6213777390E+01    5.9927411170E-02
    5.1199800000E-04    5.8808047225E-01    1.3467555228E-01   -4.6850200143E+01    5.9892805269E-02
    5.1599800000E-04    5.9667952099E-01   -8.4749993005E-02   -4.7497833688E+01    5.4141874149E-02
    5.1999800000E-04    6.8993943021E-01   -2.7189455981E-01   -4.8095077638E+01    4.3601164750E-02
    5.2399800000E-04    8.3351759281E-01   -3.8402735086E-01   -4.8617032728E+01    3.1933482780E-02
    5.2799800000E-04    9.7995030490E-01   -4.1000177449E-01   -4.9063103906E+01    2.1831101951E-02
    5.3199800000E-04    1.0960784307E+00   -3.7146321601E-01   -4.9442508860E+01    1.4720196777E-02
    5.3599800000E-04    1.1738063851E+00   -2.9328075853E-01   -4.9760610324E+01    1.0910542363E-02
    5.3999800000E-04    1.2173184857E+00   -1.9606348677E-01   -5.0020673929E+01    9.9899967192E-03
    5.4399800000E-04    1.2361778604E+00   -9.6295184625E-02   -5.0232866417E+01    1.0436243975E-02
    5.4799800000E-04    1.2385583416E+00    7.2923368856E-04   -5.0423973533E+01    1.0095301555E-02
    5.5199800000E-04    1.2256903319E+00    1.0062670988E-01   -5.0629698231E+01    7.9988227358E-03
    5.5599800000E-04    1.1909654940E+00    2.0472059444E-01   -5.0878980742E+01    5.4251918999E-03
    5.5999800000E-04    1.1231766612E+00    2.9920594246E-01   -5.1187752426E+01    4.2063620525E-03
    5.6399800000E-04    1.0150448315E+00    3.5519658216E-01   -5.1568691281E+01    5.2848090281E-03
    5.6799800000E-04    8.7756385721E-01    3.4123670460E-01   -5.2027216695E+01    8.7522058680E-03
    5.7199800000E-04    7.4874179371E-01    2.4189495438E-01   -5.2561943276E+01    1.2945799858E-02
    5.7599800000E-04    6.7486987200E-01    7.6511821769E-02   -5.3157882696E+01    1.5697274805E-02
    5.7999800000E-04    6.8339765733E-01   -1.0937427116E-01   -5.3775008507E+01    1.5300801900E-02
    5.8399800000E-04    7.7082631893E-01   -2.6473817432E-01   -5.4360339875E+01    1.1987806256E-02
    5.8799800000E-04    9.0451895052E-01   -3.4792314915E-01   -5.4879684562E+01    7.6681099650E-03
    5.9199800000E-04    1.0375320799E+00   -3.4726204645E-01   -5.5322278896E+01    4.4636785196E-03
    5.9599800000E-04    1.1375353629E+00   -2.8278047198E-01   -5.5687932880E+01    3.6825390562E-03
    5.9999800000E-04    1.1981149938E+00   -1.8627738991E-01   -5.5983712108E+01    5.0324646911E-03
    6.0399800000E-04    1.2281383499E+00   -8.4009690561E-02   -5.6222927059E+01    7.4861244469E-03
    6.0799800000E-04    1.2382124558E+00    1.3335628028E-02   -5.6422852573E+01    9.2410291127E-03
    6.1199800000E-04    1.2336713403E+00    1.0896065710E-01   -5.6613734306E+01    9.3773506571E-03
    6.1599800000E-04    1.2121064139E+00    2.0745014824E-01   -5.6830240715E+01    9.0667178228E-03
    6.1999800000E-04    1.1649593024E+00    3.0172133766E-01   -5.7096799982E+01    1.0388417964E-02
    6.2399800000E-04    1.0834005749E+00    3.7466284908E-01   -5.7421543433E+01    1.4565574907E-02
    6.2799800000E-04    9.6409934970E-01    4.0622370112E-01   -5.7807793744E+01    2.1941848260E-02
    6.3199800000E-04    8.1725042661E-01    3.7087432564E-01   -5.8261544892E+01    3.2089866635E-02
    6.3599800000E-04    6.7871939070E-01    2.4936518995E-01   -5.8791921278E+01    4.3512973112E-02
    6.3999800000E-04    5.9477736816E-01    5.7466252680E-02   -5.9395978880E+01    5.3451549528E-02
    6.4399800000E-04    5.9805331978E-01   -1.6088986314E-01   -6.0044363182E+01    5.8320894159E-02
    6.4799800000E-04    7.0269938637E-01   -3.5306395266E-01   -6.0673566025E+01    5.7676302044E-02
    6.5199800000E-04    8.7356506080E-01   -4.6014440615E-01   -6.1235325995E+01    5.3975798381E-02
    6.5599800000E-04    1.0495113731E+00   -4.5556593310E-01   -6.1718556461E+01    5.0910772642E-02
    6.5999800000E-04    1.1772891286E+00   -3.5733127292E-01   -6.2121049932E+01    5.2707533195E-02
    6.6399800000E-04    1.2441635033E+00   -2.1128036545E-01   -6.2442784268E+01    5.8889960060E-02
    6.6799800000E-04    1.2684309643E+00   -5.6904893232E-02   -6.2695071060E+01    6.5295912307E-02
    6.7199800000E-04    1.2679692733E+00    9.2639434337E-02   -6.2918326785E+01    6.4994958217E-02
    6.7599800000E-04    1.2417677492E+00    2.4687925418E-01   -6.3174790279E+01    5.9097308055E-02
    6.7999800000E-04    1.1705487463E+00    3.9011738677E-01   -6.3500259269E+01    5.4777857158E-02
    6.8399800000E-04    1.0357955767E+00    4.8368151846E-01   -6.3902838051E+01    5.5677761350E-02
    6.8799800000E-04    8.5057828651E-01    4.8357255377E-01   -6.4381775396E+01    6.1896796160E-02
    6.9199800000E-04    6.6659329447E-01    3.6845877646E-01   -6.4939036686E+01    6.9015504899E-02
    6.9599800000E-04    5.4802578288E-01    1.5934530505E-01   -6.5571284566E+01    7.3370898311E-02
    6.9999800000E-04    5.3563517958E-01   -8.1774975797E-02   -6.6243098238E+01    7.1814579616E-02
    7.0399800000E-04    6.2732494472E-01   -3.0262684939E-01   -6.6879554184E+01    6.3848795036E-02
    7.0799800000E-04    7.9309013302E-01   -4.4384940972E-01   -6.7441729907E+01    5.2679738384E-02
    7.1199800000E-04    9.7318201141E-01   -4.7753975736E-01   -6.7925149726E+01    4.2355007542E-02
    7.1599800000E-04    1.1179633015E+00   -4.1984409217E-01   -6.8335269137E+01    3.6540268216E-02
    7.1999800000E-04    1.2068418606E+00   -3.0538052778E-01   -6.8674034586E+01    3.6163855924E-02
    7.2399800000E-04    1.2481707480E+00   -1.6995812409E-01   -6.8945646201E+01    3.9354498353E-02
    7.2799800000E-04    1.2598669383E+00   -3.5868306246E-02   -6.9168146498E+01    4.1945292495E-02
    7.3199800000E-04    1.2511557737E+00    9.7822992750E-02   -6.9386525785E+01    3.9404086292E-02
    7.3599800000E-04    1.2154323811E+00    2.3618194561E-01   -6.9650615449E+01    3.3751469426E-02
    7.3999800000E-04    1.1357844658E+00    3.5891277954E-01   -6.9985226762E+01    2.9868607196E-02
    7.4399800000E-04    1.0025938879E+00    4.2681305876E-01   -7.0399135213E+01    2.9919066364E-02
    7.4799800000E-04    8.3884610835E-01    4.0167663053E-01   -7.0893046878E+01    3.3376455853E-02
    7.5199800000E-04    6.9601764463E-01    2.7734800766E-01   -7.1463500556E+01    3.6894777748E-02
    7.5599800000E-04    6.2704752523E-01    8.7499370886E-02   -7.2089208987E+01    3.7408533945E-02
    7.5999800000E-04    6.5180131549E-01   -1.1210299625E-01   -7.2715767165E+01    3.3223744624E-02
    7.6399800000E-04    7.5071252203E-01   -2.7171930214E-01   -7.3290406085E+01    2.5619952982E-02
    7.6799800000E-04    8.8738337582E-01   -3.5609621953E-01   -7.3791082235E+01    1.7387569259E-02
    7.7199800000E-04    1.0174338387E+00   -3.6304167908E-01   -7.4217712313E+01    1.0598748789E-02
    7.7599800000E-04    1.1159581137E+00   -3.1652777118E-01   -7.4578592169E+01    5.9814252908E-03
    7.7999800000E-04    1.1802178528E+00   -2.4015642876E-01   -7.4879123132E+01    3.7120283890E-03
    7.8399800000E-04    1.2159847051E+00   -1.4992997954E-01   -7.5121742535E+01    3.3281004597E-03
    7.8799800000E-04    1.2311575609E+00   -6.0216860155E-02   -7.5320466498E+01    3.7175851056E-03
    7.9199800000E-04    1.2322875654E+00    2.5791340510E-02   -7.5502602031E+01    3.5921430179E-03
    7.9599800000E-04    1.2199752688E+00    1.1458916173E-01   -7.5697961098E+01    2.6647832384E-03
    7.9999800000E-04    1.1883762072E+00    2.0789430092E-01   -7.5931950050E+01    1.9922729947E-03
    8.0399800000E-04    1.1280466208E+00    2.9197385030E-01   -7.6224321779E+01    2.8306379647E-03
    8.0799800000E-04    1.0336098306E+00    3.4531498049E-01   -7.6582380290E+01    5.7737469672E-03
    8.1199800000E-04    9.0703309956E-01    3.4561410707E-01   -7.7008642656E+01    1.0759395906E-02
    8.1599800000E-04    7.7263607901E-01    2.6905844544E-01   -7.7509185895E+01    1.7032172294E-02
    8.1999800000E-04    6.7476504154E-01    1.1775093721E-01   -7.8081532553E+01    2.2718489182E-02
    8.2399800000E-04    6.5028713653E-01   -7.3217065079E-02   -7.8701123546E+01    2.5377416163E-02
    8.2799800000E-04    7.1504892614E-01   -2.5374565504E-01   -7.9316241535E+01    2.4005572689E-02
    8.3199800000E-04    8.4835647681E-01   -3.7137307805E-01   -7.9876443299E+01    2.0230193077E-02
    8.3599800000E-04    1.0007387232E+00   -3.9631841215E-01   -8.0360677170E+01    1.6861657227E-02
    8.3999800000E-04    1.1254336041E+00   -3.3628964840E-01   -8.0765525985E+01    1.6427316424E-02
    8.4399800000E-04    1.2026714747E+00   -2.2613674699E-01   -8.1093569478E+01    1.9199280472E-02
    8.4799800000E-04    1.2397672563E+00   -1.0159353017E-01   -8.1354569108E+01    2.3676307023E-02
    8.5199800000E-04    1.2511678149E+00    1.8561683239E-02   -8.1568817303E+01    2.6417341413E-02
    8.5599800000E-04    1.2442950007E+00    1.3700515525E-01   -8.1776635779E+01    2.5478184821E-02
    8.5999800000E-04    1.2144247396E+00    2.5839505405E-01   -8.2020749865E+01    2.3578811814E-02
    8.6399800000E-04    1.1478363779E+00    3.6942930970E-01   -8.2323862617E+01    2.4206937248E-02
    8.6799800000E-04    1.0330903121E+00    4.4321618985E-01   -8.2692915756E+01    2.9385718395E-02
    8.7199800000E-04    8.7598491630E-01    4.4826093814E-01   -8.3130698523E+01    3.9246579933E-02
    8.7599800000E-04    7.0705223117E-01    3.5905528309E-01   -8.3643395276E+01    5.1967207115E-02
    8.7999800000E-04    5.8175366991E-01    1.7605749799E-01   -8.4234533375E+01    6.3657855770E-02
    8.8399800000E-04    5.4291831217E-01   -5.4901304641E-02   -8.4889035811E+01    7.0838426083E-02
    8.8799800000E-04    6.0958252054E-01   -2.8225541869E-01   -8.5547356070E+01    7.1735951054E-02
    8.9199800000E-04    7.6944138019E-01   -4.4507776089E-01   -8.6146462455E+01    6.7825673215E-02
    8.9599800000E-04    9.6193518143E-01   -4.9692916909E-01   -8.6667716749E+01    6.2510639971E-02
    8.9999800000E-04    1.1251264821E+00   -4.3749167909E-01   -8.7111001878E+01    6.0494005399E-02
    9.0399800000E-04    1.2230011174E+00   -3.0541763350E-01   -8.7474257912E+01    6.4323517125E-02
    9.0799800000E-04    1.2650156682E+00   -1.4631241526E-01   -8.7760440670E+01    7.1441316637E-02
    9.1199800000E-04    1.2742420927E+00    9.7100963932E-03   -8.7992745318E+01    7.5026205893E-02
    9.1599800000E-04    1.2605583754E+00    1.6689128280E-01   -8.8230783426E+01    7.0157338953E-02
    9.1999800000E-04    1.2106527987E+00    3.2439925612E-01   -8.8529539620E+01    6.2912419017E-02
    9.2399800000E-04    1.1018385849E+00    4.4755538841E-01   -8.8907551180E+01    5.9415746910E-02
    9.2799800000E-04    9.3131070503E-01    4.8924307774E-01   -8.9366493491E+01    6.1627800747E-02
    9.3199800000E-04    7.4353860446E-01    4.1667032603E-01   -8.9904070536E+01    6.6095049762E-02
    9.3599800000E-04    6.0155133561E-01    2.4059177310E-01   -9.0517262742E+01    6.8402879682E-02
    9.3999800000E-04    5.5894401180E-01    1.4680799094E-02   -9.1176008831E+01    6.5422737252E-02
    9.4399800000E-04    6.1620487569E-01   -2.0347849243E-01   -9.1812383621E+01    5.6286978289E-02
    9.4799800000E-04    7.4739709394E-01   -3.6392812715E-01   -9.2379839274E+01    4.4025437308E-02
    9.5199800000E-04    9.0809803836E-01   -4.3248042538E-01   -9.2868858927E+01    3.1808988904E-02
    9.5599800000E-04    1.0499564913E+00   -4.1785725513E-01   -9.3286002648E+01    2.2585859564E-02
    9.5999800001E-04    1.1514157470E+00   -3.4607366847E-01   -9.3637544806E+01    1.7382369393E-02
    9.6399800001E-04    1.2108126135E+00   -2.4379990717E-01   -9.3926825499E+01    1.6078380572E-02
    9.6799800001E-04    1.2382496892E+00   -1.3336009653E-01   -9.4160807139E+01    1.7033572588E-02
    9.7199800001E-04    1.2451079031E+00   -2.5596023091E-02   -9.4361706365E+01    1.7473082043E-02
    9.7599800001E-04    1.2354719132E+00    8.3536959415E-02   -9.4567834210E+01    1.5317081979E-02
    9.7999800001E-04    1.2034822462E+00    1.9780959046E-01   -9.4815592712E+01    1.1701710458E-02
    9.8399800001E-04    1.1367552912E+00    3.0343427819E-01   -9.5124934027E+01    9.3008936553E-03
    9.8799800001E-04    1.0263504288E+00    3.6994159710E-01   -9.5507426966E+01    9.4845346514E-03
    9.9199800001E-04    8.8360309431E-01    3.6272989004E-01   -9.5968529312E+01    1.2496244878E-02
    9.9599800001E-04    7.4814894825E-01    2.6589552873E-01   -9.6506857245E+01    1.6507861273E-02
    9.9999800001E-04    6.6916169597E-01    9.9433307149E-02   -9.7106836233E+01    1.8977550598E-02
    1.0039980000E-03    6.7519767636E-01   -8.9060137713E-02   -9.7726170733E+01    1.7978409359E-02
    1.0079980000E-03    7.6009363540E-01   -2.4809260865E-01   -9.8311183296E+01    1.3803364441E-02
    1.0119980000E-03    8.9067639387E-01   -3.3721175902E-01   -9.8829388024E+01    8.6534393458E-03
    1.0159980000E-03    1.0216917922E+00   -3.4579265014E-01   -9.9272243685E+01    4.4652874544E-03
    1.0199980000E-03    1.1225906067E+00   -2.9339712972E-01   -9.9642361241E+01    2.3215556904E-03
    1.0239980000E-03    1.1860771330E+00   -2.0807516807E-01   -9.9942813403E+01    2.2713154226E-03
    1.0279980000E-03    1.2199189377E+00   -1.1203803874E-01   -1.0018466322E+02    3.5619950162E-03
    1.0319980000E-03    1.2333986065E+00   -2.0348263601E-02   -1.0038555284E+02    4.9634888483E-03
    1.0359980000E-03    1.2328142022E+00    6.8269247201E-02   -1.0057015351E+02    5.3466139301E-03
    1.0399980000E-03    1.2178629686E+00    1.5991157682E-01   -1.0077009587E+02    5.0892219071E-03
    1.0439980000E-03    1.1820659739E+00    2.5152794112E-01   -1.0101344685E+02    5.7002032058E-03
    1.0479980000E-03    1.1171569996E+00    3.2929569172E-01   -1.0131339260E+02    8.4255437419E-03
    1.0519980000E-03    1.0173148321E+00    3.7678371192E-01   -1.0167270279E+02    1.3745061691E-02
    1.0559980000E-03    8.8494648612E-01    3.7097722006E-01   -1.0209675555E+02    2.1550283780E-02
    1.0599980000E-03    7.4425049804E-01    2.8710360994E-01   -1.0259433242E+02    3.1057181917E-02
    1.0639980000E-03    6.3994008015E-01    1.2543209322E-01   -1.0316753227E+02    4.0123737600E-02
    1.0679980000E-03    6.0924187074E-01   -7.9381100578E-02   -1.0379742715E+02    4.5695315803E-02
    1.0719980000E-03    6.7462782446E-01   -2.7831342697E-01   -1.0443208988E+02    4.6096647881E-02
    1.0759980000E-03    8.2034551707E-01   -4.1357148805E-01   -1.0501328897E+02    4.2854576370E-02
    1.0799980000E-03    9.9178776881E-01   -4.4675922704E-01   -1.0551807941E+02    3.9187193169E-02
    1.0839980000E-03    1.1337049555E+00   -3.8051592178E-01   -1.0594287646E+02    3.8976442762E-02
    1.0879980000E-03    1.2185743846E+00   -2.5351660859E-01   -1.0628697409E+02    4.3220095261E-02
    1.0919980000E-03    1.2560363855E+00   -1.0759375739E-01   -1.0655775976E+02    4.9548910985E-02
    1.0959980000E-03    1.2647962521E+00    3.4031621949E-02   -1.0678062339E+02    5.2312463396E-02
    1.0999980000E-03    1.2520603497E+00    1.7648457346E-01   -1.0700946983E+02    4.8917128361E-02
    1.1039980000E-03    1.2068531118E+00    3.1963003251E-01   -1.0729189597E+02    4.4692908436E-02
    1.1079980000E-03    1.1093165327E+00    4.3695961212E-01   -1.0764527532E+02    4.4331036473E-02
    1.1119980000E-03    9.5268841503E-01    4.8870340231E-01   -1.0807260181E+02    4.9688195034E-02
    1.1159980000E-03    7.6553719111E-01    4.3953453984E-01   -1.0857515936E+02    5.8970945455E-02
    1.1199980000E-03    6.0381975308E-01    2.8058124105E-01   -1.0915672991E+02    6.8123724519E-02
    1.1239980000E-03    5.2715592376E-01    5.0488018175E-02   -1.0980824767E+02    7.3209389838E-02
    1.1279980000E-03    5.5807253220E-01   -1.9034689009E-01   -1.1047807670E+02    7.1738624384E-02
    1.1319980000E-03    6.9029704275E-01   -3.8788512139E-01   -1.1109443464E+02    6.4627726212E-02
    1.1359980000E-03    8.7605737947E-01   -4.8500138805E-01   -1.1163334660E+02    5.5673219012E-02
    1.1399980000E-03    1.0529273864E+00   -4.7140366249E-01   -1.1209471950E+02    4.8744091767E-02
    1.1439980000E-03    1.1769761753E+00   -3.7355077637E-01   -1.1248137390E+02    4.7390199693E-02
    1.1479980000E-03    1.2413622181E+00   -2.3358973873E-01   -1.1279378803E+02    5.0941601398E-02
    1.1519980000E-03    1.2646506215E+00   -8.6026398507E-02   -1.1304156384E+02    5.5837026302E-02
    1.1559980000E-03    1.2637954138E+00    5.7461265458E-02   -1.1326129971E+02    5.5621683936E-02
    1.1599980000E-03    1.2385134609E+00    2.0593436234E-01   -1.1351193113E+02    4.9590444231E-02
    1.1639980000E-03    1.1719046682E+00    3.4629269423E-01   -1.1383083239E+02    4.3942589684E-02
    1.1679980000E-03    1.0473103491E+00    4.4064878302E-01   -1.1422952777E+02    4.2377133324E-02
    1.1719980000E-03    8.7755300642E-01    4.4452636281E-01   -1.1470898663E+02    4.5327952346E-02
    1.1759980000E-03    7.1346883892E-01    3.4053201783E-01   -1.1526693274E+02    4.9047801773E-02
    1.1799980000E-03    6.1374491166E-01    1.5440626869E-01   -1.1589086454E+02    5.0061506327E-02
    1.1839980000E-03    6.1219727490E-01   -5.7211315203E-02   -1.1653251803E+02    4.5918204720E-02
    1.1879980000E-03    6.9517082084E-01   -2.4170655098E-01   -1.1713089518E+02    3.7108663427E-02
    1.1919980000E-03    8.2989206267E-01   -3.5694491456E-01   -1.1765666471E+02    2.6891254320E-02
    1.1959980000E-03    9.7122177486E-01   -3.8903005449E-01   -1.1810624188E+02    1.7880036372E-02
    1.1999980000E-03    1.0853066258E+00   -3.5732149513E-01   -1.1848850319E+02    1.1266851663E-02
    1.2039980000E-03    1.1632182661E+00   -2.8753746155E-01   -1.1880988124E+02    7.4681872894E-03
    1.2079980000E-03    1.2089514899E+00   -1.9767446104E-01   -1.1907361066E+02    6.1126187825E-03
    1.2119980000E-03    1.2304056160E+00   -1.0370259298E-01   -1.1928729712E+02    6.2644376549E-03
    1.2159980000E-03    1.2355268333E+00   -1.2925347743E-02   -1.1947486304E+02    6.1826497451E-03
    1.2199980000E-03    1.2269809266E+00    7.8789852820E-02   -1.1966877175E+02    4.8984642422E-03
    1.2239980000E-03    1.2003902102E+00    1.7563036191E-01   -1.1989769012E+02    3.1180788252E-03
    1.2279980000E-03    1.1460053900E+00    2.6966487899E-01   -1.2017967879E+02    2.3527247551E-03
    1.2319980000E-03    1.0548907561E+00    3.3669227612E-01   -1.2052968508E+02    3.5731870687E-03
    1.2359980000E-03    9.2960825836E-01    3.4848127645E-01   -1.2095351800E+02    7.0282690147E-03
    1.2399980000E-03    7.9393945507E-01    2.8217351967E-01   -1.2145266863E+02    1.1886474153E-02
    1.2439980000E-03    6.9289254333E-01    1.3917063229E-01   -1.2202256659E+02    1.6268759858E-02
    1.2479980000E-03    6.6420319813E-01   -4.5693236819E-02   -1.2263735619E+02    1.8039294057E-02
    1.2519980000E-03    7.2142585607E-01   -2.2243625956E-01   -1.2324645179E+02    1.6296671800E-02
    1.2559980000E-03    8.4511706989E-01   -3.4078843035E-01   -1.2380203554E+02    1.2385291382E-02
    1.2599980000E-03    9.8933890220E-01   -3.7199477056E-01   -1.2428266651E+02    8.7931467282E-03
    1.2639980000E-03    1.1094628758E+00   -3.2377173734E-01   -1.2468460890E+02    7.6674550229E-03
    1.2679980000E-03    1.1871166307E+00   -2.2743414248E-01   -1.2501149827E+02    9.2228618106E-03
    1.2719980000E-03    1.2273359407E+00   -1.1587861375E-01   -1.2527403208E+02    1.2482020270E-02
    1.2759980000E-03    1.2425322388E+00   -7.4540144507E-03   -1.2548809557E+02    1.5205192476E-02
    1.2799980000E-03    1.2408623853E+00    9.7302372026E-02   -1.2568446638E+02    1.5525395011E-02
    1.2839980000E-03    1.2214522877E+00    2.0477417709E-01   -1.2590224687E+02    1.4593693624E-02
    1.2879980000E-03    1.1750359748E+00    3.0938095342E-01   -1.2616949704E+02    1.5055334182E-02
    1.2919980000E-03    1.0903645420E+00    3.9266761736E-01   -1.2649689641E+02    1.8912023784E-02
    1.2959980000E-03    9.6409537876E-01    4.2974189130E-01   -1.2688799598E+02    2.6670854174E-02
    1.2999980000E-03    8.0838445388E-01    3.9453523723E-01   -1.2734758954E+02    3.7830839977E-02
    1.3039980000E-03    6.6207975590E-01    2.6766807963E-01   -1.2788431452E+02    5.0258040000E-02
    1.3079980000E-03    5.7440022083E-01    6.7200591167E-02   -1.2849586847E+02    6.0985682836E-02
    1.3119980000E-03    5.7786487943E-01   -1.5945956942E-01   -1.2915257369E+02    6.6247767931E-02
    1.3159980000E-03    6.8587439793E-01   -3.6003551158E-01   -1.2978769966E+02    6.5685838991E-02
    1.3199980000E-03    8.6288266403E-01   -4.7326517385E-01   -1.3035364583E+02    6.1723382273E-02
    1.3239980000E-03    1.0454776930E+00   -4.7160660914E-01   -1.3084109962E+02    5.8154545244E-02
    1.3279980000E-03    1.1781574487E+00   -3.7290852202E-01   -1.3124854376E+02    5.9679383196E-02
    1.3319980000E-03    1.2470704946E+00   -2.2361686488E-01   -1.3157491750E+02    6.5973210771E-02
    1.3359980000E-03    1.2715378123E+00   -6.4810133317E-02   -1.3183047957E+02    7.2705769538E-02
    1.3399980000E-03    1.2707183301E+00    8.9138370134E-02   -1.3205634526E+02    7.2292613468E-02
    1.3439980000E-03    1.2434277337E+00    2.4812787071E-01   -1.3231728600E+02    6.5591011054E-02
    1.3479980000E-03    1.1691580751E+00    3.9445705812E-01   -1.3264999170E+02    6.0308812327E-02
    1.3519980000E-03    1.0293957392E+00    4.8661281613E-01   -1.3306230705E+02    6.0293514605E-02
    1.3559980000E-03    8.4112808360E-01    4.7939771539E-01   -1.3355263697E+02    6.5333657415E-02
    1.3599980000E-03    6.6060468768E-01    3.5590657987E-01   -1.3412146754E+02    7.0550756324E-02
    1.3639980000E-03    5.5249628974E-01    1.4425303161E-01   -1.3476180302E+02    7.2287732805E-02
    1.3679980000E-03    5.5148968653E-01   -9.2376978011E-02   -1.3542859100E+02    6.8059863003E-02
    1.3719980000E-03    6.4807343204E-01   -3.0240555003E-01   -1.3605012879E+02    5.7909552900E-02
    1.3759980000E-03    8.0926534047E-01   -4.3147020503E-01   -1.3659580561E+02    4.5345870202E-02
    1.3799980000E-03    9.7869775878E-01   -4.5937031138E-01   -1.3706360343E+02    3.4172232153E-02
    1.3839980000E-03    1.1132395292E+00   -4.0578707778E-01   -1.3746044761E+02    2.7383641490E-02
    1.3879980000E-03    1.1976906304E+00   -3.0184613071E-01   -1.3778933688E+02    2.5593718829E-02
    1.3919980000E-03    1.2390634381E+00   -1.7866587826E-01   -1.3805481504E+02    2.7264369174E-02
    1.3959980000E-03    1.2526089787E+00   -5.5955940985E-02   -1.3827281806E+02    2.9193926235E-02
    1.3999980000E-03    1.2472124485E+00    6.5524789090E-02   -1.3848164564E+02    2.7628885560E-02
    1.4039980000E-03    1.2190427982E+00    1.9254413923E-01   -1.3872711848E+02    2.3050366062E-02
    1.4079980000E-03    1.1542672882E+00    3.1246251197E-01   -1.3903616113E+02    1.9332046024E-02
    1.4119980000E-03    1.0410172781E+00    3.9263641167E-01   -1.3942052553E+02    1.8682618065E-02
    1.4159980000E-03    8.9031406852E-01    3.9442240820E-01   -1.3988437433E+02    2.1453427584E-02
    1.4199980000E-03    7.4435677132E-01    3.0037482306E-01   -1.4042626244E+02    2.5356838475E-02
    1.4239980000E-03    6.5514360586E-01    1.3100136800E-01   -1.4103203412E+02    2.7613061159E-02
    1.4279980000E-03    6.5477314206E-01   -6.4136129950E-02   -1.4165795541E+02    2.5863884060E-02
    1.4319980000E-03    7.3530203925E-01   -2.3270904884E-01   -1.4224792609E+02    2.0405339939E-02
    1.4359980000E-03    8.6428486884E-01   -3.3368505048E-01   -1.4276977170E+02    1.3719821200E-02
    1.4399980000E-03    9.9724404608E-01   -3.5472874314E-01   -1.4321624249E+02    7.9142375547E-03
    1.4439980000E-03    1.1023493354E+00   -3.1507292620E-01   -1.4359345942E+02    4.0016194829E-03
    1.4479980000E-03    1.1724798352E+00   -2.4000461916E-01   -1.4390595957E+02    2.3006662507E-03
    1.4519980000E-03    1.2114978672E+00   -1.5139027749E-01   -1.4415790546E+02    2.3247456970E-03
    1.4559980000E-03    1.2294102731E+00   -6.0880487309E-02   -1.4436242594E+02    3.0799443804E-03
    1.4599980000E-03    1.2326185604E+00    2.4765820999E-02   -1.4454503841E+02    3.3942563933E-03
    1.4639980000E-03    1.2228429799E+00    1.1226258720E-01   -1.4473436737E+02    2.9476875821E-03
    1.4679980000E-03    1.1953172682E+00    2.0356518601E-01   -1.4495870587E+02    2.7311747293E-03
    1.4719980000E-03    1.1418434205E+00    2.8689628047E-01   -1.4523876416E+02    4.0139191079E-03
    1.4759980000E-03    1.0557960121E+00    3.4597077876E-01   -1.4557942870E+02    7.4286568796E-03
    1.4799980000E-03    9.3561685165E-01    3.6039190089E-01   -1.4598437547E+02    1.3074382690E-02
    1.4839980000E-03    7.9792158735E-01    3.0374782470E-01   -1.4646098142E+02    2.0389084180E-02
    1.4879980000E-03    6.8349908143E-01    1.6757051788E-01   -1.4701311607E+02    2.7791923728E-02
    1.4919980000E-03    6.3288099942E-01   -2.1689207371E-02   -1.4762596135E+02    3.2793330769E-02
    1.4959980000E-03    6.7180625033E-01   -2.1744342680E-01   -1.4825555637E+02    3.3361209641E-02
    1.4999980000E-03    7.9429162297E-01   -3.6453310771E-01   -1.4884371049E+02    3.0277016200E-02
    1.5039980000E-03    9.5402389666E-01   -4.2064274593E-01   -1.4935908889E+02    2.6491771486E-02
    1.5079980000E-03    1.0978818846E+00   -3.7983122988E-01   -1.4979502196E+02    2.5110785504E-02
    1.5119980000E-03    1.1927779323E+00   -2.7251823115E-01   -1.5015124024E+02    2.7639522600E-02
    1.5159980000E-03    1.2402602880E+00   -1.3967755132E-01   -1.5043424286E+02    3.2785156993E-02
    1.5199980000E-03    1.2565618244E+00   -8.0177597570E-03   -1.5066142483E+02    3.6741681570E-02
    1.5239980000E-03    1.2525123254E+00    1.2044687874E-01   -1.5087357186E+02    3.5889221187E-02
    1.5279980000E-03    1.2247053355E+00    2.5252920794E-01   -1.5112000640E+02    3.2792473837E-02
    1.5319980000E-03    1.1578453130E+00    3.7495343110E-01   -1.5142769698E+02    3.2011474673E-02
    1.5359980000E-03    1.0378499742E+00    4.5765049578E-01   -1.5180440521E+02    3.6031756055E-02
    1.5399980000E-03    8.7165433174E-01    4.6482423453E-01   -1.5225216265E+02    4.5250570426E-02
    1.5439980000E-03    6.9490579426E-01    3.7064962181E-01   -1.5277621288E+02    5.7249021144E-02
    1.5479980000E-03    5.6692091177E-01    1.7921014709E-01   -1.5337857849E+02    6.7804426847E-02
    1.5519980000E-03    5.3241510505E-01   -5.7894439103E-02   -1.5404150700E+02    7.3127294931E-02
    1.5559980000E-03    6.0551346758E-01   -2.8789473674E-01   -1.5469932458E+02    7.2107538785E-02
    1.5599980000E-03    7.6925750554E-01   -4.4923116563E-01   -1.5529274472E+02    6.6585643434E-02
    1.5639980000E-03    9.6218130132E-01   -4.9832521418E-01   -1.5580767254E+02    6.0076288347E-02
    1.5679980000E-03    1.1238651543E+00   -4.3861700614E-01   -1.5624553057E+02    5.7115233372E-02
    1.5719980000E-03    1.2208662240E+00   -3.0880002493E-01   -1.5660518179E+02    6.0050261784E-02
    1.5759980000E-03    1.2628304031E+00   -1.5286385312E-01   -1.5688949802E+02    6.6452340697E-02
    1.5799980000E-03    1.2722546561E+00    3.3977459916E-04   -1.5712061854E+02    6.9934531447E-02
    1.5839980000E-03    1.2590478027E+00    1.5448637639E-01   -1.5735596924E+02    6.5388162532E-02
    1.5879980000E-03    1.2109983697E+00    3.0972324984E-01   -1.5765028559E+02    5.8190325556E-02
    1.5919980000E-03    1.1063284619E+00    4.3311719390E-01   -1.5802335222E+02    5.4388522535E-02
    1.5959980000E-03    9.4144306677E-01    4.7811323026E-01   -1.5847803077E+02    5.5999598686E-02
    1.5999980000E-03    7.5857792699E-01    4.1140195109E-01   -1.5901182276E+02    6.0062012922E-02
    1.6039980000E-03    6.1929996295E-01    2.4301624642E-01   -1.5962052378E+02    6.2233033726E-02
    1.6079980000E-03    5.7635181077E-01    2.4368002576E-02   -1.6027283013E+02    5.9366362821E-02
    1.6119980000E-03    6.3065744040E-01   -1.8671979939E-01   -1.6090268947E+02    5.0618329453E-02
    1.6159980000E-03    7.5506645940E-01   -3.4219550123E-01   -1.6146503109E+02    3.8961782561E-02
    1.6199980000E-03    9.0741884859E-01   -4.1085461364E-01   -1.6194943834E+02    2.7563052217E-02
    1.6239980000E-03    1.0425441065E+00   -4.0109604483E-01   -1.6236258675E+02    1.8688492975E-02
    1.6279980000E-03    1.1405499695E+00   -3.3899409930E-01   -1.6271186735E+02    1.3192902879E-02
    1.6319980000E-03    1.2005785761E+00   -2.4719579253E-01   -1.6300118150E+02    1.0982965090E-02
    1.6359980000E-03    1.2303908276E+00   -1.4568781140E-01   -1.6323555419E+02    1.1126291554E-02
    1.6399980000E-03    1.2400593186E+00   -4.6041022021E-02   -1.6343377259E+02    1.1447172672E-02
    1.6439980000E-03    1.2346642470E+00    5.3231147672E-02   -1.6362945424E+02    1.0102218370E-02
    1.6479980000E-03    1.2109967029E+00    1.5777834371E-01   -1.6385736907E+02    7.3402524431E-03
    1.6519980000E-03    1.1591138790E+00    2.6073870850E-01   -1.6413919652E+02    5.1638367781E-03
    1.6559980000E-03    1.0682267144E+00    3.3916392279E-01   -1.6448809093E+02    4.9769458955E-03
    1.6599980000E-03    9.3969990416E-01    3.5981545340E-01   -1.6491371150E+02    7.3824335093E-03
    1.6639980000E-03    8.0018559625E-01    2.9760830125E-01   -1.6541721142E+02    1.1481324245E-02
    1.6679980000E-03    6.9729598754E-01    1.5604028694E-01   -1.6599089266E+02    1.5035437877E-02
    1.6719980000E-03    6.6905072362E-01   -2.7476396363E-02   -1.6660578903E+02    1.5972994009E-02
    1.6759980000E-03    7.2504455406E-01   -2.0206401739E-01   -1.6721034370E+02    1.3610397442E-02
    1.6799980000E-03    8.4354904513E-01   -3.2008424713E-01   -1.6775978963E+02    9.4061524303E-03
    1.6839980000E-03    9.8172115888E-01   -3.5514134898E-01   -1.6823499875E+02    5.3736170215E-03
    1.6879980000E-03    1.0975870772E+00   -3.1604004726E-01   -1.6863348329E+02    3.3311122121E-03
    1.6919980000E-03    1.1746891317E+00   -2.3086240559E-01   -1.6895760713E+02    3.6568075074E-03
    1.6959980000E-03    1.2167312044E+00   -1.3025070595E-01   -1.6921957062E+02    5.6211986597E-03
    1.6999980000E-03    1.2347427250E+00   -3.1716314410E-02   -1.6943362974E+02    7.7936874051E-03
    1.7039980000E-03    1.2368097937E+00    6.2426831747E-02   -1.6962344923E+02    8.6275507244E-03
    1.7079980000E-03    1.2241772088E+00    1.5833474026E-01   -1.6982294154E+02    8.3390669022E-03
    1.7119980000E-03    1.1908193056E+00    2.5501496627E-01   -1.7006267906E+02    8.6955703474E-03
    1.7159980000E-03    1.1274117312E+00    3.3950284313E-01   -1.7035812810E+02    1.1431098241E-02
    1.7199980000E-03    1.0275477240E+00    3.9330499532E-01   -1.7071289894E+02    1.7138230149E-02
    1.7239980000E-03    8.9281300992E-01    3.9428021077E-01   -1.7113162036E+02    2.5852084681E-02
    1.7279980000E-03    7.4542111777E-01    3.1659656761E-01   -1.7162268205E+02    3.6697490519E-02
    1.7319980000E-03    6.3058260034E-01    1.5621583956E-01   -1.7219103607E+02    4.7502775379E-02
    1.7359980000E-03    5.8783491824E-01   -5.3623156920E-02   -1.7282261680E+02    5.5024397771E-02
    1.7399980000E-03    6.4272650364E-01   -2.6474269560E-01   -1.7346846009E+02    5.6868447886E-02
    1.7439980000E-03    7.8751381988E-01   -4.1828974887E-01   -1.7406543574E+02    5.4205975149E-02
    1.7479980000E-03    9.6720967406E-01   -4.6849285385E-01   -1.7458663139E+02    5.0298469167E-02
    1.7519980000E-03    1.1223131808E+00   -4.1134204351E-01   -1.7502826216E+02    4.9471587630E-02
    1.7559980000E-03    1.2172721533E+00   -2.8368768682E-01   -1.7538817851E+02    5.3738974150E-02
    1.7599980000E-03    1.2595532933E+00   -1.3052687269E-01   -1.7567128165E+02    6.0770352329E-02
    1.7639980000E-03    1.2700487206E+00    1.9527911497E-02   -1.7590086382E+02    6.4358083589E-02
    1.7679980000E-03    1.2582448143E+00    1.6992884981E-01   -1.7613321493E+02    6.0498344714E-02
    1.7719980000E-03    1.2126856563E+00    3.2154276088E-01   -1.7642110716E+02    5.4889685355E-02
    1.7759980000E-03    1.1115775444E+00    4.4488123724E-01   -1.7678337239E+02    5.3128204352E-02
    1.7799980000E-03    9.4793310032E-01    4.9682715755E-01   -1.7722232279E+02    5.7272355559E-02
    1.7839980000E-03    7.5610903661E-01    4.4089934696E-01   -1.7773785526E+02    6.4808650475E-02
    1.7879980000E-03    5.9591048486E-01    2.7409933696E-01   -1.7833204688E+02    7.1460720779E-02
    1.7919980000E-03    5.2731595088E-01    4.1176076846E-02   -1.7899123612E+02    7.3574201387E-02
    1.7959980000E-03    5.6681055138E-01   -1.9733694276E-01   -1.7965576926E+02    6.9219664008E-02
    1.7999980000E-03    7.0167650463E-01   -3.8720375996E-01   -1.8025940172E+02    5.9561020034E-02
    1.8039980000E-03    8.8359929696E-01   -4.7615332815E-01   -1.8078463631E+02    4.8564729871E-02
    1.8079980000E-03    1.0523346008E+00   -4.6079362817E-01   -1.8123335491E+02    4.0378840923E-02
    1.8119980000E-03    1.1708611784E+00   -3.6840675066E-01   -1.8160970101E+02    3.7660436039E-02
    1.8159980000E-03    1.2339892706E+00   -2.3753007223E-01   -1.8191527116E+02    3.9703319124E-02
    1.8199980000E-03    1.2582235053E+00   -9.9217053451E-02   -1.8215926585E+02    4.3517025602E-02
    1.8239980000E-03    1.2590765153E+00    3.5247750872E-02   -1.8237395127E+02    4.3718137291E-02
    1.8279980000E-03    1.2376585770E+00    1.7422765301E-01   -1.8261308994E+02    3.8718105597E-02
    1.8319980000E-03    1.1800705848E+00    3.0991493382E-01   -1.8291490311E+02    3.3413041793E-02
    1.8359980000E-03    1.0699761570E+00    4.0963270845E-01   -1.8329357613E+02    3.1442405071E-02
    1.8399980000E-03    9.1310210746E-01    4.3032082347E-01   -1.8375283480E+02    3.3699910631E-02
    1.8439980000E-03    7.5226481172E-01    3.4829925691E-01   -1.8429108019E+02    3.7550687071E-02
    1.8479980000E-03    6.4325288715E-01    1.8041252998E-01   -1.8489828840E+02    3.9732719900E-02
    1.8519980000E-03    6.2617016147E-01   -2.2943837815E-02   -1.8553379379E+02    3.7494502028E-02
    1.8559980000E-03    6.9549958633E-01   -2.0754393435E-01   -1.8613727754E+02    3.0761951118E-02
    1.8599980000E-03    8.2090233409E-01   -3.2976410402E-01   -1.8667288148E+02    2.2213991834E-02
    1.8639980000E-03    9.5926831221E-01   -3.7072436406E-01   -1.8713220053E+02    1.4354475186E-02
    1.8679980000E-03    1.0741416597E+00   -3.4570341424E-01   -1.8752232070E+02    8.4349738953E-03
    1.8719980000E-03    1.1540157114E+00   -2.8128019630E-01   -1.8785038832E+02    4.9486175354E-03
    1.8759980000E-03    1.2023484567E+00   -1.9568116832E-01   -1.8811980797E+02    3.6290369382E-03
    1.8799980000E-03    1.2261951313E+00   -1.0443861002E-01   -1.8833657254E+02    3.7669452371E-03
    1.8839980000E-03    1.2334281326E+00   -1.6937224799E-02   -1.8852309144E+02    3.9467399172E-03
    1.8879980000E-03    1.2277209864E+00    7.0033182083E-02   -1.8870934490E+02    3.2596525665E-03
    1.8919980000E-03    1.2061969201E+00    1.6183158245E-01   -1.8892360535E+02    2.1860466240E-03
    1.8959980000E-03    1.1583670543E+00    2.5697287368E-01   -1.8918649499E+02    2.1265751331E-03
    1.8999980000E-03    1.0798075495E+00    3.2566375181E-01   -1.8951562218E+02    4.0708344844E-03
    1.9039980000E-03    9.6621604071E-01    3.5276177731E-01   -1.8991124394E+02    8.1750907719E-03
    1.9079980000E-03    8.3070312157E-01    3.1204630682E-01   -1.9037839683E+02    1.3971349208E-02
    1.9119980000E-03    7.1162201639E-01    1.9117643796E-01   -1.9092066053E+02    2.0091292597E-02
    1.9159980000E-03    6.5143112850E-01    1.2316889247E-02   -1.9152425162E+02    2.4349004362E-02
    1.9199980000E-03    6.7701625940E-01   -1.7908719565E-01   -1.9214828016E+02    2.4700933525E-02
    1.9239980000E-03    7.8538542070E-01   -3.2945794381E-01   -1.9273659503E+02    2.1596887839E-02
    1.9279980000E-03    9.3554883525E-01   -3.9611613365E-01   -1.9325492473E+02    1.7765589508E-02
    1.9319980000E-03    1.0764476859E+00   -3.7000770112E-01   -1.9369429403E+02    1.5862069990E-02
    1.9359980000E-03    1.1745022021E+00   -2.7696066936E-01   -1.9405489397E+02    1.7335495015E-02
    1.9399980000E-03    1.2272680409E+00   -1.5550754329E-01   -1.9434349040E+02    2.1369360757E-02
    1.9439980000E-03    1.2483682843E+00   -3.2866993289E-02   -1.9457436887E+02    2.5331527375E-02
    1.9479980000E-03    1.2493624202E+00    8.4790179570E-02   -1.9477905697E+02    2.5918813046E-02
    1.9519980000E-03    1.2309781928E+00    2.0505963290E-01   -1.9500283421E+02    2.3997243857E-02
    1.9559980000E-03    1.1825878695E+00    3.2295958696E-01   -1.9527821246E+02    2.3225191232E-02
    1.9599980000E-03    1.0899733447E+00    4.1681701221E-01   -1.9561730085E+02    2.6297589933E-02
    1.9639980000E-03    9.4986650485E-01    4.5585536594E-01   -1.9602376883E+02    3.4244858914E-02
    1.9679980000E-03    7.8067565498E-01    4.1115021284E-01   -1.9650158061E+02    4.6160135835E-02
    1.9719980000E-03    6.2917930403E-01    2.6671487662E-01   -1.9705781739E+02    5.8778906295E-02
    1.9759980000E-03    5.4803903633E-01    5.0241993703E-02   -1.9768796344E+02    6.8623244822E-02
    1.9799980000E-03    5.6622427796E-01   -1.8473365226E-01   -1.9835433426E+02    7.2331738949E-02
    1.9839980000E-03    6.9018455101E-01   -3.8485484529E-01   -1.9898502849E+02    7.0291234240E-02
    1.9879980000E-03    8.7630526760E-01   -4.8896976354E-01   -1.9954184809E+02    6.5250632108E-02
    1.9919980000E-03    1.0598833717E+00   -4.7618883411E-01   -2.0002029719E+02    6.1121832337E-02
    1.9959980000E-03    1.1879801469E+00   -3.7012622744E-01   -2.0041980289E+02    6.2559676501E-02
    1.9999980000E-03    1.2520510084E+00   -2.1757642281E-01   -2.0073946192E+02    6.8800535849E-02
