 sig=    1.000000000000000      inputfile=
 /home/rjrj524/Finished/vmec_gc_tracer/revised_251128/nc/wout_pwO_nfp2_A6.nc                                                                                                                             
 dt=   2.0000000000000001E-009
 steps=      1000000
 x0=   5.9999999999999998E-002    3.080000000000000      
    6.410000000000000     
 u=   -90000.00000000000     
 v_perp=    167000.0000000000     
 
time(s)         x0(1)       x0(2)        x0(3)      r
    3.9980000000E-06    1.2632124865E+00    1.2409654429E-01    6.1604388068E+00    5.9127104642E-02
    7.9980000000E-06    1.2320852713E+00    2.7163657692E-01    5.8872820201E+00    5.5679504693E-02
    1.1998000000E-05    1.1623175616E+00    3.9417112289E-01    5.5730371646E+00    5.3375564708E-02
    1.5998000000E-05    1.0475384853E+00    4.7051363091E-01    5.2122341064E+00    5.3477529868E-02
    1.9998000000E-05    8.9993294666E-01    4.7814079639E-01    4.8028382816E+00    5.5922544327E-02
    2.3998000000E-05    7.5074059451E-01    4.0746744703E-01    4.3422121736E+00    5.8746226098E-02
    2.7998000000E-05    6.3418407259E-01    2.6851418392E-01    3.8304278830E+00    6.0408849951E-02
    3.1998000000E-05    5.8161745255E-01    9.0324415950E-02    3.2823788748E+00    5.9558747299E-02
    3.5998000000E-05    5.9880405299E-01   -9.2974671484E-02    2.7346051923E+00    5.5614951071E-02
    3.9998000000E-05    6.7337240697E-01   -2.5447590819E-01    2.2209231733E+00    4.9036860679E-02
    4.3998000000E-05    7.8815444382E-01   -3.6808554404E-01    1.7554724910E+00    4.1373776396E-02
    4.7998000000E-05    9.1676953594E-01   -4.2005688958E-01    1.3397483773E+00    3.3878330364E-02
    5.1998000000E-05    1.0331000431E+00   -4.1725884668E-01    9.6787260395E-01    2.7425239085E-02
    5.5998000000E-05    1.1244501727E+00   -3.7446098183E-01    6.3423817698E-01    2.2537055774E-02
    5.9998000000E-05    1.1878791920E+00   -3.0220696632E-01    3.3395566035E-01    1.9369713886E-02
    6.3998000000E-05    1.2243483916E+00   -2.0937601482E-01    6.3533240847E-02    1.7834769203E-02
    6.7998000000E-05    1.2381949343E+00   -1.0491982523E-01   -1.8443539689E-01    1.7213866392E-02
    7.1998000000E-05    1.2330287645E+00    5.4565501032E-03   -4.2915432916E-01    1.5859439616E-02
    7.5998000000E-05    1.2075310484E+00    1.1543896798E-01   -6.9462043264E-01    1.3196987329E-02
    7.9998000000E-05    1.1565523472E+00    2.1269900427E-01   -9.9631428342E-01    1.0126171018E-02
    8.3998000000E-05    1.0775460736E+00    2.7782952993E-01   -1.3430496918E+00    7.4908697142E-03
    8.7998000000E-05    9.7882868933E-01    2.9096214708E-01   -1.7397091639E+00    5.8534784441E-03
    9.1998000000E-05    8.8371000689E-01    2.4327956549E-01   -2.1842660986E+00    5.2364037325E-03
    9.5998000000E-05    8.1972715715E-01    1.4569866200E-01   -2.6657715632E+00    5.2116808165E-03
    9.9998000000E-05    8.0560805836E-01    2.3580724242E-02   -3.1633593933E+00    5.4034745315E-03
    1.0399800000E-04    8.4384008487E-01   -9.1767589835E-02   -3.6508225904E+00    5.7950083605E-03
    1.0799800000E-04    9.2046800883E-01   -1.7204154794E-01   -4.1074269408E+00    6.6364716184E-03
    1.1199800000E-04    1.0112722335E+00   -2.0123078635E-01   -4.5220988384E+00    7.8488403064E-03
    1.1599800000E-04    1.0919653601E+00   -1.8210700853E-01   -4.8906206912E+00    9.1601635326E-03
    1.1999800000E-04    1.1512208412E+00   -1.3048437618E-01   -5.2148195076E+00    1.0381171331E-02
    1.2399800000E-04    1.1892424399E+00   -6.2459403621E-02   -5.5010645274E+00    1.1410641849E-02
    1.2799800000E-04    1.2099808448E+00    1.1233137662E-02   -5.7578705443E+00    1.2341739508E-02
    1.3199800000E-04    1.2165687218E+00    8.4219787936E-02   -5.9974415705E+00    1.3450174858E-02
    1.3599800000E-04    1.2102535548E+00    1.5307874189E-01   -6.2350206982E+00    1.5177723915E-02
    1.3999800000E-04    1.1903565277E+00    2.1532273315E-01   -6.4837227884E+00    1.7913518681E-02
    1.4399800000E-04    1.1553396745E+00    2.6748967630E-01   -6.7515853791E+00    2.1320127731E-02
    1.4799800000E-04    1.1030653677E+00    3.0800620736E-01   -7.0434992977E+00    2.5043630885E-02
    1.5199800000E-04    1.0304895767E+00    3.3396833089E-01   -7.3642291186E+00    2.9311914576E-02
    1.5599800000E-04    9.3625111887E-01    3.3364701227E-01   -7.7202484657E+00    3.4275788321E-02
    1.5999800000E-04    8.2903202595E-01    2.8948112382E-01   -8.1184917836E+00    3.9641288943E-02
    1.6399800000E-04    7.2981551422E-01    1.9268212307E-01   -8.5641912497E+00    4.5177666306E-02
    1.6799800000E-04    6.6029433752E-01    5.1590768539E-02   -9.0565896993E+00    5.0058742307E-02
    1.7199800000E-04    6.3960724517E-01   -1.1402304757E-01   -9.5851469074E+00    5.3485432412E-02
    1.7599800000E-04    6.8694951108E-01   -2.7642566663E-01   -1.0121197129E+01    5.4772796847E-02
    1.7999800000E-04    7.9670663863E-01   -4.0050892432E-01   -1.0627966053E+01    5.4189825616E-02
    1.8399800000E-04    9.3808761367E-01   -4.5789483228E-01   -1.1086514637E+01    5.2779621275E-02
    1.8799800000E-04    1.0764266221E+00   -4.3726475274E-01   -1.1493592589E+01    5.2251825010E-02
    1.9199800000E-04    1.1806053630E+00   -3.4932111362E-01   -1.1849419492E+01    5.4093779399E-02
    1.9599800000E-04    1.2414550252E+00   -2.1813792117E-01   -1.2156713058E+01    5.7919364098E-02
    1.9999800000E-04    1.2665794000E+00   -6.5701068595E-02   -1.2423392737E+01    6.1807633772E-02
    2.0399800000E-04    1.2662584619E+00    9.1322666298E-02   -1.2672594212E+01    6.1688577558E-02
    2.0799800000E-04    1.2399677620E+00    2.4260001903E-01   -1.2940767939E+01    5.8048545487E-02
    2.1199800000E-04    1.1767958027E+00    3.7163567575E-01   -1.3249239100E+01    5.4976189140E-02
    2.1599800000E-04    1.0688982264E+00    4.5716073896E-01   -1.3604792994E+01    5.4112670373E-02
    2.1999800000E-04    9.2543165057E-01    4.7570805272E-01   -1.4009792651E+01    5.5691671382E-02
    2.2399800000E-04    7.7699124575E-01    4.1571169089E-01   -1.4465958581E+01    5.7952046265E-02
    2.2799800000E-04    6.5800174149E-01    2.8625102880E-01   -1.4972891647E+01    5.9210707589E-02
    2.3199800000E-04    6.0078916628E-01    1.1482226023E-01   -1.5516000797E+01    5.8204798081E-02
    2.3599800000E-04    6.1340494303E-01   -6.3673085355E-02   -1.6059271900E+01    5.4354689833E-02
    2.3999800000E-04    6.8139168879E-01   -2.2175845501E-01   -1.6569646395E+01    4.8119414207E-02
    2.4399800000E-04    7.8786367855E-01   -3.3540420735E-01   -1.7032892280E+01    4.0792359886E-02
    2.4799800000E-04    9.0891816911E-01   -3.9115087303E-01   -1.7446985098E+01    3.3626414669E-02
    2.5199800000E-04    1.0194150621E+00   -3.9504150360E-01   -1.7817439552E+01    2.7307284265E-02
    2.5599800000E-04    1.1068506528E+00   -3.6308152732E-01   -1.8150423794E+01    2.2182098628E-02
    2.5999800000E-04    1.1697951174E+00   -3.0668123561E-01   -1.8451993023E+01    1.8369632127E-02
    2.6399800000E-04    1.2096563489E+00   -2.3107758318E-01   -1.8726111517E+01    1.5787275294E-02
    2.6799800000E-04    1.2288155953E+00   -1.4220901934E-01   -1.8977523272E+01    1.4283933636E-02
    2.7199800000E-04    1.2302583967E+00   -4.6218437188E-02   -1.9219434871E+01    1.3091365627E-02
    2.7599800000E-04    1.2143200170E+00    5.2801885804E-02   -1.9473142438E+01    1.1186786086E-02
    2.7999800000E-04    1.1775404819E+00    1.4698246711E-01   -1.9756718823E+01    8.6545023745E-03
    2.8399800000E-04    1.1155292353E+00    2.2177835220E-01   -2.0080514604E+01    6.0568335415E-03
    2.8799800000E-04    1.0298877628E+00    2.5730624662E-01   -2.0451278029E+01    3.8677214788E-03
    2.9199800000E-04    9.3512556083E-01    2.3803153186E-01   -2.0870499643E+01    2.4281833700E-03
    2.9599800000E-04    8.5511970951E-01    1.6520937597E-01   -2.1332333616E+01    1.7506986923E-03
    2.9999800000E-04    8.2614219009E-01    4.7079015153E-02   -2.1818348153E+01    1.5478085116E-03
    3.0399800000E-04    8.3140354111E-01   -8.2645882510E-02   -2.2306458377E+01    1.6003063129E-03
    3.0799800000E-04    8.8189153442E-01   -1.8559073586E-01   -2.2787603494E+01    2.0071328116E-03
    3.1199800000E-04    9.6700761655E-01   -2.4346073533E-01   -2.3236373943E+01    3.0410561152E-03
    3.1599800000E-04    1.0601974232E+00   -2.4455289565E-01   -2.3640189319E+01    4.8624669955E-03
    3.1999800000E-04    1.1382712107E+00   -1.9489228524E-01   -2.3995398013E+01    7.3062100576E-03
    3.2399800000E-04    1.1913262210E+00   -1.1288270990E-01   -2.4305411304E+01    9.9557457250E-03
    3.2799800000E-04    1.2206377762E+00   -1.7313246930E-02   -2.4578043941E+01    1.2340145838E-02
    3.3199800000E-04    1.2308188848E+00    7.9686577168E-02   -2.4825706785E+01    1.3992170785E-02
    3.3599800000E-04    1.2242287579E+00    1.7215622011E-01   -2.5068402080E+01    1.5260386012E-02
    3.3999800000E-04    1.1994877040E+00    2.5586899849E-01   -2.5325306725E+01    1.7213531915E-02
    3.4399800000E-04    1.1537555172E+00    3.2449498885E-01   -2.5606170916E+01    2.0294524747E-02
    3.4799800000E-04    1.0850885559E+00    3.7329151603E-01   -2.5914742876E+01    2.4599955282E-02
    3.5199800000E-04    9.9216565918E-01    3.9643384392E-01   -2.6255693211E+01    3.0149338980E-02
    3.5599800000E-04    8.7801960104E-01    3.8044488723E-01   -2.6635365317E+01    3.6826206143E-02
    3.5999800000E-04    7.5860361742E-01    3.1002272989E-01   -2.7060196012E+01    4.4269045308E-02
    3.6399800000E-04    6.6045810711E-01    1.8350401691E-01   -2.7534562943E+01    5.1550433077E-02
    3.6799800000E-04    6.0445061616E-01    1.8176987170E-02   -2.8054215060E+01    5.7504980321E-02
    3.7199800000E-04    6.0792438551E-01   -1.6148216998E-01   -2.8601067347E+01    6.0817112254E-02
    3.7599800000E-04    6.8270361032E-01   -3.2627285409E-01   -2.9138563122E+01    6.1366875980E-02
    3.7999800000E-04    8.1291854587E-01   -4.4060845067E-01   -2.9634232805E+01    5.9893411197E-02
    3.8399800000E-04    9.6425856232E-01   -4.8106157913E-01   -3.0078318877E+01    5.7733071380E-02
    3.8799800000E-04    1.1018448429E+00   -4.4317970341E-01   -3.0471689329E+01    5.6823389399E-02
    3.9199800000E-04    1.1986455587E+00   -3.4329196647E-01   -3.0815709673E+01    5.8496887346E-02
    3.9599800000E-04    1.2512919485E+00   -2.0511004242E-01   -3.1113452912E+01    6.2149815066E-02
    3.9999800000E-04    1.2698936472E+00   -4.9471433552E-02   -3.1374051124E+01    6.5424948994E-02
    4.0399800000E-04    1.2640360650E+00    1.0898819867E-01   -3.1624717146E+01    6.4155591238E-02
    4.0799800000E-04    1.2304134069E+00    2.5922767427E-01   -3.1901468968E+01    5.9799403266E-02
    4.1199800000E-04    1.1577671587E+00    3.8210352680E-01   -3.2222139139E+01    5.6290456596E-02
    4.1599800000E-04    1.0414032390E+00    4.5453049109E-01   -3.2592690951E+01    5.5034006118E-02
    4.1999800000E-04    8.9742926067E-01    4.5381170163E-01   -3.3014659664E+01    5.5976617106E-02
    4.2399800000E-04    7.6014903417E-01    3.7564772764E-01   -3.3487981639E+01    5.7249942997E-02
    4.2799800000E-04    6.6419059133E-01    2.3662694776E-01   -3.4006646579E+01    5.7270542436E-02
    4.3199800000E-04    6.3616376258E-01    6.9114074522E-02   -3.4545343502E+01    5.5272924360E-02
    4.3599800000E-04    6.7274396740E-01   -9.2958910901E-02   -3.5066236810E+01    5.1126326185E-02
    4.3999800000E-04    7.5212079828E-01   -2.2438497457E-01   -3.5546388759E+01    4.5785143089E-02
    4.4399800000E-04    8.5608584745E-01   -3.0760878645E-01   -3.5978498074E+01    4.0028621012E-02
    4.4799800000E-04    9.6162819465E-01   -3.3901743875E-01   -3.6364319315E+01    3.4615888050E-02
    4.5199800000E-04    1.0505341940E+00   -3.3114526710E-01   -3.6709854157E+01    2.9679125139E-02
    4.5599800000E-04    1.1175238634E+00   -3.0132741299E-01   -3.7022118108E+01    2.5504144842E-02
    4.5999800000E-04    1.1651374251E+00   -2.5853720677E-01   -3.7307239251E+01    2.1771755974E-02
    4.6399800000E-04    1.1962843266E+00   -2.0418146949E-01   -3.7569602244E+01    1.8357628902E-02
    4.6799800000E-04    1.2128347764E+00   -1.4053640878E-01   -3.7814644227E+01    1.5785661750E-02
    4.7199800000E-04    1.2161871899E+00   -7.0824325226E-02   -3.8051420943E+01    1.4186072174E-02
    4.7599800000E-04    1.2065909276E+00    2.5093560163E-03   -3.8293924116E+01    1.3088742453E-02
    4.7999800000E-04    1.1823037205E+00    7.5516264096E-02   -3.8557000835E+01    1.2073306135E-02
    4.8399800000E-04    1.1398014695E+00    1.4089905140E-01   -3.8851891646E+01    1.0894054762E-02
    4.8799800000E-04    1.0753941475E+00    1.8649843331E-01   -3.9186608355E+01    9.5128317364E-03
    4.9199800000E-04    9.9103666727E-01    1.9519448341E-01   -3.9566685740E+01    8.0767969967E-03
    4.9599800000E-04    9.0167256587E-01    1.5318902837E-01   -3.9992360413E+01    6.8167104159E-03
    4.9999800000E-04    8.3300737212E-01    6.2610544221E-02   -4.0457663306E+01    5.9911544981E-03
    5.0399800000E-04    8.0749988859E-01   -5.6668157663E-02   -4.0949411886E+01    5.6299908714E-03
    5.0799800000E-04    8.3521541531E-01   -1.7460226534E-01   -4.1444706967E+01    5.4864216237E-03
    5.1199800000E-04    9.0923757237E-01   -2.6046487775E-01   -4.1917876976E+01    5.6662897917E-03
    5.1599800000E-04    1.0076369226E+00   -2.9182834367E-01   -4.2350452779E+01    6.6045881878E-03
    5.1999800000E-04    1.1024650352E+00   -2.6275292025E-01   -4.2733758878E+01    8.6480638112E-03
    5.2399800000E-04    1.1739183821E+00   -1.8630328115E-01   -4.3067738322E+01    1.1570461388E-02
    5.2799800000E-04    1.2172818889E+00   -8.3351952794E-02   -4.3358578733E+01    1.4709812965E-02
    5.3199800000E-04    1.2366483251E+00    2.8036283869E-02   -4.3616375327E+01    1.7109994416E-02
    5.3599800000E-04    1.2365786690E+00    1.3751113051E-01   -4.3859659308E+01    1.8144890474E-02
    5.3999800000E-04    1.2168442170E+00    2.3944610090E-01   -4.4112736422E+01    1.8911683282E-02
    5.4399800000E-04    1.1730297611E+00    3.2740329032E-01   -4.4391212500E+01    2.0967509711E-02
    5.4799800000E-04    1.1015978839E+00    3.9203146342E-01   -4.4700275149E+01    2.4715128326E-02
    5.5199800000E-04    1.0025862599E+00    4.2483215556E-01   -4.5043660800E+01    3.0222721925E-02
    5.5599800000E-04    8.8070292049E-01    4.1382067128E-01   -4.5426583004E+01    3.7196216851E-02
    5.5999800000E-04    7.5245743297E-01    3.4465038913E-01   -4.5855059100E+01    4.5051267443E-02
    5.6399800000E-04    6.4608827003E-01    2.1523043715E-01   -4.6333859322E+01    5.2751376861E-02
    5.6799800000E-04    5.8517733494E-01    4.4387867848E-02   -4.6859069671E+01    5.9029195747E-02
    5.7199800000E-04    5.8573346613E-01   -1.4119255099E-01   -4.7411670163E+01    6.2303002069E-02
    5.7599800000E-04    6.5779818965E-01   -3.1358744727E-01   -4.7953933170E+01    6.2531628773E-02
    5.7999800000E-04    7.8757518879E-01   -4.3715903823E-01   -4.8453432765E+01    6.0542635972E-02
    5.8399800000E-04    9.4095159225E-01   -4.8739941187E-01   -4.8900837041E+01    5.7688512105E-02
    5.8799800000E-04    1.0834932359E+00   -4.5926192802E-01   -4.9297803727E+01    5.5780938977E-02
    5.9199800000E-04    1.1869182774E+00   -3.6729329054E-01   -4.9646499068E+01    5.6484725801E-02
    5.9599800000E-04    1.2453063896E+00   -2.3473566101E-01   -4.9949428222E+01    5.9424770199E-02
    5.9999800000E-04    1.2678732927E+00   -8.2103383371E-02   -5.0213907089E+01    6.2751088619E-02
    6.0399800000E-04    1.2652019082E+00    7.5217968732E-02   -5.0463380619E+01    6.2255802357E-02
    6.0799800000E-04    1.2363142957E+00    2.2677154583E-01   -5.0734316047E+01    5.7982604885E-02
    6.1199800000E-04    1.1706678863E+00    3.5446237904E-01   -5.1047836806E+01    5.3972049731E-02
    6.1599800000E-04    1.0622788093E+00    4.3541341821E-01   -5.1411312705E+01    5.1993897908E-02
    6.1999800000E-04    9.2397999617E-01    4.4587692435E-01   -5.1826938868E+01    5.2313563550E-02
    6.2399800000E-04    7.8879020907E-01    3.7912249401E-01   -5.2293814721E+01    5.3372538883E-02
    6.2799800000E-04    6.9138150373E-01    2.5017787084E-01   -5.2805669598E+01    5.3536102089E-02
    6.3199800000E-04    6.5950480883E-01    8.9880187449E-02   -5.3338515376E+01    5.1996554071E-02
    6.3599800000E-04    6.9311162984E-01   -6.6803580810E-02   -5.3855299536E+01    4.8665400386E-02
    6.3999800000E-04    7.6986172860E-01   -1.9343291478E-01   -5.4332167563E+01    4.4305910529E-02
    6.4399800000E-04    8.6925151823E-01   -2.7324693535E-01   -5.4762017649E+01    3.9590162165E-02
    6.4799800000E-04    9.6938564539E-01   -3.0288982459E-01   -5.5145916677E+01    3.5112400576E-02
    6.5199800000E-04    1.0529599316E+00   -2.9470985032E-01   -5.5489019912E+01    3.0829685583E-02
    6.5599800000E-04    1.1155391016E+00   -2.6607735167E-01   -5.5798657507E+01    2.6866885234E-02
    6.5999800000E-04    1.1600727259E+00   -2.2676854250E-01   -5.6080846436E+01    2.3176498951E-02
    6.6399800000E-04    1.1892436403E+00   -1.7965120156E-01   -5.6340185084E+01    1.9884679326E-02
    6.6799800000E-04    1.2051413944E+00   -1.2518546136E-01   -5.6581879141E+01    1.7267256434E-02
    6.7199800000E-04    1.2093273752E+00   -6.5068796808E-02   -5.6814545187E+01    1.5636328709E-02
    6.7599800000E-04    1.2022222509E+00   -1.7295710443E-03   -5.7049895526E+01    1.5022450466E-02
    6.7999800000E-04    1.1827656017E+00    6.2001082141E-02   -5.7300882434E+01    1.5034799095E-02
    6.8399800000E-04    1.1483381885E+00    1.2135225891E-01   -5.7578522007E+01    1.5141832221E-02
    6.8799800000E-04    1.0949156306E+00    1.6859311726E-01   -5.7890909547E+01    1.4994635197E-02
    6.9199800000E-04    1.0196493377E+00    1.9062274649E-01   -5.8244892449E+01    1.4581760692E-02
    6.9599800000E-04    9.2863161361E-01    1.7022121251E-01   -5.8644550470E+01    1.4063389646E-02
    6.9999800000E-04    8.4288742661E-01    9.8293008336E-02   -5.9088947638E+01    1.3702365214E-02
    7.0399800000E-04    7.8954112672E-01   -1.4920411704E-02   -5.9571070647E+01    1.3471999286E-02
    7.0799800000E-04    7.8881523685E-01   -1.4393249863E-01   -6.0073433077E+01    1.3198680122E-02
    7.1199800000E-04    8.4436511007E-01   -2.5624051750E-01   -6.0568214503E+01    1.2776043648E-02
    7.1599800000E-04    9.4057889823E-01   -3.2239823477E-01   -6.1030036242E+01    1.2645711242E-02
    7.1999800000E-04    1.0493353468E+00   -3.2515479245E-01   -6.1444753405E+01    1.3513403520E-02
    7.2399800000E-04    1.1421178754E+00   -2.6692125744E-01   -6.1807724067E+01    1.5868714236E-02
    7.2799800000E-04    1.2046677704E+00   -1.6663643197E-01   -6.2121921763E+01    1.9292934855E-02
    7.3199800000E-04    1.2374194716E+00   -4.6269633544E-02   -6.2395693378E+01    2.2641800326E-02
    7.3599800000E-04    1.2466480735E+00    7.7992646601E-02   -6.2643828552E+01    2.4287955817E-02
    7.3999800000E-04    1.2352027593E+00    1.9811905503E-01   -6.2891990725E+01    2.4277985002E-02
    7.4399800000E-04    1.1988734948E+00    3.0661046925E-01   -6.3163417386E+01    2.4673267502E-02
    7.4799800000E-04    1.1309574527E+00    3.9323039307E-01   -6.3467795105E+01    2.7031147708E-02
    7.5199800000E-04    1.0296959169E+00    4.4445483313E-01   -6.3808893347E+01    3.1675526030E-02
    7.5599800000E-04    9.0159429878E-01    4.4674793636E-01   -6.4190685393E+01    3.8268067773E-02
    7.5999800000E-04    7.6328645543E-01    3.8708800447E-01   -6.4618373335E+01    4.6073850638E-02
    7.6399800000E-04    6.4462208062E-01    2.6144016513E-01   -6.5097142851E+01    5.3554531157E-02
    7.6799800000E-04    5.7301059600E-01    8.8668799993E-02   -6.5624139384E+01    5.9491655633E-02
    7.7199800000E-04    5.6475504058E-01   -1.0166839940E-01   -6.6180986647E+01    6.2305459273E-02
    7.7599800000E-04    6.2754812550E-01   -2.8271151105E-01   -6.6728995762E+01    6.1930433394E-02
    7.7999800000E-04    7.5151358881E-01   -4.1974147958E-01   -6.7234883130E+01    5.9109152145E-02
    7.8399800000E-04    9.0418288780E-01   -4.8570816165E-01   -6.7688443754E+01    5.5277312563E-02
    7.8799800000E-04    1.0515187642E+00   -4.7412351266E-01   -6.8091460534E+01    5.2031541404E-02
    7.9199800000E-04    1.1643718386E+00   -3.9650274964E-01   -6.8447343258E+01    5.1252260473E-02
    7.9599800000E-04    1.2323162012E+00   -2.7486925074E-01   -6.8758278135E+01    5.2970783635E-02
    7.9999800000E-04    1.2622129531E+00   -1.2934556529E-01   -6.9029584626E+01    5.5953749699E-02
    8.0399800000E-04    1.2651861212E+00    2.4026091408E-02   -6.9278817650E+01    5.6615165076E-02
    8.0799800000E-04    1.2437947825E+00    1.7515857366E-01   -6.9540592029E+01    5.3030427469E-02
    8.1199800000E-04    1.1894340731E+00    3.0869270643E-01   -6.9841002422E+01    4.8667690614E-02
    8.1599800000E-04    1.0943904971E+00    4.0268499890E-01   -7.0190125718E+01    4.5908208240E-02
    8.1999800000E-04    9.6568578141E-01    4.3261969799E-01   -7.0591807915E+01    4.5416606066E-02
    8.2399800000E-04    8.3241500288E-01    3.8627613915E-01   -7.1045136343E+01    4.6235483637E-02
    8.2799800000E-04    7.2906679278E-01    2.7446889943E-01   -7.1544589121E+01    4.6758128938E-02
    8.3199800000E-04    6.8545031402E-01    1.2446181802E-01   -7.2070085855E+01    4.5939385838E-02
    8.3599800000E-04    7.0865489311E-01   -2.8340808305E-02   -7.2586554363E+01    4.3658306174E-02
    8.3999800000E-04    7.7948623831E-01   -1.5454049684E-01   -7.3066511612E+01    4.0480014553E-02
    8.4399800000E-04    8.7483547062E-01   -2.3570739628E-01   -7.3500730779E+01    3.6887194348E-02
    8.4799800000E-04    9.7201177087E-01   -2.6703619287E-01   -7.3888912435E+01    3.3397725359E-02
    8.5199800000E-04    1.0534121707E+00   -2.5936915614E-01   -7.4234913610E+01    2.9996476016E-02
    8.5599800000E-04    1.1138928066E+00   -2.3031734813E-01   -7.4545572271E+01    2.6552335837E-02
    8.5999800000E-04    1.1567789125E+00   -1.9087972314E-01   -7.4827273519E+01    2.3098591108E-02
    8.6399800000E-04    1.1853200303E+00   -1.4522258881E-01   -7.5084993105E+01    1.9875039895E-02
    8.6799800000E-04    1.2011063142E+00   -9.4838215968E-02   -7.5324479169E+01    1.7419572320E-02
    8.7199800000E-04    1.2054068536E+00   -4.0854953382E-02   -7.5554116856E+01    1.6203994249E-02
    8.7599800000E-04    1.1990041343E+00    1.5481984344E-02   -7.5784774962E+01    1.6284520172E-02
    8.7999800000E-04    1.1814881315E+00    7.2256125507E-02   -7.6028176037E+01    1.7358348702E-02
    8.8399800000E-04    1.1509799811E+00    1.2601440224E-01   -7.6294591779E+01    1.8867448373E-02
    8.8799800000E-04    1.1040556126E+00    1.7126611717E-01   -7.6591645211E+01    2.0194682967E-02
    8.9199800000E-04    1.0364986551E+00    1.9859326542E-01   -7.6925965798E+01    2.1176120367E-02
    8.9599800000E-04    9.4890991952E-01    1.9221117246E-01   -7.7303613144E+01    2.1871501515E-02
    8.9999800000E-04    8.5490281063E-01    1.3750515163E-01   -7.7727106409E+01    2.2362257524E-02
    9.0399800000E-04    7.8101860528E-01    3.4420608968E-02   -7.8194464663E+01    2.2781976184E-02
    9.0799800000E-04    7.5249569944E-01   -9.8653516632E-02   -7.8695283552E+01    2.3183745215E-02
    9.1199800000E-04    7.8447175688E-01   -2.3122866413E-01   -7.9204695613E+01    2.3041136113E-02
    9.1599800000E-04    8.7061426362E-01   -3.2960589187E-01   -7.9692182642E+01    2.2437983534E-02
    9.1999800000E-04    9.8570581272E-01   -3.6837398263E-01   -8.0136927618E+01    2.2253663126E-02
    9.2399800000E-04    1.0978639301E+00   -3.3799844741E-01   -8.0530576185E+01    2.3461182533E-02
    9.2799800000E-04    1.1820921762E+00   -2.5050945076E-01   -8.0871946717E+01    2.6436696883E-02
    9.3199800000E-04    1.2317475156E+00   -1.2898774001E-01   -8.1166532270E+01    3.0368902111E-02
    9.3599800000E-04    1.2523214922E+00    5.6126296268E-03   -8.1425456257E+01    3.3311107392E-02
    9.3999800000E-04    1.2502309688E+00    1.4044514678E-01   -8.1671714365E+01    3.3423257103E-02
    9.4399800000E-04    1.2239371843E+00    2.6760128832E-01   -8.1934823109E+01    3.2453505605E-02
    9.4799800000E-04    1.1651647276E+00    3.7571465827E-01   -8.2231262685E+01    3.2893900955E-02
    9.5199800000E-04    1.0678926474E+00    4.4976478084E-01   -8.2566440289E+01    3.5823834417E-02
    9.5599800000E-04    9.3714595324E-01    4.7205115005E-01   -8.2943641618E+01    4.1241888522E-02
    9.5999800001E-04    7.9046991643E-01    4.2873175171E-01   -8.3367094819E+01    4.8260468581E-02
    9.6399800001E-04    6.5761383476E-01    3.1406399692E-01   -8.3842025730E+01    5.5157723096E-02
    9.6799800001E-04    5.7094665611E-01    1.4401179971E-01   -8.4367071110E+01    6.0357079268E-02
    9.7199800001E-04    5.4940539120E-01   -4.8943740199E-02   -8.4925932554E+01    6.2462541257E-02
    9.7599800001E-04    5.9856149842E-01   -2.3739728462E-01   -8.5479518074E+01    6.1213432453E-02
    9.7999800001E-04    7.1169737592E-01   -3.8910855213E-01   -8.5992652875E+01    5.7251372654E-02
    9.8399800001E-04    8.6033581561E-01   -4.7363087454E-01   -8.6453713374E+01    5.2092707963E-02
    9.8799800001E-04    1.0101122651E+00   -4.8245986574E-01   -8.6863848108E+01    4.7309959936E-02
    9.9199800001E-04    1.1322865623E+00   -4.2415943749E-01   -8.7227686879E+01    4.4670208549E-02
    9.9599800001E-04    1.2119140162E+00   -3.1811770192E-01   -8.7547794263E+01    4.4723386311E-02
    9.9999800001E-04    1.2518433507E+00   -1.8412359647E-01   -8.7828053712E+01    4.6710599514E-02
    1.0039980000E-03    1.2624924112E+00   -3.8072000499E-02   -8.8080041963E+01    4.8188913053E-02
    1.0079980000E-03    1.2498183318E+00    1.0946254318E-01   -8.8332811906E+01    4.5943519194E-02
    1.0119980000E-03    1.2086701778E+00    2.4689372834E-01   -8.8616826426E+01    4.1609421809E-02
    1.0159980000E-03    1.1304423202E+00    3.5429621195E-01   -8.8946516266E+01    3.8125450672E-02
    1.0199980000E-03    1.0161029744E+00    4.0757996296E-01   -8.9328161114E+01    3.6632100303E-02
    1.0239980000E-03    8.8729336686E-01    3.8835975526E-01   -8.9762256514E+01    3.6926209534E-02
    1.0279980000E-03    7.7754279925E-01    3.0033298185E-01   -9.0244273586E+01    3.7655708010E-02
    1.0319980000E-03    7.1803089611E-01    1.6554554685E-01   -9.0758903026E+01    3.7607335468E-02
    1.0359980000E-03    7.2397344614E-01    1.7626739689E-02   -9.1275240505E+01    3.6416291528E-02
    1.0399980000E-03    7.8418353033E-01   -1.1061199641E-01   -9.1762297473E+01    3.4495676459E-02
    1.0439980000E-03    8.7481110640E-01   -1.9665942932E-01   -9.2205814555E+01    3.2340471001E-02
    1.0479980000E-03    9.7071355190E-01   -2.3250969282E-01   -9.2603198140E+01    3.0130378113E-02
    1.0519980000E-03    1.0523777140E+00   -2.2667704878E-01   -9.2956704454E+01    2.7796912255E-02
    1.0559980000E-03    1.1128938848E+00   -1.9642447032E-01   -9.3271930562E+01    2.5231133051E-02
    1.0599980000E-03    1.1551178610E+00   -1.5458233258E-01   -9.3555706878E+01    2.2341343202E-02
    1.0639980000E-03    1.1831140628E+00   -1.0697024093E-01   -9.3813536843E+01    1.9638626069E-02
    1.0679980000E-03    1.1989976625E+00   -5.6561170523E-02   -9.4051959100E+01    1.7758937677E-02
    1.0719980000E-03    1.2038027105E+00   -4.7967812874E-03   -9.4279765417E+01    1.7031082068E-02
    1.0759980000E-03    1.1979320577E+00    4.7372447171E-02   -9.4508258129E+01    1.7558292306E-02
    1.0799980000E-03    1.1809839198E+00    9.8830179767E-02   -9.4748430840E+01    1.9343373179E-02
    1.0839980000E-03    1.1518316830E+00    1.4751654970E-01   -9.5009180658E+01    2.1894290128E-02
    1.0879980000E-03    1.1078913763E+00    1.8976526493E-01   -9.5297222437E+01    2.4479520354E-02
    1.0919980000E-03    1.0448347497E+00    2.1860724811E-01   -9.5618482059E+01    2.6661055246E-02
    1.0959980000E-03    9.6078364904E-01    2.1996432823E-01   -9.5979755276E+01    2.8574935932E-02
    1.0999980000E-03    8.6469012077E-01    1.7719471162E-01   -9.6385784380E+01    3.0289428360E-02
    1.1039980000E-03    7.7843911219E-01    8.4206408113E-02   -9.6837796648E+01    3.1917699489E-02
    1.1079980000E-03    7.2773266433E-01   -4.7623275606E-02   -9.7331135057E+01    3.3385663791E-02
    1.1119980000E-03    7.3509042811E-01   -1.9289515044E-01   -9.7847645373E+01    3.4116840900E-02
    1.1159980000E-03    8.0573632414E-01   -3.1750843886E-01   -9.8355084939E+01    3.3836891300E-02
    1.1199980000E-03    9.1992195985E-01   -3.8992828886E-01   -9.8825662801E+01    3.3139211381E-02
    1.1239980000E-03    1.0456622229E+00   -3.9177668221E-01   -9.9247006893E+01    3.3252625543E-02
    1.1279980000E-03    1.1509152227E+00   -3.2472143473E-01   -9.9615512377E+01    3.5299333783E-02
    1.1319980000E-03    1.2192928750E+00   -2.1001188910E-01   -9.9933177821E+01    3.9101164807E-02
    1.1359980000E-03    1.2528905460E+00   -7.0998141155E-02   -1.0020777411E+02    4.3183780230E-02
    1.1399980000E-03    1.2602816033E+00    7.4274195523E-02   -1.0045691974E+02    4.4523968130E-02
    1.1439980000E-03    1.2442134723E+00    2.1597805800E-01   -1.0071254075E+02    4.2843537013E-02
    1.1479980000E-03    1.1971309450E+00    3.4277388601E-01   -1.0099945866E+02    4.1496902109E-02
    1.1519980000E-03    1.1095804636E+00    4.3872371922E-01   -1.0132644770E+02    4.2348118912E-02
    1.1559980000E-03    9.8177749058E-01    4.8402191389E-01   -1.0169688781E+02    4.5924391405E-02
    1.1599980000E-03    8.3110029812E-01    4.6123220087E-01   -1.0211380521E+02    5.1390978175E-02
    1.1639980000E-03    6.8687189233E-01    3.6359921763E-01   -1.0258214240E+02    5.7022525614E-02
    1.1679980000E-03    5.8360786075E-01    2.0270503038E-01   -1.0310192853E+02    6.1223470588E-02
    1.1719980000E-03    5.4611360065E-01    1.1153108963E-02   -1.0365913500E+02    6.2511946067E-02
    1.1759980000E-03    5.7921362320E-01   -1.8092316788E-01   -1.0421610209E+02    6.0372209914E-02
    1.1799980000E-03    6.7678214917E-01   -3.4463562441E-01   -1.0473550549E+02    5.5291865802E-02
    1.1839980000E-03    8.1658552912E-01   -4.4765550170E-01   -1.0520377684E+02    4.8684057834E-02
    1.1879980000E-03    9.6463717899E-01   -4.7785236047E-01   -1.0562086319E+02    4.2255785596E-02
    1.1919980000E-03    1.0924305793E+00   -4.4236261785E-01   -1.0599206639E+02    3.7636725054E-02
    1.1959980000E-03    1.1832715176E+00   -3.5671407388E-01   -1.0632100867E+02    3.5670633840E-02
    1.1999980000E-03    1.2348806304E+00   -2.3948675686E-01   -1.0661100164E+02    3.6058163934E-02
    1.2039980000E-03    1.2551512931E+00   -1.0570290400E-01   -1.0686907727E+02    3.7356946849E-02
    1.2079980000E-03    1.2519606863E+00    3.3488822545E-02   -1.0711604577E+02    3.6643439314E-02
    1.2119980000E-03    1.2245666177E+00    1.6965579757E-01   -1.0738284347E+02    3.3068887135E-02
    1.2159980000E-03    1.1653391229E+00    2.8713917842E-01   -1.0768944102E+02    2.9164419560E-02
    1.2199980000E-03    1.0705072674E+00    3.6357981395E-01   -1.0804516365E+02    2.6639897889E-02
    1.2239980000E-03    9.5168725472E-01    3.7660442507E-01   -1.0845369723E+02    2.5993821196E-02
    1.2279980000E-03    8.3796632256E-01    3.1968000917E-01   -1.0891222596E+02    2.6480397460E-02
    1.2319980000E-03    7.6122446898E-01    2.0739317192E-01   -1.0941014599E+02    2.7008053827E-02
    1.2359980000E-03    7.4360764861E-01    6.8566802900E-02   -1.0992289126E+02    2.6816953039E-02
    1.2399980000E-03    7.8542324456E-01   -6.2510403012E-02   -1.1041893241E+02    2.6045614707E-02
    1.2439980000E-03    8.6709287507E-01   -1.5784176850E-01   -1.1087692144E+02    2.5258021167E-02
    1.2479980000E-03    9.6233179352E-01   -2.0316186618E-01   -1.1128967106E+02    2.4363861143E-02
    1.2519980000E-03    1.0469326464E+00   -2.0273792547E-01   -1.1165695030E+02    2.3205900995E-02
    1.2559980000E-03    1.1106041083E+00   -1.7265782612E-01   -1.1198253335E+02    2.1732440621E-02
    1.2599980000E-03    1.1545632681E+00   -1.2748267327E-01   -1.1227290987E+02    1.9867365221E-02
    1.2639980000E-03    1.1831525399E+00   -7.5231755081E-02   -1.1253451468E+02    1.7918054564E-02
    1.2679980000E-03    1.1993936569E+00   -2.0480917804E-02   -1.1277488475E+02    1.6586997632E-02
    1.2719980000E-03    1.2046986032E+00    3.3957490332E-02   -1.1300409740E+02    1.6445469683E-02
    1.2759980000E-03    1.1992299405E+00    8.6581681105E-02   -1.1323341049E+02    1.7717183269E-02
    1.2799980000E-03    1.1823138928E+00    1.3620280115E-01   -1.1347362081E+02    2.0133552944E-02
    1.2839980000E-03    1.1528202053E+00    1.8172981310E-01   -1.1373306309E+02    2.3229763549E-02
    1.2879980000E-03    1.1089349869E+00    2.2110046878E-01   -1.1401761121E+02    2.6502668815E-02
    1.2919980000E-03    1.0469153635E+00    2.4921659581E-01   -1.1433233667E+02    2.9644570917E-02
    1.2959980000E-03    9.6388621845E-01    2.5363845780E-01   -1.1468403152E+02    3.2685772595E-02
    1.2999980000E-03    8.6669303400E-01    2.1683425409E-01   -1.1507890095E+02    3.5760174774E-02
    1.3039980000E-03    7.7416589320E-01    1.2995429134E-01   -1.1552001487E+02    3.8863647025E-02
    1.3079980000E-03    7.0982111367E-01    8.6651249339E-05   -1.1600585594E+02    4.1550461663E-02
    1.3119980000E-03    6.9748986603E-01   -1.5211701421E-01   -1.1652439136E+02    4.3329473295E-02
    1.3159980000E-03    7.5224822413E-01   -2.9518498602E-01   -1.1704533509E+02    4.3754803111E-02
    1.3199980000E-03    8.6164651378E-01   -3.9430529037E-01   -1.1753557695E+02    4.3062602612E-02
    1.3239980000E-03    9.9451855192E-01   -4.2514295838E-01   -1.1797827222E+02    4.2449990118E-02
    1.3279980000E-03    1.1164508635E+00   -3.8094370847E-01   -1.1836887927E+02    4.3470529126E-02
    1.3319980000E-03    1.2022918390E+00   -2.7791170342E-01   -1.1870715668E+02    4.6666499235E-02
    1.3359980000E-03    1.2489340047E+00   -1.4050156883E-01   -1.1899820484E+02    5.1110379097E-02
    1.3399980000E-03    1.2650539043E+00    1.0281116410E-02   -1.1925446450E+02    5.3982254849E-02
    1.3439980000E-03    1.2574910288E+00    1.6116217367E-01   -1.1950529694E+02    5.2630108810E-02
    1.3479980000E-03    1.2213525470E+00    3.0163221125E-01   -1.1978275038E+02    4.9968531841E-02
    1.3519980000E-03    1.1455669785E+00    4.1514772806E-01   -1.2010068872E+02    4.8990938535E-02
    1.3559980000E-03    1.0255814212E+00    4.8135774308E-01   -1.2046344376E+02    5.0634552302E-02
    1.3599980000E-03    8.7547653249E-01    4.7940321849E-01   -1.2087323123E+02    5.4520915339E-02
    1.3639980000E-03    7.2518323396E-01    4.0032370144E-01   -1.2133405880E+02    5.8728359218E-02
    1.3679980000E-03    6.0893636936E-01    2.5299442368E-01   -1.2184692039E+02    6.1763470248E-02
    1.3719980000E-03    5.5691649073E-01    6.7236968142E-02   -1.2239934634E+02    6.2139366314E-02
    1.3759980000E-03    5.7549034741E-01   -1.2372410354E-01   -1.2295578404E+02    5.9249028215E-02
    1.3799980000E-03    6.5699659934E-01   -2.9290060295E-01   -1.2347849218E+02    5.3353224644E-02
    1.3839980000E-03    7.8356308960E-01   -4.0978294042E-01   -1.2395166037E+02    4.5929477058E-02
    1.3879980000E-03    9.2509929081E-01   -4.5825876686E-01   -1.2437382042E+02    3.8363649227E-02
    1.3919980000E-03    1.0525325040E+00   -4.4450923530E-01   -1.2475047072E+02    3.2257908855E-02
    1.3959980000E-03    1.1500694507E+00   -3.8166166455E-01   -1.2508631726E+02    2.8341416286E-02
    1.3999980000E-03    1.2121082850E+00   -2.8494581303E-01   -1.2538498228E+02    2.6849090597E-02
    1.4039980000E-03    1.2425532660E+00   -1.6831544545E-01   -1.2565089435E+02    2.7072768188E-02
    1.4079980000E-03    1.2488510665E+00   -4.2113577624E-02   -1.2589711223E+02    2.7032556471E-02
    1.4119980000E-03    1.2338804852E+00    8.6165070157E-02   -1.2615013593E+02    2.4773363731E-02
    1.4159980000E-03    1.1929335594E+00    2.0648794992E-01   -1.2643414068E+02    2.1110342289E-02
    1.4199980000E-03    1.1199987338E+00    2.9999061149E-01   -1.2676181502E+02    1.7853491760E-02
    1.4239980000E-03    1.0179143388E+00    3.4407758972E-01   -1.2714025525E+02    1.6027489706E-02
    1.4279980000E-03    9.0639117616E-01    3.2279503394E-01   -1.2757026650E+02    1.5685403521E-02
    1.4319980000E-03    8.1595514753E-01    2.4006071038E-01   -1.2804509338E+02    1.6112051677E-02
    1.4359980000E-03    7.7321084313E-01    1.1746802990E-01   -1.2854729591E+02    1.6512371546E-02
    1.4399980000E-03    7.8910545882E-01   -1.3131613429E-02   -1.2904881738E+02    1.6599658956E-02
    1.4439980000E-03    8.5410900495E-01   -1.1988900050E-01   -1.2952302657E+02    1.6677171868E-02
    1.4479980000E-03    9.4488953086E-01   -1.8082674039E-01   -1.2995604204E+02    1.6778819119E-02
    1.4519980000E-03    1.0339306214E+00   -1.9137467037E-01   -1.3034340472E+02    1.6877951353E-02
    1.4559980000E-03    1.1042955257E+00   -1.6418745507E-01   -1.3068596157E+02    1.6791474412E-02
    1.4599980000E-03    1.1532320167E+00   -1.1603458492E-01   -1.3098901620E+02    1.6421444356E-02
    1.4639980000E-03    1.1845350413E+00   -5.8029539848E-02   -1.3125947270E+02    1.5837956459E-02
    1.4679980000E-03    1.2019226361E+00    3.2835830098E-03   -1.3150552921E+02    1.5526964526E-02
    1.4719980000E-03    1.2076450019E+00    6.3787619942E-02   -1.3173821697E+02    1.6029327827E-02
    1.4759980000E-03    1.2024429877E+00    1.2090131092E-01   -1.3197006108E+02    1.7612671936E-02
    1.4799980000E-03    1.1855998235E+00    1.7275149015E-01   -1.3221225001E+02    2.0215413352E-02
    1.4839980000E-03    1.1554257680E+00    2.1830111117E-01   -1.3247285677E+02    2.3577677576E-02
    1.4879980000E-03    1.1100809787E+00    2.5661903136E-01   -1.3275695566E+02    2.7261629906E-02
    1.4919980000E-03    1.0466580469E+00    2.8393037441E-01   -1.3306939738E+02    3.1118085904E-02
    1.4959980000E-03    9.6229867642E-01    2.8931802744E-01   -1.3341645916E+02    3.5134227510E-02
    1.4999980000E-03    8.6263702888E-01    2.5517074701E-01   -1.3380528073E+02    3.9311026882E-02
    1.5039980000E-03    7.6588493796E-01    1.7070736228E-01   -1.3424036300E+02    4.3672270445E-02
    1.5079980000E-03    6.9383451734E-01    4.1122690012E-02   -1.3472174623E+02    4.7570082359E-02
    1.5119980000E-03    6.6835231890E-01   -1.1563235226E-01   -1.3524085203E+02    5.0416308926E-02
    1.5159980000E-03    7.1001432308E-01   -2.7125237584E-01   -1.3577087960E+02    5.1574372981E-02
    1.5199980000E-03    8.1386710388E-01   -3.9024660606E-01   -1.3627551155E+02    5.1169934738E-02
    1.5239980000E-03    9.5010364127E-01   -4.4401547521E-01   -1.3673380531E+02    5.0187203516E-02
    1.5279980000E-03    1.0838816434E+00   -4.2040658898E-01   -1.3714058401E+02    5.0307883297E-02
    1.5319980000E-03    1.1843339751E+00   -3.3003715386E-01   -1.3749504720E+02    5.2771328473E-02
    1.5359980000E-03    1.2427064933E+00   -1.9730898650E-01   -1.3780030276E+02    5.7048057728E-02
    1.5399980000E-03    1.2664868648E+00   -4.4574591214E-02   -1.3806526413E+02    6.0956901356E-02
    1.5439980000E-03    1.2652958486E+00    1.1165191197E-01   -1.3831458287E+02    6.0600926669E-02
    1.5479980000E-03    1.2376566265E+00    2.6114178175E-01   -1.3858422487E+02    5.7247753483E-02
    1.5519980000E-03    1.1723144522E+00    3.8752327283E-01   -1.3889381212E+02    5.4852278189E-02
    1.5559980000E-03    1.0615665483E+00    4.7012041926E-01   -1.3924926391E+02    5.4861599902E-02
    1.5599980000E-03    9.1490246212E-01    4.8613388325E-01   -1.3965273124E+02    5.7381572384E-02
    1.5639980000E-03    7.6229858366E-01    4.2360439804E-01   -1.4010696411E+02    6.0509239655E-02
    1.5679980000E-03    6.3807176351E-01    2.8983150773E-01   -1.4061322224E+02    6.2595284447E-02
    1.5719980000E-03    5.7528426948E-01    1.1187373768E-01   -1.4116014793E+02    6.2256921979E-02
    1.5759980000E-03    5.8357900412E-01   -7.5202507023E-02   -1.4171327781E+02    5.8778336754E-02
    1.5799980000E-03    6.5268372698E-01   -2.4432556172E-01   -1.4223562260E+02    5.2339729583E-02
    1.5839980000E-03    7.6619806424E-01   -3.6792955349E-01   -1.4271018755E+02    4.4585399453E-02
    1.5879980000E-03    8.9832645097E-01   -4.2871730579E-01   -1.4313429027E+02    3.6740169152E-02
    1.5919980000E-03    1.0208530918E+00   -4.3114622228E-01   -1.4351335689E+02    2.9942275336E-02
    1.5959980000E-03    1.1185956465E+00   -3.8930673441E-01   -1.4385300808E+02    2.4817055106E-02
    1.5999980000E-03    1.1867945852E+00   -3.1468140137E-01   -1.4415790567E+02    2.1615390603E-02
    1.6039980000E-03    1.2259534119E+00   -2.1789920573E-01   -1.4443157667E+02    2.0274278655E-02
    1.6079980000E-03    1.2410353863E+00   -1.0855901740E-01   -1.4468121236E+02    1.9876016463E-02
    1.6119980000E-03    1.2363130167E+00    6.8758125051E-03   -1.4492626560E+02    1.8574019238E-02
    1.6159980000E-03    1.2105771983E+00    1.2168463054E-01   -1.4519182541E+02    1.5731789345E-02
    1.6199980000E-03    1.1583119620E+00    2.2289586965E-01   -1.4549416500E+02    1.2430792427E-02
    1.6239980000E-03    1.0769485631E+00    2.9024424786E-01   -1.4584238290E+02    9.6787243009E-03
    1.6279980000E-03    9.7557429566E-01    3.0347962196E-01   -1.4624130379E+02    8.1110462125E-03
    1.6319980000E-03    8.7870464181E-01    2.5439711446E-01   -1.4668848726E+02    7.6488336425E-03
    1.6359980000E-03    8.1449217217E-01    1.5503337307E-01   -1.4717248462E+02    7.7707592279E-03
    1.6399980000E-03    8.0169190004E-01    3.1583018708E-02   -1.4767146566E+02    8.0472340806E-03
    1.6439980000E-03    8.4202215685E-01   -8.4199470590E-02   -1.4815849619E+02    8.4274931907E-03
    1.6479980000E-03    9.2011760379E-01   -1.6414024752E-01   -1.4861318545E+02    9.1941683403E-03
    1.6519980000E-03    1.0110209585E+00   -1.9278716719E-01   -1.4902532962E+02    1.0333515034E-02
    1.6559980000E-03    1.0905220689E+00   -1.7443088838E-01   -1.4939140966E+02    1.1480511637E-02
    1.6599980000E-03    1.1484360837E+00   -1.2548003109E-01   -1.4971372404E+02    1.2434152529E-02
    1.6639980000E-03    1.1857604541E+00   -6.1270814649E-02   -1.4999878750E+02    1.3149612095E-02
    1.6679980000E-03    1.2065452031E+00    8.3441414675E-03   -1.5025493077E+02    1.3799300255E-02
    1.6719980000E-03    1.2138208036E+00    7.7511812708E-02   -1.5049376398E+02    1.4754760755E-02
    1.6759980000E-03    1.2088517150E+00    1.4306909894E-01   -1.5072954826E+02    1.6483313740E-02
    1.6799980000E-03    1.1911639329E+00    2.0257555615E-01   -1.5097484658E+02    1.9267758255E-02
    1.6839980000E-03    1.1593829949E+00    2.5283855780E-01   -1.5123809279E+02    2.2666109652E-02
    1.6879980000E-03    1.1113259774E+00    2.9294606544E-01   -1.5152450729E+02    2.6372359118E-02
    1.6919980000E-03    1.0440365985E+00    3.2068540402E-01   -1.5183857925E+02    3.0520594842E-02
    1.6959980000E-03    9.5519165321E-01    3.2577592912E-01   -1.5218652211E+02    3.5281667433E-02
    1.6999980000E-03    8.5088604539E-01    2.9062189267E-01   -1.5257550149E+02    4.0381914825E-02
    1.7039980000E-03    7.4998840375E-01    2.0389072727E-01   -1.5301105610E+02    4.5754483599E-02
    1.7079980000E-03    6.7461691191E-01    7.0666097833E-02   -1.5349400293E+02    5.0671189025E-02
    1.7119980000E-03    6.4391363798E-01   -9.1115814237E-02   -1.5401623503E+02    5.4379055098E-02
    1.7159980000E-03    6.7951267910E-01   -2.5506420761E-01   -1.5455269025E+02    5.6042185667E-02
    1.7199980000E-03    7.8088742802E-01   -3.8635717780E-01   -1.5506575697E+02    5.5825775879E-02
    1.7239980000E-03    9.1938629721E-01   -4.5422735913E-01   -1.5553252024E+02    5.4594083188E-02
    1.7279980000E-03    1.0602390737E+00   -4.4417396126E-01   -1.5594787742E+02    5.4004970363E-02
    1.7319980000E-03    1.1702594460E+00   -3.6342527853E-01   -1.5631157624E+02    5.5735651477E-02
    1.7359980000E-03    1.2367320562E+00   -2.3563081346E-01   -1.5662568996E+02    5.9573615469E-02
    1.7399980000E-03    1.2658770115E+00   -8.3546898522E-02   -1.5689722178E+02    6.3819254928E-02
    1.7439980000E-03    1.2685802517E+00    7.4684063413E-02   -1.5714691159E+02    6.4361226101E-02
    1.7479980000E-03    1.2460850293E+00    2.2850789479E-01   -1.5741148129E+02    6.0859481058E-02
    1.7519980000E-03    1.1878249425E+00    3.6224101436E-01   -1.5771495850E+02    5.7573526085E-02
    1.7559980000E-03    1.0846362780E+00    4.5488897669E-01   -1.5806496019E+02    5.6448017477E-02
    1.7599980000E-03    9.4273648093E-01    4.8282491119E-01   -1.5846406933E+02    5.7892048628E-02
    1.7639980000E-03    7.9119197836E-01    4.3193952580E-01   -1.5891400625E+02    6.0272489449E-02
    1.7679980000E-03    6.6469869097E-01    3.0870814160E-01   -1.5941551112E+02    6.1770314911E-02
    1.7719980000E-03    5.9707350236E-01    1.3856354606E-01   -1.5995722550E+02    6.1066476175E-02
    1.7759980000E-03    6.0058982056E-01   -4.2938266978E-02   -1.6050499199E+02    5.7451365739E-02
    1.7799980000E-03    6.6262994975E-01   -2.0769687877E-01   -1.6102304525E+02    5.1149164104E-02
    1.7839980000E-03    7.6653216871E-01   -3.3070104069E-01   -1.6149465185E+02    4.3580389639E-02
    1.7879980000E-03    8.8944232639E-01   -3.9555994103E-01   -1.6191657398E+02    3.6011735833E-02
    1.7919980000E-03    1.0047351518E+00   -4.0578623410E-01   -1.6229383060E+02    2.9287723672E-02
    1.7959980000E-03    1.0975974670E+00   -3.7681152795E-01   -1.6263265972E+02    2.3812871187E-02
    1.7999980000E-03    1.1652223795E+00   -3.2092024788E-01   -1.6293902621E+02    1.9796167922E-02
    1.8039980000E-03    1.2085459760E+00   -2.4402551517E-01   -1.6321700180E+02    1.7135246811E-02
    1.8079980000E-03    1.2299200650E+00   -1.5281177252E-01   -1.6347093131E+02    1.5682551470E-02
    1.8119980000E-03    1.2327778952E+00   -5.3789827939E-02   -1.6371340329E+02    1.4564595558E-02
    1.8159980000E-03    1.2178643753E+00    4.8775363462E-02   -1.6396617234E+02    1.2597190369E-02
    1.8199980000E-03    1.1817430265E+00    1.4686100775E-01   -1.6424840003E+02    9.8695962693E-03
    1.8239980000E-03    1.1198497567E+00    2.2543803478E-01   -1.6457096825E+02    7.0666634647E-03
    1.8279980000E-03    1.0337221002E+00    2.6418207546E-01   -1.6494080989E+02    4.7386649523E-03
    1.8319980000E-03    9.3810765041E-01    2.4717415990E-01   -1.6535958238E+02    3.2649193859E-03
    1.8359980000E-03    8.5888114660E-01    1.7451401980E-01   -1.6582114005E+02    2.6259383849E-03
    1.8399980000E-03    8.1915466779E-01    6.4417520946E-02   -1.6631036126E+02    2.5372175795E-03
    1.8439980000E-03    8.3102940966E-01   -5.4924086763E-02   -1.6680400715E+02    2.8332520187E-03
    1.8479980000E-03    8.8927191152E-01   -1.5290518864E-01   -1.6727817699E+02    3.5763698559E-03
    1.8519980000E-03    9.7494032270E-01   -2.0617341761E-01   -1.6771663678E+02    4.8187983890E-03
    1.8559980000E-03    1.0632781516E+00   -2.0583466601E-01   -1.6811057096E+02    6.5439318671E-03
    1.8599980000E-03    1.1345592807E+00   -1.6149217193E-01   -1.6845783752E+02    8.4751187447E-03
    1.8639980000E-03    1.1826155021E+00   -9.1566793162E-02   -1.6876254252E+02    1.0313252659E-02
    1.8679980000E-03    1.2101660006E+00   -1.1133236996E-02   -1.6903241943E+02    1.1932378259E-02
    1.8719980000E-03    1.2211924613E+00    7.0434398080E-02   -1.6927880293E+02    1.3358062281E-02
    1.8759980000E-03    1.2178464107E+00    1.4814425118E-01   -1.6951802604E+02    1.4958577501E-02
    1.8799980000E-03    1.1998786292E+00    2.1861242863E-01   -1.6976618456E+02    1.7284060392E-02
    1.8839980000E-03    1.1655767743E+00    2.7859512194E-01   -1.7003309042E+02    2.0606044497E-02
    1.8879980000E-03    1.1131496241E+00    3.2470709522E-01   -1.7032359400E+02    2.4524053594E-02
    1.8919980000E-03    1.0399908212E+00    3.5458587505E-01   -1.7064214424E+02    2.9027815462E-02
    1.8959980000E-03    9.4427314308E-01    3.5872651363E-01   -1.7099515517E+02    3.4470333578E-02
    1.8999980000E-03    8.3344634904E-01    3.1973636189E-01   -1.7138935227E+02    4.0588379409E-02
    1.9039980000E-03    7.2808291318E-01    2.2676469158E-01   -1.7183079530E+02    4.7056023041E-02
    1.9079980000E-03    6.5173152417E-01    8.6355968878E-02   -1.7232035037E+02    5.2873617278E-02
    1.9119980000E-03    6.2182065130E-01   -8.1830026720E-02   -1.7284899789E+02    5.7189712273E-02
    1.9159980000E-03    6.5857551422E-01   -2.5180938046E-01   -1.7339073798E+02    5.9070778991E-02
    1.9199980000E-03    7.6224379645E-01   -3.8933447332E-01   -1.7390732860E+02    5.8782001531E-02
    1.9239980000E-03    9.0398863607E-01   -4.6305535123E-01   -1.7437640788E+02    5.7262794280E-02
    1.9279980000E-03    1.0490479798E+00   -4.5836611811E-01   -1.7479395770E+02    5.6133222955E-02
    1.9319980000E-03    1.1637502583E+00   -3.8179932088E-01   -1.7516060907E+02    5.7289247428E-02
    1.9359980000E-03    1.2339571478E+00   -2.5651447281E-01   -1.7547812950E+02    6.0706909423E-02
    1.9399980000E-03    1.2654582858E+00   -1.0516961960E-01   -1.7575260369E+02    6.4912489049E-02
    1.9439980000E-03    1.2696657209E+00    5.3667570706E-02   -1.7600285653E+02    6.5857274507E-02
    1.9479980000E-03    1.2491347068E+00    2.0922671884E-01   -1.7626539306E+02    6.2318192379E-02
    1.9519980000E-03    1.1938734710E+00    3.4607124071E-01   -1.7656639043E+02    5.8512146992E-02
    1.9559980000E-03    1.0943907859E+00    4.4282457726E-01   -1.7691455612E+02    5.6690358280E-02
    1.9599980000E-03    9.5583677225E-01    4.7544222162E-01   -1.7731285681E+02    5.7402294644E-02
    1.9639980000E-03    8.0694860338E-01    4.2922680659E-01   -1.7776229812E+02    5.9233480489E-02
    1.9679980000E-03    6.8278311291E-01    3.1110126440E-01   -1.7826255013E+02    6.0308021115E-02
    1.9719980000E-03    6.1697701829E-01    1.4646643805E-01   -1.7880076890E+02    5.9350869112E-02
    1.9759980000E-03    6.2190461884E-01   -2.9067928363E-02   -1.7934211490E+02    5.5809103396E-02
    1.9799980000E-03    6.8264999208E-01   -1.8668402914E-01   -1.7985245845E+02    5.0053151483E-02
    1.9839980000E-03    7.8112913958E-01   -3.0350725204E-01   -1.8031680062E+02    4.3219731557E-02
    1.9879980000E-03    8.9641027495E-01   -3.6531301781E-01   -1.8073217546E+02    3.6352675116E-02
    1.9919980000E-03    1.0036347955E+00   -3.7634795442E-01   -1.8110351044E+02    3.0193658916E-02
    1.9959980000E-03    1.0892442736E+00   -3.5312292635E-01   -1.8143736848E+02    2.5062111085E-02
    1.9999980000E-03    1.1521353575E+00   -3.0867939236E-01   -1.8174039743E+02    2.0824908883E-02
