 sig=    1.000000000000000      inputfile=
 /home/rjrj524/Finished/vmec_gc_tracer/revised_251128/nc/wout_pwO_nfp2_A6.nc                                                                                                                             
 dt=   2.0000000000000001E-009
 steps=      1000000
 x0=   5.9999999999999998E-002    0.000000000000000      
    6.410000000000000     
 u=    20500.00000000000     
 v_perp=    23000.00000000000     
 
time(s)         x0(1)       x0(2)        x0(3)      r
    3.9980000000E-06    1.1827258556E+00   -6.8785106903E-02    6.4720555347E+00    5.9922512726E-02
    7.9980000000E-06    1.1801400839E+00   -7.4456193136E-02    6.5344202664E+00    5.9838501832E-02
    1.1998000000E-05    1.1770406236E+00   -8.0241632652E-02    6.5971196793E+00    5.9744837570E-02
    1.5998000000E-05    1.1734459435E+00   -8.6170324471E-02    6.6602105159E+00    5.9638615782E-02
    1.9998000000E-05    1.1693754754E+00   -9.2242558412E-02    6.7237555508E+00    5.9519259659E-02
    2.3998000000E-05    1.1648440590E+00   -9.8440384710E-02    6.7878239521E+00    5.9388760549E-02
    2.7998000000E-05    1.1598576784E+00   -1.0473433097E-01    6.8524885463E+00    5.9250178032E-02
    3.1998000000E-05    1.1544118076E+00   -1.1108347558E-01    6.9178212308E+00    5.9106206394E-02
    3.5998000000E-05    1.1484913134E+00   -1.1743718707E-01    6.9838872885E+00    5.8959174350E-02
    3.9998000000E-05    1.1420719877E+00   -1.2373521630E-01    7.0507436213E+00    5.8811988943E-02
    4.3998000000E-05    1.1351223727E+00   -1.2991068325E-01    7.1184402141E+00    5.8668519616E-02
    4.7998000000E-05    1.1276058285E+00   -1.3589254447E-01    7.1870236400E+00    5.8532800335E-02
    5.1998000000E-05    1.1194829916E+00   -1.4160549819E-01    7.2565400731E+00    5.8407768688E-02
    5.5998000000E-05    1.1107127868E+00   -1.4697233713E-01    7.3270346224E+00    5.8294587564E-02
    5.9998000000E-05    1.1012543633E+00   -1.5191114853E-01    7.3985505559E+00    5.8192933184E-02
    6.3998000000E-05    1.0910694658E+00   -1.5633166329E-01    7.4711289256E+00    5.8101787366E-02
    6.7998000000E-05    1.0801233216E+00   -1.6013581210E-01    7.5448082476E+00    5.8020056705E-02
    7.1998000000E-05    1.0683850573E+00   -1.6321893435E-01    7.6196253396E+00    5.7946734955E-02
    7.5998000000E-05    1.0558284555E+00   -1.6547018576E-01    7.6956165432E+00    5.7880780464E-02
    7.9998000000E-05    1.0424329799E+00   -1.6677299966E-01    7.7728176725E+00    5.7821039539E-02
    8.3998000000E-05    1.0281856368E+00   -1.6700541137E-01    7.8512622007E+00    5.7766384091E-02
    8.7998000000E-05    1.0130845061E+00   -1.6604014826E-01    7.9309782762E+00    5.7715967567E-02
    9.1998000000E-05    9.9714421625E-01   -1.6374525464E-01    8.0119857110E+00    5.7669385751E-02
    9.5998000000E-05    9.8040320785E-01   -1.5998591951E-01    8.0942943939E+00    5.7626617498E-02
    9.9998000000E-05    9.6293204268E-01   -1.5462796021E-01    8.1779053001E+00    5.7587783913E-02
    1.0399800000E-04    9.4484098394E-01   -1.4754349626E-01    8.2628142891E+00    5.7552860958E-02
    1.0799800000E-04    9.2628443245E-01   -1.3861891584E-01    8.3490176274E+00    5.7521480004E-02
    1.1199800000E-04    9.0746020983E-01   -1.2776426797E-01    8.4365171364E+00    5.7492900438E-02
    1.1599800000E-04    8.8860310444E-01   -1.1492234896E-01    8.5253225849E+00    5.7466168045E-02
    1.1999800000E-04    8.6997374718E-01   -1.0007566692E-01    8.6154497891E+00    5.7440389844E-02
    1.2399800000E-04    8.5184506881E-01   -8.3250073566E-02    8.7069147482E+00    5.7414986015E-02
    1.2799800000E-04    8.3448896382E-01   -6.4514684468E-02    8.7997261329E+00    5.7389768375E-02
    1.3199800000E-04    8.1816546859E-01   -4.3978380402E-02    8.8938792506E+00    5.7364777249E-02
    1.3599800000E-04    8.0311618234E-01   -2.1783631919E-02    8.9893534640E+00    5.7339967681E-02
    1.3999800000E-04    7.8956354973E-01    1.9013077424E-03    9.0861124977E+00    5.7314978048E-02
    1.4399800000E-04    7.7771598633E-01    2.6889934127E-02    9.1841045393E+00    5.7289209757E-02
    1.4799800000E-04    7.6777458785E-01    5.2982164182E-02    9.2832586304E+00    5.7262245044E-02
    1.5199800000E-04    7.5993526532E-01    7.9964979656E-02    9.3834767932E+00    5.7234350455E-02
    1.5599800000E-04    7.5438199242E-01    1.0761036812E-01    9.4846255459E+00    5.7206686091E-02
    1.5999800000E-04    7.5127223995E-01    1.3567373492E-01    9.5865324163E+00    5.7181016075E-02
    1.6399800000E-04    7.5072130836E-01    1.6389558060E-01    9.6889906252E+00    5.7159087971E-02
    1.6799800000E-04    7.5279290385E-01    1.9200670632E-01    9.7917699398E+00    5.7142087977E-02
    1.7199800000E-04    7.5749811547E-01    2.1973475292E-01    9.8946283036E+00    5.7130462424E-02
    1.7599800000E-04    7.6479961708E-01    2.4680959365E-01    9.9973200279E+00    5.7124078509E-02
    1.7999800000E-04    7.7461691119E-01    2.7296668841E-01    1.0099600426E+01    5.7122497056E-02
    1.8399800000E-04    7.8683059348E-01    2.9794923010E-01    1.0201229978E+01    5.7125153254E-02
    1.8799800000E-04    8.0128605184E-01    3.2151051092E-01    1.0301980987E+01    5.7131375218E-02
    1.9199800000E-04    8.1779821968E-01    3.4341721423E-01    1.0401646613E+01    5.7140302467E-02
    1.9599800000E-04    8.3615861712E-01    3.6345298673E-01    1.0500049088E+01    5.7150837790E-02
    1.9999800000E-04    8.5614421233E-01    3.8142078886E-01    1.0597043617E+01    5.7161726828E-02
    2.0399800000E-04    8.7752565492E-01    3.9714297571E-01    1.0692517210E+01    5.7171728739E-02
    2.0799800000E-04    9.0007183893E-01    4.1045957878E-01    1.0786384629E+01    5.7179741280E-02
    2.1199800000E-04    9.2354944309E-01    4.2122658736E-01    1.0878584259E+01    5.7184774554E-02
    2.1599800000E-04    9.4771886483E-01    4.2931615383E-01    1.0969075077E+01    5.7185789737E-02
    2.1999800000E-04    9.7232976130E-01    4.3461971833E-01    1.1057834047E+01    5.7181514856E-02
    2.2399800000E-04    9.9711942288E-01    4.3705383410E-01    1.1144852724E+01    5.7170359460E-02
    2.2799800000E-04    1.0218159402E+00    4.3656747993E-01    1.1230132718E+01    5.7150504195E-02
    2.3199800000E-04    1.0461463223E+00    4.3314899771E-01    1.1313681045E+01    5.7120179698E-02
    2.3599800000E-04    1.0698479255E+00    4.2683057214E-01    1.1395507305E+01    5.7078060458E-02
    2.3999800000E-04    1.0926804380E+00    4.1768837153E-01    1.1475624164E+01    5.7023586451E-02
    2.4399800000E-04    1.1144359354E+00    4.0583663443E-01    1.1554050571E+01    5.6956997051E-02
    2.4799800000E-04    1.1349452721E+00    3.9141507385E-01    1.1630814850E+01    5.6879029300E-02
    2.5199800000E-04    1.1540787111E+00    3.7457430325E-01    1.1705955327E+01    5.6790493905E-02
    2.5599800000E-04    1.1717415566E+00    3.5546517865E-01    1.1779518202E+01    5.6692041008E-02
    2.5999800000E-04    1.1878685748E+00    3.3423287034E-01    1.1851553887E+01    5.6584246676E-02
    2.6399800000E-04    1.2024199029E+00    3.1101348375E-01    1.1922113650E+01    5.6467867846E-02
    2.6799800000E-04    1.2153779971E+00    2.8593521766E-01    1.1991248767E+01    5.6344014637E-02
    2.7199800000E-04    1.2267456739E+00    2.5912379962E-01    1.2059012101E+01    5.6214163683E-02
    2.7599800000E-04    1.2365456082E+00    2.3070738351E-01    1.2125460069E+01    5.6080183884E-02
    2.7999800000E-04    1.2448199600E+00    2.0082016859E-01    1.2190655143E+01    5.5944610046E-02
    2.8399800000E-04    1.2516284347E+00    1.6960925754E-01    1.2254671979E+01    5.5811196216E-02
    2.8799800000E-04    1.2570445133E+00    1.3724219820E-01    1.2317607653E+01    5.5685444698E-02
    2.9199800000E-04    1.2611494055E+00    1.0390969999E-01    1.2379593057E+01    5.5574618935E-02
    2.9599800000E-04    1.2640231150E+00    6.9826910631E-02    1.2440803004E+01    5.5486935919E-02
    2.9999800000E-04    1.2657339331E+00    3.5230490658E-02    1.2501459254E+01    5.5430081469E-02
    3.0399800000E-04    1.2663282913E+00    3.7096488598E-04    1.2561822813E+01    5.5409547544E-02
    3.0799800000E-04    1.2658232108E+00   -3.4494985304E-02    1.2622177123E+01    5.5427366453E-02
    3.1199800000E-04    1.2642033931E+00   -6.9110654393E-02    1.2682806158E+01    5.5481636138E-02
    3.1599800000E-04    1.2614237892E+00   -1.0322535299E-01    1.2743972420E+01    5.5566965336E-02
    3.1999800000E-04    1.2574168976E+00   -1.3660199861E-01    1.2805899781E+01    5.5675713047E-02
    3.2399800000E-04    1.2521027962E+00   -1.6902485723E-01    1.2868765252E+01    5.5799639752E-02
    3.2799800000E-04    1.2453996614E+00   -2.0030276399E-01    1.2932701496E+01    5.5931406793E-02
    3.3199800000E-04    1.2372328641E+00   -2.3026767479E-01    1.2997806813E+01    5.6065421222E-02
    3.3599800000E-04    1.2275411926E+00   -2.5877223617E-01    1.3064156507E+01    5.6197861310E-02
    3.3999800000E-04    1.2162806942E+00   -2.8568270099E-01    1.3131813183E+01    5.6326162763E-02
    3.4399800000E-04    1.2034267442E+00   -3.1087161161E-01    1.3200833225E+01    5.6448454033E-02
    3.4799800000E-04    1.1889745181E+00   -3.3421391710E-01    1.3271269464E+01    5.6563262409E-02
    3.5199800000E-04    1.1729393618E+00   -3.5558248446E-01    1.3343173060E+01    5.6669478997E-02
    3.5599800000E-04    1.1553586107E+00   -3.7484255028E-01    1.3416595186E+01    5.6766352551E-02
    3.5999800000E-04    1.1362946201E+00   -3.9185001546E-01    1.3491586469E+01    5.6853328708E-02
    3.6399800000E-04    1.1158388142E+00   -4.0645449202E-01    1.3568193774E+01    5.6929792563E-02
    3.6799800000E-04    1.0941171854E+00   -4.1850510598E-01    1.3646456473E+01    5.6994961471E-02
    3.7199800000E-04    1.0712950133E+00   -4.2786057867E-01    1.3726404213E+01    5.7048098101E-02
    3.7599800000E-04    1.0475769269E+00   -4.3440341958E-01    1.3808057439E+01    5.7088933614E-02
    3.7999800000E-04    1.0232009117E+00   -4.3805303225E-01    1.3891430334E+01    5.7117991075E-02
    3.8399800000E-04    9.9842818740E-01   -4.3877252590E-01    1.3976534030E+01    5.7136578479E-02
    3.8799800000E-04    9.7353116209E-01   -4.3656902200E-01    1.4063377326E+01    5.7146480902E-02
    3.9199800000E-04    9.4878181615E-01   -4.3148941862E-01    1.4151964054E+01    5.7149561024E-02
    3.9599800000E-04    9.2444326477E-01   -4.2361356039E-01    1.4242288493E+01    5.7147462186E-02
    3.9999800000E-04    9.0076626850E-01   -4.1304688443E-01    1.4334330771E+01    5.7141499166E-02
    4.0399800000E-04    8.7799067570E-01   -3.9991443318E-01    1.4428053405E+01    5.7132731561E-02
    4.0799800000E-04    8.5634987204E-01   -3.8435754307E-01    1.4523398726E+01    5.7122149618E-02
    4.1199800000E-04    8.3607498634E-01   -3.6653351137E-01    1.4620285922E+01    5.7110850036E-02
    4.1599800000E-04    8.1739567524E-01   -3.4661726140E-01    1.4718606857E+01    5.7100080022E-02
    4.1999800000E-04    8.0053615920E-01   -3.2480306548E-01    1.4818221710E+01    5.7091119170E-02
    4.2399800000E-04    7.8570775362E-01   -3.0130455096E-01    1.4918957198E+01    5.7085097652E-02
    4.2799800000E-04    7.7310042411E-01   -2.7635255451E-01    1.5020609773E+01    5.7082895163E-02
    4.3199800000E-04    7.6287525274E-01   -2.5019179093E-01    1.5122953347E+01    5.7085175533E-02
    4.3599800000E-04    7.5515841388E-01   -2.2307764632E-01    1.5225748342E+01    5.7092478173E-02
    4.3999800000E-04    7.5003636538E-01   -1.9527366557E-01    1.5328748781E+01    5.7105234277E-02
    4.4399800000E-04    7.4755147913E-01   -1.6704921055E-01    1.5431706916E+01    5.7123627120E-02
    4.4799800000E-04    7.4769751250E-01   -1.3867610477E-01    1.5534377896E+01    5.7147330316E-02
    4.5199800000E-04    7.5041583826E-01   -1.1042341652E-01    1.5636527577E+01    5.7175298254E-02
    4.5599800000E-04    7.5559575652E-01   -8.2550952309E-02    1.5737943910E+01    5.7205852218E-02
    4.5999800000E-04    7.6308257709E-01   -5.5303690361E-02    1.5838448290E+01    5.7237158062E-02
    4.6399800000E-04    7.7269279723E-01   -2.8909552053E-02    1.5937901391E+01    5.7267867282E-02
    4.6799800000E-04    7.8422972815E-01   -3.5807421850E-03    1.6036200733E+01    5.7297504102E-02
    4.7199800000E-04    7.9749205041E-01    2.0483884978E-02    1.6133272442E+01    5.7326356408E-02
    4.7599800000E-04    8.1227301649E-01    4.3098785579E-02    1.6229062852E+01    5.7355007257E-02
    4.7999800000E-04    8.2835408929E-01    6.4095682330E-02    1.6323534144E+01    5.7383877465E-02
    4.8399800000E-04    8.4549936071E-01    8.3330560128E-02    1.6416664076E+01    5.7413074935E-02
    4.8799800000E-04    8.6345555687E-01    1.0069106589E-01    1.6508446454E+01    5.7442577274E-02
    4.9199800000E-04    8.8195786907E-01    1.1610232509E-01    1.6598889007E+01    5.7472543416E-02
    4.9599800000E-04    9.0073967077E-01    1.2953037704E-01    1.6688007740E+01    5.7503507918E-02
    4.9999800000E-04    9.1954468337E-01    1.4098260704E-01    1.6775819413E+01    5.7536336286E-02
    5.0399800000E-04    9.3813968408E-01    1.5050487371E-01    1.6862335191E+01    5.7571986489E-02
    5.0799800000E-04    9.5632538186E-01    1.5817556791E-01    1.6947558023E+01    5.7611223134E-02
    5.1199800000E-04    9.7394318365E-01    1.6409760383E-01    1.7031484425E+01    5.7654435531E-02
    5.1599800000E-04    9.9087656448E-01    1.6838995505E-01    1.7114109420E+01    5.7701646903E-02
    5.1999800000E-04    1.0070473942E+00    1.7118031150E-01    1.7195432273E+01    5.7752711848E-02
    5.2399800000E-04    1.0224090444E+00    1.7259970389E-01    1.7275460752E+01    5.7807611422E-02
    5.2799800000E-04    1.0369386248E+00    1.7277905700E-01    1.7354212619E+01    5.7866693668E-02
    5.3199800000E-04    1.0506301850E+00    1.7184714339E-01    1.7431714365E+01    5.7930720126E-02
    5.3599800000E-04    1.0634896500E+00    1.6992950687E-01    1.7507998301E+01    5.8000701250E-02
    5.3999800000E-04    1.0755316689E+00    1.6714766157E-01    1.7583099539E+01    5.8077672833E-02
    5.4399800000E-04    1.0867779436E+00    1.6361808222E-01    1.7657054150E+01    5.8162622320E-02
    5.4799800000E-04    1.0972561205E+00    1.5945141530E-01    1.7729899213E+01    5.8256614037E-02
    5.5199800000E-04    1.1069991796E+00    1.5475112602E-01    1.7801673802E+01    5.8360891749E-02
    5.5599800000E-04    1.1160449568E+00    1.4961146708E-01    1.7872419421E+01    5.8476616022E-02
    5.5999800000E-04    1.1244345462E+00    1.4411770030E-01    1.7942179645E+01    5.8604126371E-02
    5.6399800000E-04    1.1322093691E+00    1.3835054533E-01    1.8010999715E+01    5.8742126711E-02
    5.6799800000E-04    1.1394095389E+00    1.3238695135E-01    1.8078925045E+01    5.8887526140E-02
    5.7199800000E-04    1.1460721064E+00    1.2629894650E-01    1.8146001303E+01    5.9036295055E-02
    5.7599800000E-04    1.1522283758E+00    1.2015394369E-01    1.8212277974E+01    5.9184792805E-02
    5.7999800000E-04    1.1579020803E+00    1.1401088200E-01    1.8277811547E+01    5.9330444997E-02
    5.8399800000E-04    1.1631073414E+00    1.0791860870E-01    1.8342667092E+01    5.9471188478E-02
    5.8799800000E-04    1.1678475307E+00    1.0191482827E-01    1.8406915578E+01    5.9604566633E-02
    5.9199800000E-04    1.1721155134E+00    9.6025805194E-02    1.8470628453E+01    5.9727934229E-02
    5.9599800000E-04    1.1758958101E+00    9.0266830428E-02    1.8533873623E+01    5.9839920298E-02
    5.9999800000E-04    1.1791698119E+00    8.4630859903E-02    1.8596711755E+01    5.9941572198E-02
    6.0399800000E-04    1.1819211614E+00    7.9082232654E-02    1.8659198302E+01    6.0035622616E-02
    6.0799800000E-04    1.1841401047E+00    7.3563164145E-02    1.8721390075E+01    6.0124337299E-02
    6.1199800000E-04    1.1858268425E+00    6.7997938451E-02    1.8783347248E+01    6.0207743179E-02
    6.1599800000E-04    1.1869926556E+00    6.2298518305E-02    1.8845130939E+01    6.0283145850E-02
    6.1999800000E-04    1.1876586966E+00    5.6377677855E-02    1.8906800387E+01    6.0345646857E-02
    6.2399800000E-04    1.1878531034E+00    5.0164156562E-02    1.8968411587E+01    6.0389502013E-02
    6.2799800000E-04    1.1876068197E+00    4.3614430206E-02    1.9030019205E+01    6.0410394715E-02
    6.3199800000E-04    1.1869488517E+00    3.6717748684E-02    1.9091681835E+01    6.0407659897E-02
    6.3599800000E-04    1.1859020661E+00    2.9491819450E-02    1.9153466950E+01    6.0384630483E-02
    6.3999800000E-04    1.1844803616E+00    2.1972934903E-02    1.9215452000E+01    6.0346581915E-02
    6.4399800000E-04    1.1826875342E+00    1.4207238953E-02    1.9277720959E+01    6.0298018976E-02
    6.4799800000E-04    1.1805177913E+00    6.2466575197E-03    1.9340358532E+01    6.0241461958E-02
    6.5199800000E-04    1.1779575536E+00   -1.8519106524E-03    1.9403445082E+01    6.0178148955E-02
    6.5599800000E-04    1.1749878408E+00   -1.0027476678E-02    1.9467054110E+01    6.0109386333E-02
    6.5999800000E-04    1.1715866187E+00   -1.8216469395E-02    1.9531252616E+01    6.0037218197E-02
    6.6399800000E-04    1.1677306519E+00   -2.6354338186E-02    1.9596102995E+01    5.9964150636E-02
    6.6799800000E-04    1.1633964498E+00   -3.4377320066E-02    1.9661664520E+01    5.9892529575E-02
    6.7199800000E-04    1.1585599591E+00   -4.2224950701E-02    1.9727993213E+01    5.9824200906E-02
    6.7599800000E-04    1.1531954715E+00   -4.9841688946E-02    1.9795140918E+01    5.9760591845E-02
    6.7999800000E-04    1.1472744921E+00   -5.7176641242E-02    1.9863154808E+01    5.9702933034E-02
    6.8399800000E-04    1.1407645575E+00   -6.4182997421E-02    1.9932077495E+01    5.9652306558E-02
    6.8799800000E-04    1.1336278915E+00   -7.0817755391E-02    2.0001947763E+01    5.9609472398E-02
    6.9199800000E-04    1.1258201773E+00   -7.7040703064E-02    2.0072801963E+01    5.9574681553E-02
    6.9599800000E-04    1.1172900859E+00   -8.2811329680E-02    2.0144676006E+01    5.9547688640E-02
    6.9999800000E-04    1.1079798160E+00   -8.8084061349E-02    2.0217607324E+01    5.9527959888E-02
    7.0399800000E-04    1.0978267330E+00   -9.2802731351E-02    2.0291636097E+01    5.9514885373E-02
    7.0799800000E-04    1.0867662866E+00   -9.6894902101E-02    2.0366805241E+01    5.9507845354E-02
    7.1199800000E-04    1.0747364448E+00   -1.0026652209E-01    2.0443158958E+01    5.9506176767E-02
    7.1599800000E-04    1.0616837717E+00   -1.0279767228E-01    2.0520740089E+01    5.9509189715E-02
    7.1999800000E-04    1.0475710444E+00   -1.0434057195E-01    2.0599586869E+01    5.9516282613E-02
    7.2399800000E-04    1.0323861675E+00   -1.0472099582E-01    2.0679729782E+01    5.9527042984E-02
    7.2799800000E-04    1.0161521819E+00   -1.0374368330E-01    2.0761189281E+01    5.9541190320E-02
    7.3199800000E-04    9.9893798429E-01   -1.0120173037E-01    2.0843975155E+01    5.9558340680E-02
    7.3599800000E-04    9.8086846562E-01   -9.6889747790E-02    2.0928088256E+01    5.9577733046E-02
    7.3999800000E-04    9.6213123939E-01   -9.0620345354E-02    2.1013524601E+01    5.9598133451E-02
    7.4399800000E-04    9.4297615602E-01   -8.2242497427E-02    2.1100280457E+01    5.9618056514E-02
    7.4799800000E-04    9.2370494709E-01   -7.1658656767E-02    2.1188355796E+01    5.9636234425E-02
    7.5199800000E-04    9.0465176206E-01   -5.8836521276E-02    2.1277753791E+01    5.9652067931E-02
    7.5599800000E-04    8.8615909967E-01   -4.3812456562E-02    2.1368476183E+01    5.9665787430E-02
    7.5999800000E-04    8.6855540416E-01   -2.6686290681E-02    2.1460516963E+01    5.9678232134E-02
    7.6399800000E-04    8.5213970182E-01   -7.6098114873E-03    2.1553857590E+01    5.9690357755E-02
    7.6799800000E-04    8.3717584643E-01    1.3227360136E-02    2.1648465218E+01    5.9702704112E-02
    7.7199800000E-04    8.2389528506E-01    3.5610818919E-02    2.1744292437E+01    5.9715091091E-02
    7.7599800000E-04    8.1250413062E-01    5.9310656109E-02    2.1841275535E+01    5.9726736764E-02
    7.7999800000E-04    8.0318904247E-01    8.4086030745E-02    2.1939329456E+01    5.9736773078E-02
    7.8399800000E-04    7.9611763095E-01    1.0968606724E-01    2.2038340868E+01    5.9744866841E-02
    7.8799800000E-04    7.9143250931E-01    1.3584952133E-01    2.2138163355E+01    5.9751543167E-02
    7.9199800000E-04    7.8924194880E-01    1.6230567315E-01    2.2238618447E+01    5.9757988203E-02
    7.9599800000E-04    7.8961190370E-01    1.8877747372E-01    2.2339502730E+01    5.9765471723E-02
    7.9999800000E-04    7.9256281746E-01    2.1498611744E-01    2.2440597612E+01    5.9774781753E-02
    8.0399800000E-04    7.9807133509E-01    2.4065532039E-01    2.2541677382E+01    5.9785994782E-02
    8.0799800000E-04    8.0607441769E-01    2.6551421036E-01    2.2642513885E+01    5.9798611370E-02
    8.1199800000E-04    8.1647319270E-01    2.8929913612E-01    2.2742879631E+01    5.9811844009E-02
    8.1599800000E-04    8.2913579569E-01    3.1175553972E-01    2.2842552355E+01    5.9824823127E-02
    8.1999800000E-04    8.4390035136E-01    3.3264062873E-01    2.2941322167E+01    5.9836641784E-02
    8.2399800000E-04    8.6057934323E-01    3.5172649302E-01    2.3038999560E+01    5.9846320126E-02
    8.2799800000E-04    8.7896521300E-01    3.6880261757E-01    2.3135421418E+01    5.9852803194E-02
    8.3199800000E-04    8.9883576781E-01    3.8367698063E-01    2.3230453435E+01    5.9855019461E-02
    8.3599800000E-04    9.1995792561E-01    3.9617579786E-01    2.3323989345E+01    5.9851939740E-02
    8.3999800000E-04    9.4208921346E-01    4.0614288329E-01    2.3415948386E+01    5.9842571898E-02
    8.4399800000E-04    9.6497752369E-01    4.1344009166E-01    2.3506272080E+01    5.9825884008E-02
    8.4799800000E-04    9.8836055017E-01    4.1795011453E-01    2.3594920555E+01    5.9800702717E-02
    8.5199800000E-04    1.0119668109E+00    4.1958201113E-01    2.3681868226E+01    5.9765661341E-02
    8.5599800000E-04    1.0355198299E+00    4.1827864504E-01    2.3767099085E+01    5.9719280760E-02
    8.5999800000E-04    1.0587458488E+00    4.1402418415E-01    2.3850602828E+01    5.9660231660E-02
    8.6399800000E-04    1.0813840115E+00    4.0684918899E-01    2.3932373582E+01    5.9587708912E-02
    8.6799800000E-04    1.1031973354E+00    3.9683009074E-01    2.4012411874E+01    5.9501702591E-02
    8.7199800000E-04    1.1239822086E+00    3.8408062448E-01    2.4090728207E+01    5.9402946346E-02
    8.7599800000E-04    1.1435726779E+00    3.6873897438E-01    2.4167345823E+01    5.9292552676E-02
    8.7999800000E-04    1.1618393186E+00    3.5095550714E-01    2.4242300566E+01    5.9171618596E-02
    8.8399800000E-04    1.1786857048E+00    3.3088247667E-01    2.4315637467E+01    5.9041099767E-02
    8.8799800000E-04    1.1940445992E+00    3.0866659086E-01    2.4387406121E+01    5.8901981534E-02
    8.9199800000E-04    1.2078741502E+00    2.8444782223E-01    2.4457658147E+01    5.8755523111E-02
    8.9599800000E-04    1.2201552950E+00    2.5836297798E-01    2.4526447298E+01    5.8603361939E-02
    8.9999800000E-04    1.2308910216E+00    2.3054861015E-01    2.4593830266E+01    5.8447505177E-02
    9.0399800000E-04    1.2401057329E+00    2.0114558506E-01    2.4659868751E+01    5.8290456758E-02
    9.0799800000E-04    1.2478437625E+00    1.7030772111E-01    2.4724634860E+01    5.8135666058E-02
    9.1199800000E-04    1.2541671362E+00    1.3820662971E-01    2.4788218895E+01    5.7988133905E-02
    9.1599800000E-04    1.2591507066E+00    1.0503492054E-01    2.4850740223E+01    5.7854684622E-02
    9.1999800000E-04    1.2628740500E+00    7.1009655538E-02    2.4912359250E+01    5.7743426696E-02
    9.2399800000E-04    1.2654111090E+00    3.6370008609E-02    2.4973283554E+01    5.7662348520E-02
    9.2799800000E-04    1.2668189916E+00    1.3696048550E-03    2.5033763780E+01    5.7617539554E-02
    9.3199800000E-04    1.2671282412E+00   -3.3731770632E-02    2.5094079542E+01    5.7611742919E-02
    9.3599800000E-04    1.2663370639E+00   -6.8675041483E-02    2.5154518537E+01    5.7643729179E-02
    9.3999800000E-04    1.2644110051E+00   -1.0320739681E-01    2.5215353979E+01    5.7708601572E-02
    9.4399800000E-04    1.2612880420E+00   -1.3708858618E-01    2.5276825282E+01    5.7798872018E-02
    9.4799800000E-04    1.2568876015E+00   -1.7009805401E-01    2.5339126283E+01    5.7905997917E-02
    9.5199800000E-04    1.2511212503E+00   -2.0204003079E-01    2.5402403584E+01    5.8021945618E-02
    9.5599800000E-04    1.2439027771E+00   -2.3274474669E-01    2.5466763850E+01    5.8140298454E-02
    9.5999800001E-04    1.2351560751E+00   -2.6206539029E-01    2.5532285865E+01    5.8256600375E-02
    9.6399800001E-04    1.2248205311E+00   -2.8987081115E-01    2.5599032678E+01    5.8368007069E-02
    9.6799800001E-04    1.2128538656E+00   -3.1603927308E-01    2.5667059438E+01    5.8472649627E-02
    9.7199800001E-04    1.1992328340E+00   -3.4045438659E-01    2.5736416949E+01    5.8569149927E-02
    9.7599800001E-04    1.1839532378E+00   -3.6300013408E-01    2.5807153914E+01    5.8656461357E-02
    9.7999800001E-04    1.1670304487E+00   -3.8355550867E-01    2.5879319014E+01    5.8733890066E-02
    9.8399800001E-04    1.1485013659E+00   -4.0199025284E-01    2.5952962112E+01    5.8801044147E-02
    9.8799800001E-04    1.1284279943E+00   -4.1816404903E-01    2.6028133026E+01    5.8857612146E-02
    9.9199800001E-04    1.1069028301E+00   -4.3192933889E-01    2.6104878226E+01    5.8903126656E-02
    9.9599800001E-04    1.0840552829E+00   -4.4313788741E-01    2.6183237671E+01    5.8936977286E-02
    9.9999800001E-04    1.0600564532E+00   -4.5165137793E-01    2.6263244150E+01    5.8958763374E-02
    1.0039980000E-03    1.0351187285E+00   -4.5735457463E-01    2.6344925624E+01    5.8968768558E-02
    1.0079980000E-03    1.0094881681E+00   -4.6016748005E-01    2.6428308640E+01    5.8968208947E-02
    1.0119980000E-03    9.8343113553E-01   -4.6005246394E-01    2.6513420127E+01    5.8959087751E-02
    1.0159980000E-03    9.5721951235E-01   -4.5701452647E-01    2.6600286190E+01    5.8943774437E-02
    1.0199980000E-03    9.3111916789E-01   -4.5109594585E-01    2.6688928316E+01    5.8924547945E-02
    1.0239980000E-03    9.0538429115E-01   -4.4236849583E-01    2.6779358554E+01    5.8903286296E-02
    1.0279980000E-03    8.8025724934E-01   -4.3092653044E-01    2.6871575268E+01    5.8881388195E-02
    1.0319980000E-03    8.5597165178E-01   -4.1688287241E-01    2.6965560181E+01    5.8859927539E-02
    1.0359980000E-03    8.3275620190E-01   -4.0036757622E-01    2.7061276219E+01    5.8839941188E-02
    1.0399980000E-03    8.1083803876E-01   -3.8152840025E-01    2.7158664624E+01    5.8822665043E-02
    1.0439980000E-03    7.9044504045E-01   -3.6053172677E-01    2.7257640095E+01    5.8809556368E-02
    1.0479980000E-03    7.7180611568E-01   -3.3756323705E-01    2.7358084504E+01    5.8802094589E-02
    1.0519980000E-03    7.5514771954E-01   -3.1282800541E-01    2.7459841962E+01    5.8801514257E-02
    1.0559980000E-03    7.4068543004E-01   -2.8654959408E-01    2.7562718533E+01    5.8808636869E-02
    1.0599980000E-03    7.2861162076E-01   -2.5896780275E-01    2.7666487544E+01    5.8823848434E-02
    1.0639980000E-03    7.1908212332E-01   -2.3033525928E-01    2.7770898205E+01    5.8847193349E-02
    1.0679980000E-03    7.1220474510E-01   -2.0091341548E-01    2.7875684382E+01    5.8878576429E-02
    1.0719980000E-03    7.0803123835E-01   -1.7096820920E-01    2.7980572433E+01    5.8918017140E-02
    1.0759980000E-03    7.0655329488E-01   -1.4076512556E-01    2.8085289399E+01    5.8965739206E-02
    1.0799980000E-03    7.0770295781E-01   -1.1056342319E-01    2.8189573113E+01    5.9021881641E-02
    1.0839980000E-03    7.1135792762E-01   -8.0610027868E-02    2.8293184279E+01    5.9085964408E-02
    1.0879980000E-03    7.1735153170E-01   -5.1134378044E-02    2.8395918373E+01    5.9156604186E-02
    1.0919980000E-03    7.2548676730E-01   -2.2345785122E-02    2.8497613613E+01    5.9231857718E-02
    1.0959980000E-03    7.3555168275E-01    5.5660365936E-03    2.8598151707E+01    5.9310013095E-02
    1.0999980000E-03    7.4733169511E-01    3.2428450372E-02    2.8697451366E+01    5.9390251229E-02
    1.1039980000E-03    7.6061606136E-01    5.8083701956E-02    2.8795458537E+01    5.9472753051E-02
    1.1079980000E-03    7.7519956937E-01    8.2388602039E-02    2.8892138250E+01    5.9558295220E-02
    1.1119980000E-03    7.9088280839E-01    1.0521576522E-01    2.8987470227E+01    5.9647693172E-02
    1.1159980000E-03    8.0747200510E-01    1.2645564507E-01    2.9081447166E+01    5.9741426688E-02
    1.1199980000E-03    8.2477891372E-01    1.4601853773E-01    2.9174072986E+01    5.9839556651E-02
    1.1239980000E-03    8.4262252472E-01    1.6383521968E-01    2.9265358791E+01    5.9941839574E-02
    1.1279980000E-03    8.6083249881E-01    1.7985577839E-01    2.9355316739E+01    6.0047896405E-02
    1.1319980000E-03    8.7925031477E-01    1.9404908488E-01    2.9443954818E+01    6.0157367041E-02
    1.1359980000E-03    8.9772768704E-01    2.0640421593E-01    2.9531275138E+01    6.0270050550E-02
    1.1399980000E-03    9.1612532460E-01    2.1693221467E-01    2.9617275688E+01    6.0385994852E-02
    1.1439980000E-03    9.3431176870E-01    2.2566817305E-01    2.9701954232E+01    6.0505419015E-02
    1.1479980000E-03    9.5216197288E-01    2.3267413984E-01    2.9785312384E+01    6.0628400672E-02
    1.1519980000E-03    9.6955837478E-01    2.3804030998E-01    2.9867357538E+01    6.0754485393E-02
    1.1559980000E-03    9.8639463354E-01    2.4188312720E-01    2.9948102635E+01    6.0882569651E-02
    1.1599980000E-03    1.0025795217E+00    2.4434197872E-01    3.0027566026E+01    6.1011327242E-02
    1.1639980000E-03    1.0180417780E+00    2.4557250346E-01    3.0105772076E+01    6.1140053281E-02
    1.1679980000E-03    1.0327348084E+00    2.4573622868E-01    3.0182752071E+01    6.1269340258E-02
    1.1719980000E-03    1.0466371461E+00    2.4499244249E-01    3.0258545318E+01    6.1400925745E-02
    1.1759980000E-03    1.0597495831E+00    2.4349286074E-01    3.0333198120E+01    6.1536611912E-02
    1.1799980000E-03    1.0720904082E+00    2.4137810570E-01    3.0406759646E+01    6.1676970461E-02
    1.1839980000E-03    1.0836883358E+00    2.3877877373E-01    3.0479277909E+01    6.1820920990E-02
    1.1879980000E-03    1.0945772045E+00    2.3581327980E-01    3.0550797102E+01    6.1966711053E-02
    1.1919980000E-03    1.1047911343E+00    2.3258510506E-01    3.0621359646E+01    6.2113490384E-02
    1.1959980000E-03    1.1143597533E+00    2.2918249688E-01    3.0691012536E+01    6.2261960733E-02
    1.1999980000E-03    1.1233080989E+00    2.2566500338E-01    3.0759807947E+01    6.2413563669E-02
    1.2039980000E-03    1.1316509702E+00    2.2207433083E-01    3.0827806545E+01    6.2569133279E-02
    1.2079980000E-03    1.1393917268E+00    2.1844413955E-01    3.0895075294E+01    6.2728398086E-02
    1.2119980000E-03    1.1465312931E+00    2.1477310097E-01    3.0961672059E+01    6.2890274890E-02
    1.2159980000E-03    1.1530709203E+00    2.1103598433E-01    3.1027645996E+01    6.3052754713E-02
    1.2199980000E-03    1.1590193679E+00    2.0718279174E-01    3.1093037949E+01    6.3212815020E-02
    1.2239980000E-03    1.1643988660E+00    2.0313624651E-01    3.1157882720E+01    6.3367542381E-02
    1.2279980000E-03    1.1692461043E+00    1.9880158343E-01    3.1222215104E+01    6.3515844651E-02
    1.2319980000E-03    1.1736090724E+00    1.9407940645E-01    3.1286073564E+01    6.3658567143E-02
    1.2359980000E-03    1.1775394366E+00    1.8888695985E-01    3.1349502454E+01    6.3796708810E-02
    1.2399980000E-03    1.1810832145E+00    1.8317433881E-01    3.1412551606E+01    6.3930290522E-02
    1.2439980000E-03    1.1842726650E+00    1.7693160565E-01    3.1475277073E+01    6.4059206677E-02
    1.2479980000E-03    1.1871224226E+00    1.7018042422E-01    3.1537742061E+01    6.4184138070E-02
    1.2519980000E-03    1.1896301359E+00    1.6295874221E-01    3.1600016649E+01    6.4305756476E-02
    1.2559980000E-03    1.1917801666E+00    1.5530903750E-01    3.1662175144E+01    6.4423335219E-02
    1.2599980000E-03    1.1935486433E+00    1.4727389262E-01    3.1724291934E+01    6.4534637584E-02
    1.2639980000E-03    1.1949087195E+00    1.3889719054E-01    3.1786438325E+01    6.4637117475E-02
    1.2679980000E-03    1.1958351345E+00    1.3022624622E-01    3.1848681616E+01    6.4729123049E-02
    1.2719980000E-03    1.1963074723E+00    1.2131306366E-01    3.1911086377E+01    6.4810219840E-02
    1.2759980000E-03    1.1963117557E+00    1.1221409634E-01    3.1973716564E+01    6.4880809456E-02
    1.2799980000E-03    1.1958402556E+00    1.0298821770E-01    3.2036636976E+01    6.4941671487E-02
    1.2839980000E-03    1.1948898945E+00    9.3693741628E-02    3.2099913600E+01    6.4993791442E-02
    1.2879980000E-03    1.1934599716E+00    8.4385682752E-02    3.2163613170E+01    6.5038408703E-02
    1.2919980000E-03    1.1915496653E+00    7.5113155504E-02    3.2227802142E+01    6.5077044185E-02
    1.2959980000E-03    1.1891555211E+00    6.5916808828E-02    3.2292545264E+01    6.5111384658E-02
    1.2999980000E-03    1.1862690720E+00    5.6826811857E-02    3.2357904067E+01    6.5143116947E-02
    1.3039980000E-03    1.1828747709E+00    4.7862283536E-02    3.2423935739E+01    6.5173894762E-02
    1.3079980000E-03    1.1789484863E+00    3.9032949802E-02    3.2490692919E+01    6.5205485210E-02
    1.3119980000E-03    1.1744568159E+00    3.0343231122E-02    3.2558224669E+01    6.5239898927E-02
    1.3159980000E-03    1.1693573157E+00    2.1798153739E-02    3.2626578290E+01    6.5279229481E-02
    1.3199980000E-03    1.1635997029E+00    1.3410422133E-02    3.2695801073E+01    6.5325175646E-02
    1.3239980000E-03    1.1571281811E+00    5.2082543074E-03    3.2765941215E+01    6.5378586356E-02
    1.3279980000E-03    1.1498849761E+00   -2.7567865345E-03    3.2837047845E+01    6.5439426076E-02
    1.3319980000E-03    1.1418147283E+00   -1.0403788749E-02    3.2909170851E+01    6.5507191357E-02
    1.3359980000E-03    1.1328686373E+00   -1.7620742094E-02    3.2982361084E+01    6.5581412256E-02
    1.3399980000E-03    1.1230068764E+00   -2.4268293168E-02    3.3056670670E+01    6.5661862364E-02
    1.3439980000E-03    1.1121989311E+00   -3.0187194510E-02    3.3132152685E+01    6.5748420633E-02
    1.3479980000E-03    1.1004226567E+00   -3.5206383438E-02    3.3208859506E+01    6.5840812118E-02
    1.3519980000E-03    1.0876631156E+00   -3.9149579038E-02    3.3286839479E+01    6.5938483711E-02
    1.3559980000E-03    1.0739123078E+00   -4.1839540975E-02    3.3366132159E+01    6.6040704025E-02
    1.3599980000E-03    1.0591719570E+00   -4.3099455066E-02    3.3446763098E+01    6.6146772584E-02
    1.3639980000E-03    1.0434628214E+00   -4.2751498267E-02    3.3528739764E+01    6.6256101698E-02
    1.3679980000E-03    1.0268421974E+00   -4.0615408829E-02    3.3612050147E+01    6.6367960718E-02
    1.3719980000E-03    1.0094258243E+00   -3.6512938578E-02    3.3696665396E+01    6.6480907817E-02
    1.3759980000E-03    9.9140800441E-01   -3.0281998249E-02    3.3782547717E+01    6.6592346504E-02
    1.3799980000E-03    9.7307026035E-01   -2.1800290957E-02    3.3869661524E+01    6.6698840840E-02
    1.3839980000E-03    9.5476790655E-01   -1.1011953764E-02    3.3957981528E+01    6.6797282979E-02
    1.3879980000E-03    9.3689528482E-01    2.0551564658E-03    3.4047492809E+01    6.6886121775E-02
    1.3919980000E-03    9.1984480746E-01    1.7290199391E-02    3.4138184064E+01    6.6965747251E-02
    1.3959980000E-03    9.0397436983E-01    3.4515033466E-02    3.4230038840E+01    6.7037888767E-02
    1.3999980000E-03    8.8959035401E-01    5.3505622101E-02    3.4323028713E+01    6.7104564594E-02
    1.4039980000E-03    8.7694598906E-01    7.4011199808E-02    3.4417109114E+01    6.7167209306E-02
    1.4079980000E-03    8.6624823260E-01    9.5767196628E-02    3.4512215970E+01    6.7226339040E-02
    1.4119980000E-03    8.5766569369E-01    1.1850193004E-01    3.4608262041E+01    6.7281774740E-02
    1.4159980000E-03    8.5133412538E-01    1.4193923435E-01    3.4705133895E+01    6.7333156231E-02
    1.4199980000E-03    8.4735780940E-01    1.6579936454E-01    3.4802691215E+01    6.7380359437E-02
    1.4239980000E-03    8.4580712475E-01    1.8980003729E-01    3.4900769434E+01    6.7423559701E-02
    1.4279980000E-03    8.4671527956E-01    2.1365844398E-01    3.4999185015E+01    6.7462981769E-02
    1.4319980000E-03    8.5007790661E-01    2.3709373502E-01    3.5097741355E+01    6.7498600341E-02
    1.4359980000E-03    8.5585687374E-01    2.5982878729E-01    3.5196233443E+01    6.7530027492E-02
    1.4399980000E-03    8.6398415680E-01    2.8159122161E-01    3.5294451271E+01    6.7556610877E-02
    1.4439980000E-03    8.7436244791E-01    3.0211493873E-01    3.5392183742E+01    6.7577594295E-02
    1.4479980000E-03    8.8686384157E-01    3.2114293483E-01    3.5489224500E+01    6.7592195990E-02
    1.4519980000E-03    9.0132960573E-01    3.3843079518E-01    3.5585379063E+01    6.7599580702E-02
    1.4559980000E-03    9.1757251469E-01    3.5374956787E-01    3.5680471357E+01    6.7598800738E-02
    1.4599980000E-03    9.3538086773E-01    3.6688729067E-01    3.5774348060E+01    6.7588786452E-02
    1.4639980000E-03    9.5452240816E-01    3.7764963751E-01    3.5866880415E+01    6.7568403085E-02
    1.4679980000E-03    9.7474710623E-01    3.8586102877E-01    3.5957964001E+01    6.7536523968E-02
    1.4719980000E-03    9.9578924083E-01    3.9136753598E-01    3.6047516882E+01    6.7492051236E-02
    1.4759980000E-03    1.0173704107E+00    3.9404193998E-01    3.6135476155E+01    6.7433868218E-02
    1.4799980000E-03    1.0392050349E+00    3.9379009771E-01    3.6221793024E+01    6.7360809183E-02
    1.4839980000E-03    1.0610082077E+00    3.9055765041E-01    3.6306427706E+01    6.7271790243E-02
    1.4879980000E-03    1.0825049589E+00    3.8433562870E-01    3.6389346490E+01    6.7166154090E-02
    1.4919980000E-03    1.1034401285E+00    3.7516199322E-01    3.6470522564E+01    6.7044058146E-02
    1.4959980000E-03    1.1235869591E+00    3.6311709208E-01    3.6549940065E+01    6.6906594819E-02
    1.4999980000E-03    1.1427516005E+00    3.4831545287E-01    3.6627598826E+01    6.6755501535E-02
    1.5039980000E-03    1.1607744559E+00    3.3089436059E-01    3.6703516006E+01    6.6592680176E-02
    1.5079980000E-03    1.1775293792E+00    3.1100119243E-01    3.6777723280E+01    6.6419903436E-02
    1.5119980000E-03    1.1929205247E+00    2.8878659016E-01    3.6850262667E+01    6.6238879282E-02
    1.5159980000E-03    1.2068796920E+00    2.6440200487E-01    3.6921183126E+01    6.6051498129E-02
    1.5199980000E-03    1.2193652250E+00    2.3799846503E-01    3.6990538372E+01    6.5859995275E-02
    1.5239980000E-03    1.2303606308E+00    2.0973295876E-01    3.7058387984E+01    6.5666991673E-02
    1.5279980000E-03    1.2398744629E+00    1.7977380830E-01    3.7124799584E+01    6.5475631087E-02
    1.5319980000E-03    1.2479399280E+00    1.4830388500E-01    3.7189852692E+01    6.5290033762E-02
    1.5359980000E-03    1.2546122297E+00    1.1552587847E-01    3.7253647220E+01    6.5115898870E-02
    1.5399980000E-03    1.2599632143E+00    8.1662884523E-02    3.7316314222E+01    6.4960665157E-02
    1.5439980000E-03    1.2640720752E+00    4.6960149525E-02    3.7378027588E+01    6.4832684847E-02
    1.5479980000E-03    1.2670134239E+00    1.1682020147E-02    3.7439009137E+01    6.4739486119E-02
    1.5519980000E-03    1.2688446429E+00   -2.3899535149E-02    3.7499521133E+01    6.4685879973E-02
    1.5559980000E-03    1.2695949193E+00   -5.9514920407E-02    3.7559849342E+01    6.4672765758E-02
    1.5599980000E-03    1.2692587644E+00   -9.4903196196E-02    3.7620281196E+01    6.4696994841E-02
    1.5639980000E-03    1.2677954887E+00   -1.2981583294E-01    3.7681084239E+01    6.4752105355E-02
    1.5679980000E-03    1.2651344260E+00   -1.6402063385E-01    3.7742488893E+01    6.4829566556E-02
    1.5719980000E-03    1.2611843005E+00   -1.9730713769E-01    3.7804678418E+01    6.4920250517E-02
    1.5759980000E-03    1.2558444563E+00   -2.2949065452E-01    3.7867788332E+01    6.5015859217E-02
    1.5799980000E-03    1.2490156766E+00   -2.6041254754E-01    3.7931914617E+01    6.5109944316E-02
    1.5839980000E-03    1.2406087674E+00   -2.8993731146E-01    3.7997126375E+01    6.5198210167E-02
    1.5879980000E-03    1.2305500856E+00   -3.1794724084E-01    3.8063477827E+01    6.5278113170E-02
    1.5919980000E-03    1.2187843099E+00   -3.4433571260E-01    3.8131016329E+01    6.5348138221E-02
    1.5959980000E-03    1.2052753424E+00   -3.6900053789E-01    3.8199786276E+01    6.5407223253E-02
    1.5999980000E-03    1.1900061513E+00   -3.9183878504E-01    3.8269830862E+01    6.5454553083E-02
    1.6039980000E-03    1.1729784951E+00   -4.1274285412E-01    3.8341193644E+01    6.5489598173E-02
    1.6079980000E-03    1.1542134909E+00   -4.3159781049E-01    3.8413919735E+01    6.5512123382E-02
    1.6119980000E-03    1.1337542778E+00   -4.4827976956E-01    3.8488055460E+01    6.5522026219E-02
    1.6159980000E-03    1.1116717469E+00   -4.6265572485E-01    3.8563646371E+01    6.5519130087E-02
    1.6199980000E-03    1.0880726578E+00   -4.7458634107E-01    3.8640735317E+01    6.5503196923E-02
    1.6239980000E-03    1.0631070378E+00   -4.8393311315E-01    3.8719362617E+01    6.5474281780E-02
    1.6279980000E-03    1.0369703536E+00   -4.9056943340E-01    3.8799568693E+01    6.5433234418E-02
    1.6319980000E-03    1.0098973758E+00   -4.9439260084E-01    3.8881397319E+01    6.5381975017E-02
    1.6359980000E-03    9.8214842643E-01   -4.9533295583E-01    3.8964897125E+01    6.5323335756E-02
    1.6399980000E-03    9.5399269826E-01   -4.9335748042E-01    3.9050120323E+01    6.5260581013E-02
    1.6439980000E-03    9.2569475632E-01   -4.8846770776E-01    3.9137119166E+01    6.5196861227E-02
    1.6479980000E-03    8.9750769161E-01   -4.8069446442E-01    3.9225941106E+01    6.5134786396E-02
    1.6519980000E-03    8.6967172993E-01   -4.7009298473E-01    3.9316623626E+01    6.5076224102E-02
    1.6559980000E-03    8.4241509356E-01   -4.5674019291E-01    3.9409190045E+01    6.5022386101E-02
    1.6599980000E-03    8.1595712221E-01   -4.4073308041E-01    3.9503648114E+01    6.4974167605E-02
    1.6639980000E-03    7.9051359971E-01   -4.2218762789E-01    3.9599990469E+01    6.4932545356E-02
    1.6679980000E-03    7.6630318715E-01   -4.0123854856E-01    3.9698193266E+01    6.4898781054E-02
    1.6719980000E-03    7.4355336813E-01   -3.7804027208E-01    3.9798209900E+01    6.4874337233E-02
    1.6759980000E-03    7.2250354763E-01   -3.5276915691E-01    3.9899960661E+01    6.4860664516E-02
    1.6799980000E-03    7.0340208647E-01   -3.2562590856E-01    4.0003323017E+01    6.4859066075E-02
    1.6839980000E-03    6.8649458129E-01   -2.9683619028E-01    4.0108126912E+01    6.4870603413E-02
    1.6879980000E-03    6.7200436912E-01   -2.6664750827E-01    4.0214155507E+01    6.4895847150E-02
    1.6919980000E-03    6.6011111085E-01   -2.3532210604E-01    4.0321149395E+01    6.4934575855E-02
    1.6959980000E-03    6.5093452582E-01   -2.0312755741E-01    4.0428814227E+01    6.4985931623E-02
    1.6999980000E-03    6.4452674132E-01   -1.7032740372E-01    4.0536833633E+01    6.5049285177E-02
    1.7039980000E-03    6.4087236925E-01   -1.3717363977E-01    4.0644886893E+01    6.5125215969E-02
    1.7079980000E-03    6.3989357291E-01   -1.0390198343E-01    4.0752666788E+01    6.5215599185E-02
    1.7119980000E-03    6.4145828798E-01   -7.0729906548E-02    4.0859893329E+01    6.5322440245E-02
    1.7159980000E-03    6.4538986841E-01   -3.7856181741E-02    4.0966322929E+01    6.5446246751E-02
    1.7199980000E-03    6.5147764175E-01   -5.4604179516E-03    4.1071755253E+01    6.5585279071E-02
    1.7239980000E-03    6.5949336053E-01    2.6296453891E-02    4.1176038311E+01    6.5736383056E-02
    1.7279980000E-03    6.6921163207E-01    5.7269790398E-02    4.1279068213E+01    6.5896795097E-02
    1.7319980000E-03    6.8042639741E-01    8.7328087358E-02    4.1380781294E+01    6.6065554736E-02
    1.7359980000E-03    6.9296532256E-01    1.1634793043E-01    4.1481140220E+01    6.6243552232E-02
    1.7399980000E-03    7.0669658725E-01    1.4420878926E-01    4.1580117941E+01    6.6432233815E-02
    1.7439980000E-03    7.2152437842E-01    1.7079018532E-01    4.1677685011E+01    6.6631938039E-02
    1.7479980000E-03    7.3738091860E-01    1.9596903477E-01    4.1773804173E+01    6.6841121956E-02
    1.7519980000E-03    7.5420854120E-01    2.1962233347E-01    4.1868435358E+01    6.7057041674E-02
    1.7559980000E-03    7.7194112304E-01    2.4163341163E-01    4.1961548187E+01    6.7277253803E-02
    1.7599980000E-03    7.9049028953E-01    2.6189975560E-01    4.2053133790E+01    6.7500517799E-02
    1.7639980000E-03    8.0973984787E-01    2.8033909838E-01    4.2143207173E+01    6.7726374989E-02
    1.7679980000E-03    8.2954304229E-01    2.9689653077E-01    4.2231799877E+01    6.7954144045E-02
    1.7719980000E-03    8.4973232312E-01    3.1154380051E-01    4.2318946217E+01    6.8182712866E-02
    1.7759980000E-03    8.7012652260E-01    3.2428261380E-01    4.2404675159E+01    6.8411256147E-02
    1.7799980000E-03    8.9054338425E-01    3.3514468815E-01    4.2489009541E+01    6.8640018215E-02
    1.7839980000E-03    9.1080758715E-01    3.4419603802E-01    4.2571972888E+01    6.8870098579E-02
    1.7879980000E-03    9.3075959536E-01    3.5153685177E-01    4.2653595013E+01    6.9102188019E-02
    1.7919980000E-03    9.5025696091E-01    3.5730558108E-01    4.2733915364E+01    6.9335262519E-02
    1.7959980000E-03    9.6918318740E-01    3.6166480773E-01    4.2812977139E+01    6.9566395262E-02
    1.7999980000E-03    9.8744522422E-01    3.6479724398E-01    4.2890825135E+01    6.9791821031E-02
    1.8039980000E-03    1.0049758057E+00    3.6689021723E-01    4.2967503906E+01    7.0008534041E-02
    1.8079980000E-03    1.0217328934E+00    3.6812135846E-01    4.3043060522E+01    7.0215529953E-02
    1.8119980000E-03    1.0376992268E+00    3.6864085055E-01    4.3117547209E+01    7.0414224581E-02
    1.8159980000E-03    1.0528761033E+00    3.6856924063E-01    4.3191024779E+01    7.0607946961E-02
    1.8199980000E-03    1.0672821943E+00    3.6798918885E-01    4.3263557106E+01    7.0800480227E-02
    1.8239980000E-03    1.0809534243E+00    3.6694122944E-01    4.3335200872E+01    7.0994176429E-02
    1.8279980000E-03    1.0939435381E+00    3.6542394935E-01    4.3405996303E+01    7.1189533295E-02
    1.8319980000E-03    1.1063231142E+00    3.6339926031E-01    4.3475967292E+01    7.1387436544E-02
    1.8359980000E-03    1.1181737866E+00    3.6080265560E-01    4.3545133901E+01    7.1591469179E-02
    1.8399980000E-03    1.1295748837E+00    3.5755979520E-01    4.3613528757E+01    7.1805849054E-02
    1.8439980000E-03    1.1405838055E+00    3.5360501338E-01    4.3681202481E+01    7.2030374256E-02
    1.8479980000E-03    1.1512172582E+00    3.4889722436E-01    4.3748215902E+01    7.2259435564E-02
    1.8519980000E-03    1.1614439115E+00    3.4342325011E-01    4.3814629513E+01    7.2486743013E-02
    1.8559980000E-03    1.1711931938E+00    3.3719107992E-01    4.3880500353E+01    7.2709332030E-02
    1.8599980000E-03    1.1803745063E+00    3.3021924899E-01    4.3945883730E+01    7.2926992078E-02
    1.8639980000E-03    1.1888969226E+00    3.2253054337E-01    4.4010834072E+01    7.3139968837E-02
    1.8679980000E-03    1.1966824327E+00    3.1414769430E-01    4.4075402776E+01    7.3348035566E-02
    1.8719980000E-03    1.2036735926E+00    3.0509433531E-01    4.4139636878E+01    7.3550670170E-02
    1.8759980000E-03    1.2098359281E+00    2.9539379632E-01    4.4203578604E+01    7.3747146306E-02
    1.8799980000E-03    1.2151571450E+00    2.8506805438E-01    4.4267266524E+01    7.3936374709E-02
    1.8839980000E-03    1.2196440716E+00    2.7413673494E-01    4.4330737558E+01    7.4116943247E-02
    1.8879980000E-03    1.2233182651E+00    2.6261640408E-01    4.4394029385E+01    7.4287474235E-02
    1.8919980000E-03    1.2262113296E+00    2.5052029499E-01    4.4457183027E+01    7.4447007859E-02
    1.8959980000E-03    1.2283606460E+00    2.3785817078E-01    4.4520245193E+01    7.4595141414E-02
    1.8999980000E-03    1.2298051523E+00    2.2463553715E-01    4.4583269711E+01    7.4731974984E-02
    1.9039980000E-03    1.2305815758E+00    2.1085396252E-01    4.4646318192E+01    7.4858118506E-02
    1.9079980000E-03    1.2307213052E+00    1.9651387231E-01    4.4709460248E+01    7.4974911053E-02
    1.9119980000E-03    1.2302477829E+00    1.8162022602E-01    4.4772773670E+01    7.5084719980E-02
    1.9159980000E-03    1.2291744131E+00    1.6619054919E-01    4.4836344839E+01    7.5190980815E-02
    1.9199980000E-03    1.2275028977E+00    1.5026368642E-01    4.4900268945E+01    7.5297733951E-02
    1.9239980000E-03    1.2252222198E+00    1.3390747658E-01    4.4964648888E+01    7.5408787534E-02
    1.9279980000E-03    1.2223088683E+00    1.1722404528E-01    4.5029591753E+01    7.5526974835E-02
    1.9319980000E-03    1.2187291339E+00    1.0035200207E-01    4.5095203113E+01    7.5653941610E-02
    1.9359980000E-03    1.2144440788E+00    8.3464695754E-02    4.5161581162E+01    7.5790495894E-02
    1.9399980000E-03    1.2094166426E+00    6.6763796321E-02    4.5228813176E+01    7.5937155666E-02
    1.9439980000E-03    1.2036188519E+00    5.0470463897E-02    4.5296975773E+01    7.6094479996E-02
    1.9479980000E-03    1.1970377837E+00    3.4816998904E-02    4.5366137959E+01    7.6263035757E-02
    1.9519980000E-03    1.1896799788E+00    2.0038850495E-02    4.5436364068E+01    7.6443158153E-02
    1.9559980000E-03    1.1815736748E+00    6.3687428413E-03    4.5507715012E+01    7.6634764765E-02
    1.9599980000E-03    1.1727691408E+00   -5.9677096096E-03    4.5580247400E+01    7.6837339207E-02
    1.9639980000E-03    1.1633375268E+00   -1.6760929995E-02    4.5654010360E+01    7.7050035040E-02
    1.9679980000E-03    1.1533673228E+00   -2.5822215014E-02    4.5729042646E+01    7.7271781368E-02
    1.9719980000E-03    1.1429593926E+00   -3.2990058584E-02    4.5805369609E+01    7.7501278138E-02
    1.9759980000E-03    1.1322206673E+00   -3.8136051175E-02    4.5883000706E+01    7.7736920174E-02
    1.9799980000E-03    1.1212569915E+00   -4.1167056822E-02    4.5961928055E+01    7.7976720380E-02
    1.9839980000E-03    1.1101657563E+00   -4.2027711722E-02    4.6042125717E+01    7.8218328625E-02
    1.9879980000E-03    1.0990287313E+00   -4.0697161825E-02    4.6123550325E+01    7.8459174041E-02
    1.9919980000E-03    1.0879054378E+00   -3.7189561813E-02    4.6206142582E+01    7.8696720996E-02
    1.9959980000E-03    1.0768273600E+00   -3.1551568257E-02    4.6289829837E+01    7.8928768183E-02
    1.9999980000E-03    1.0657939866E+00   -2.3865824117E-02    4.6374529833E+01    7.9153607651E-02
