 sig=    1.000000000000000      inputfile=
 /home/rjrj524/Finished/vmec_gc_tracer/revised_251128/nc/wout_pwO_nfp2_A6.nc                                                                                                                             
 dt=   2.0000000000000001E-009
 steps=      1000000
 x0=   5.4800000000000001E-002    3.080000000000000      
    6.410000000000000     
 u=   -188000.0000000000     
 v_perp=    47800.00000000000     
 
time(s)         x0(1)       x0(2)        x0(3)      r
    3.9980000000E-06    1.2298841441E+00    2.6694820987E-01    5.8797188019E+00    5.1420878378E-02
    7.9980000000E-06    1.0792821499E+00    4.4905900908E-01    5.2936273575E+00    4.9278533364E-02
    1.1998000000E-05    8.4698186626E-01    4.5076560600E-01    4.6205162245E+00    5.2439918462E-02
    1.5998000000E-05    6.5111531190E-01    2.6954906046E-01    3.8398888901E+00    5.5164354605E-02
    1.9998000000E-05    6.0118287284E-01   -6.1654342739E-03    2.9814735595E+00    5.2781090709E-02
    2.3998000000E-05    7.0557413128E-01   -2.6228620328E-01    2.1501945082E+00    4.4198748513E-02
    2.7998000000E-05    9.0497633702E-01   -3.9720630525E-01    1.4071073941E+00    3.3218735006E-02
    3.1998000000E-05    1.0927115775E+00   -3.7980479928E-01    7.5133701933E-01    2.3859799032E-02
    3.5998000000E-05    1.2058515232E+00   -2.5403712562E-01    1.6223677928E-01    1.8191745055E-02
    3.9998000000E-05    1.2324055302E+00   -5.1097222877E-02   -3.8608638512E-01    1.5811725285E-02
    4.3998000000E-05    1.1757201458E+00    1.5382840455E-01   -9.5130472985E-01    1.1546227547E-02
    4.7998000000E-05    1.0417975649E+00    2.5676425381E-01   -1.5841935051E+00    6.9607165735E-03
    5.1998000000E-05    8.9519406231E-01    2.0066451921E-01   -2.3021761495E+00    4.5775984024E-03
    5.5998000000E-05    8.3386031736E-01    3.2966410727E-02   -3.0800025138E+00    4.1968100537E-03
    5.9998000000E-05    8.9590465807E-01   -1.3694125794E-01   -3.8555683132E+00    5.2687602000E-03
    6.3998000000E-05    1.0367107349E+00   -2.0103888631E-01   -4.5743349501E+00    8.0581550058E-03
    6.7998000000E-05    1.1616495697E+00   -1.2126814283E-01   -5.2143016674E+00    1.1741741404E-02
    7.1998000000E-05    1.2179279846E+00    4.1430569169E-02   -5.7883085737E+00    1.4729834817E-02
    7.5998000000E-05    1.2043955301E+00    2.0676018341E-01   -6.3418366679E+00    1.7957818043E-02
    7.9998000000E-05    1.1211655939E+00    3.1764782823E-01   -6.9235858398E+00    2.3873331805E-02
    8.3998000000E-05    9.6919639616E-01    3.5602202577E-01   -7.5601850845E+00    3.1435647809E-02
    8.7998000000E-05    7.7894140709E-01    2.6990324720E-01   -8.2762159195E+00    4.0427234067E-02
    9.1998000000E-05    6.4963694278E-01    5.0657649555E-02   -9.0783428970E+00    4.8359555912E-02
    9.5998000000E-05    6.5503538151E-01   -2.1585485289E-01   -9.9286636492E+00    5.2170795270E-02
    9.9998000000E-05    8.1818406860E-01   -4.1709011207E-01   -1.0729462596E+01    5.1242956233E-02
    1.0399800000E-04    1.0457298491E+00   -4.4999228501E-01   -1.1424161422E+01    4.9079498103E-02
    1.0799800000E-04    1.2133682413E+00   -2.9396207177E-01   -1.2025278627E+01    5.1497387672E-02
    1.1199800000E-04    1.2667747953E+00   -5.6527762704E-03   -1.2561592811E+01    5.6463475076E-02
    1.1599800000E-04    1.2164518364E+00    2.8525283714E-01   -1.3096812796E+01    5.1593548732E-02
    1.1999800000E-04    1.0522134336E+00    4.4604471594E-01   -1.3695846616E+01    4.8869744777E-02
    1.2399800000E-04    8.2576550766E-01    4.1862307512E-01   -1.4388119677E+01    5.0834742300E-02
    1.2799800000E-04    6.6095528415E-01    2.2161151746E-01   -1.5186284507E+01    5.1765097753E-02
    1.3199800000E-04    6.5289999004E-01   -4.3001493321E-02   -1.6035230909E+01    4.8132439400E-02
    1.3599800000E-04    7.7996148626E-01   -2.6186284071E-01   -1.6837354431E+01    4.0502605789E-02
    1.3999800000E-04    9.6812778549E-01   -3.4916839824E-01   -1.7554289389E+01    3.1815383138E-02
    1.4399800000E-04    1.1188752324E+00   -3.1274671455E-01   -1.8191793185E+01    2.4386554763E-02
    1.4799800000E-04    1.2018361369E+00   -2.0650031182E-01   -1.8774419905E+01    1.8399032445E-02
    1.5199800000E-04    1.2169257959E+00   -4.7074155700E-02   -1.9328650982E+01    1.5080141203E-02
    1.5599800000E-04    1.1639668755E+00    1.1232191041E-01   -1.9901014495E+01    1.2365594225E-02
    1.5999800000E-04    1.0425961120E+00    1.9502576818E-01   -2.0537543096E+01    8.8890977844E-03
    1.6399800000E-04    9.0006236476E-01    1.3689523233E-01   -2.1252702767E+01    6.0997483703E-03
    1.6799800000E-04    8.3136510998E-01   -3.0873931939E-02   -2.2026811071E+01    4.8674342386E-03
    1.7199800000E-04    8.8705465794E-01   -2.0216067686E-01   -2.2806964693E+01    4.9997955643E-03
    1.7599800000E-04    1.0330966305E+00   -2.6562380709E-01   -2.3528930919E+01    7.0737171896E-03
    1.7999800000E-04    1.1714847920E+00   -1.6837260899E-01   -2.4165019861E+01    1.1563144035E-02
    1.8399800000E-04    1.2329811675E+00    3.8027499684E-02   -2.4731529956E+01    1.6045719581E-02
    1.8799800000E-04    1.2098559933E+00    2.4820230034E-01   -2.5278025396E+01    1.8185990746E-02
    1.9199800000E-04    1.0980461397E+00    3.8152158081E-01   -2.5864599238E+01    2.3524887598E-02
    1.9599800000E-04    9.0962071940E-01    4.0366177447E-01   -2.6518095926E+01    3.2791752812E-02
    1.9999800000E-04    7.0729925831E-01    2.7223962248E-01   -2.7259062769E+01    4.3803074245E-02
    2.0399800000E-04    5.9893116324E-01    1.6641652533E-02   -2.8089564333E+01    5.2493891533E-02
    2.0799800000E-04    6.4464353570E-01   -2.6118779956E-01   -2.8949594623E+01    5.4902250815E-02
    2.1199800000E-04    8.3806407644E-01   -4.4777294573E-01   -2.9733516869E+01    5.2052769689E-02
    2.1599800000E-04    1.0715846410E+00   -4.5285417045E-01   -3.0409677708E+01    4.8575008692E-02
    2.1999800000E-04    1.2262206804E+00   -2.7664385477E-01   -3.0998334639E+01    5.0299942192E-02
    2.2399800000E-04    1.2647946856E+00    1.8560407902E-02   -3.1530060192E+01    5.3820871794E-02
    2.2799800000E-04    1.1998025194E+00    2.9626178314E-01   -3.2072175641E+01    4.7952802060E-02
    2.3199800000E-04    1.0260594073E+00    4.3297171603E-01   -3.2685440696E+01    4.4962770147E-02
    2.3599800000E-04    8.1246116239E-01    3.7851692502E-01   -3.3396510913E+01    4.6151883079E-02
    2.3999800000E-04    6.8399060573E-01    1.7227695031E-01   -3.4204951218E+01    4.6205102211E-02
    2.4399800000E-04    7.1578331990E-01   -7.3800498660E-02   -3.5036063700E+01    4.2760582475E-02
    2.4799800000E-04    8.6212271557E-01   -2.4695865335E-01   -3.5807763955E+01    3.6974381777E-02
    2.5199800000E-04    1.0318586853E+00   -2.8376760752E-01   -3.6498196558E+01    3.0833383906E-02
    2.5599800000E-04    1.1470417027E+00   -2.2675047545E-01   -3.7115140532E+01    2.4677788517E-02
    2.5999800000E-04    1.2016795080E+00   -1.2580796907E-01   -3.7685642164E+01    1.9384435619E-02
    2.6399800000E-04    1.1980179085E+00    6.2752663291E-03   -3.8238760724E+01    1.7610264604E-02
    2.6799800000E-04    1.1371929748E+00    1.2617951312E-01   -3.8817438800E+01    1.7925643457E-02
    2.7199800000E-04    1.0130175689E+00    1.7932941021E-01   -3.9461397011E+01    1.7243088674E-02
    2.7599800000E-04    8.6127770492E-01    1.0283297185E-01   -4.0184026575E+01    1.6227203770E-02
    2.7999800000E-04    7.8831382529E-01   -8.3126575773E-02   -4.0970478923E+01    1.5705476196E-02
    2.8399800000E-04    8.5551005942E-01   -2.6774634279E-01   -4.1763107648E+01    1.5114606159E-02
    2.8799800000E-04    1.0217298323E+00   -3.3428540496E-01   -4.2487127268E+01    1.5603113152E-02
    2.9199800000E-04    1.1773888673E+00   -2.2612301936E-01   -4.3116908400E+01    1.9609673651E-02
    2.9599800000E-04    1.2455147538E+00    1.1552353172E-02   -4.3673414105E+01    2.4923770616E-02
    2.9999800000E-04    1.2182089467E+00    2.6388912622E-01   -4.4211325042E+01    2.5199098674E-02
    3.0399800000E-04    1.0857939137E+00    4.2427606447E-01   -4.4795996621E+01    2.8650170161E-02
    3.0799800000E-04    8.6923216571E-01    4.3820360422E-01   -4.5457171624E+01    3.7601383176E-02
    3.1199800000E-04    6.5950605740E-01    2.7742387029E-01   -4.6214636658E+01    4.7878513290E-02
    3.1599800000E-04    5.6858248568E-01    1.7595753612E-04   -4.7064765483E+01    5.4007067059E-02
    3.1999800000E-04    6.4222733671E-01   -2.8270336085E-01   -4.7925176367E+01    5.2947419448E-02
    3.2399800000E-04    8.5151364550E-01   -4.5748430354E-01   -4.8694794462E+01    4.6927659046E-02
    3.2799800000E-04    1.0834441810E+00   -4.4708445990E-01   -4.9360085221E+01    4.1203943556E-02
    3.3199800000E-04    1.2280123005E+00   -2.6664087800E-01   -4.9943048195E+01    4.1156115834E-02
    3.3599800000E-04    1.2581588917E+00    2.0244037297E-02   -5.0474937845E+01    4.3067313893E-02
    3.3999800000E-04    1.1860578511E+00    2.8219224112E-01   -5.1023678303E+01    3.7088871177E-02
    3.4399800000E-04    1.0136281563E+00    4.0136242916E-01   -5.1647458415E+01    3.3879266499E-02
    3.4799800000E-04    8.1914590385E-01    3.3317708005E-01   -5.2370065912E+01    3.4530034667E-02
    3.5199800000E-04    7.2324556520E-01    1.3017498893E-01   -5.3177160193E+01    3.4680849185E-02
    3.5599800000E-04    7.8241865764E-01   -9.0613838880E-02   -5.3987925510E+01    3.2718432861E-02
    3.5999800000E-04    9.3835777728E-01   -2.1598875853E-01   -5.4734078628E+01    3.0064102537E-02
    3.6399800000E-04    1.0856077771E+00   -2.0770497099E-01   -5.5400762588E+01    2.6696301844E-02
    3.6799800000E-04    1.1717184555E+00   -1.2590826519E-01   -5.5997576781E+01    2.2080771435E-02
    3.7199800000E-04    1.2026868403E+00   -1.6304814752E-02   -5.6555103234E+01    1.9143162178E-02
    3.7599800000E-04    1.1770370408E+00    9.7445175108E-02   -5.7110434660E+01    2.1071616208E-02
    3.7999800000E-04    1.0967824906E+00    1.8655907466E-01   -5.7703125502E+01    2.5045158053E-02
    3.8399800000E-04    9.5486393383E-01    2.0396120073E-01   -5.8365291995E+01    2.7587833953E-02
    3.8799800000E-04    7.9908234186E-01    8.8887143525E-02   -5.9106672430E+01    2.9232598052E-02
    3.9199800000E-04    7.3774745034E-01   -1.2472106609E-01   -5.9912459007E+01    3.0527493042E-02
    3.9599800000E-04    8.2899009188E-01   -3.2266783598E-01   -6.0716025824E+01    3.0196964716E-02
    3.9999800000E-04    1.0181471696E+00   -3.8790407122E-01   -6.1437849391E+01    2.9775024805E-02
    4.0399800000E-04    1.1862399358E+00   -2.6792237048E-01   -6.2061465627E+01    3.3236905557E-02
    4.0799800000E-04    1.2561210132E+00   -8.4372484605E-03   -6.2610656170E+01    3.9067314361E-02
    4.1199800000E-04    1.2246839729E+00    2.7162302498E-01   -6.3143909559E+01    3.7513711519E-02
    4.1599800000E-04    1.0797279590E+00    4.4656603153E-01   -6.3728158291E+01    3.8435151908E-02
    4.1999800000E-04    8.4858464440E-01    4.5444563494E-01   -6.4393973763E+01    4.5089368083E-02
    4.2399800000E-04    6.3917684269E-01    2.7838273758E-01   -6.5163014929E+01    5.2194866011E-02
    4.2799800000E-04    5.6412066979E-01   -6.1203759719E-03   -6.6023536068E+01    5.4314969601E-02
    4.3199800000E-04    6.5482850847E-01   -2.8560010639E-01   -6.6875975233E+01    4.9152186338E-02
    4.3599800000E-04    8.6777809431E-01   -4.4750792912E-01   -6.7634127982E+01    3.9532048146E-02
    4.3999800000E-04    1.0889422984E+00   -4.3022825850E-01   -6.8294093503E+01    3.1207091898E-02
    4.4399800000E-04    1.2227411541E+00   -2.6036784009E-01   -6.8876393847E+01    2.8694710688E-02
    4.4799800000E-04    1.2484006782E+00    3.4399610128E-03   -6.9411975095E+01    2.8886432058E-02
    4.5199800000E-04    1.1763122946E+00    2.4606979438E-01   -6.9967483146E+01    2.3297256264E-02
    4.5599800000E-04    1.0142886723E+00    3.5278238654E-01   -7.0598156993E+01    1.9604966095E-02
    4.5999800000E-04    8.4240773909E-01    2.8130837711E-01   -7.1324824323E+01    1.9537497114E-02
    4.6399800000E-04    7.7284181731E-01    9.0347650122E-02   -7.2122391189E+01    2.0128621996E-02
    4.6799800000E-04    8.4756833227E-01   -1.0175484818E-01   -7.2913104167E+01    2.0257788231E-02
    4.7199800000E-04    1.0023844947E+00   -1.8417606504E-01   -7.3638339624E+01    2.0458088610E-02
    4.7599800000E-04    1.1290310674E+00   -1.3820391151E-01   -7.4284664033E+01    2.0083365796E-02
    4.7999800000E-04    1.1929894911E+00   -2.6819041789E-02   -7.4865091417E+01    1.8609518265E-02
    4.8399800000E-04    1.2015448520E+00    9.8865747879E-02   -7.5417785210E+01    1.9392691873E-02
    4.8799800000E-04    1.1525925295E+00    2.0025734248E-01   -7.5985023130E+01    2.4419778702E-02
    4.9199800000E-04    1.0451004725E+00    2.6249773258E-01   -7.6597606706E+01    3.0167231785E-02
    4.9599800000E-04    8.8088771072E-01    2.3627861836E-01   -7.7282954285E+01    3.5514037197E-02
    4.9999800000E-04    7.3243024342E-01    7.3901234288E-02   -7.8048646003E+01    4.0494193815E-02
    5.0399800000E-04    6.9525213618E-01   -1.6603160123E-01   -7.8874678788E+01    4.3553943833E-02
    5.0799800000E-04    8.1742731674E-01   -3.6983702179E-01   -7.9681932715E+01    4.3480084045E-02
    5.1199800000E-04    1.0266972742E+00   -4.2462845937E-01   -8.0394373615E+01    4.2507960401E-02
    5.1599800000E-04    1.1987358988E+00   -2.8897102359E-01   -8.1008739351E+01    4.5711671437E-02
    5.1999800000E-04    1.2636978781E+00   -1.2869611222E-02   -8.1551504078E+01    5.1602681203E-02
    5.2399800000E-04    1.2253278106E+00    2.7980182091E-01   -8.2083595664E+01    4.8365985992E-02
    5.2799800000E-04    1.0707060194E+00    4.5484406557E-01   -8.2671931546E+01    4.7211326408E-02
    5.3199800000E-04    8.3605166595E-01    4.5023185949E-01   -8.3346761914E+01    5.1323870522E-02
    5.3599800000E-04    6.3918112612E-01    2.6323222110E-01   -8.4129062679E+01    5.4874215597E-02
    5.3999800000E-04    5.8846833665E-01   -1.7669655077E-02   -8.4991024073E+01    5.3094961583E-02
    5.4399800000E-04    6.9505428052E-01   -2.7927548421E-01   -8.5826326924E+01    4.4659064978E-02
    5.4799800000E-04    9.0128326699E-01   -4.1681074565E-01   -8.6570440790E+01    3.3575712391E-02
    5.5199800000E-04    1.0975717645E+00   -3.9434478028E-01   -8.7224963420E+01    2.4275610745E-02
    5.5599800000E-04    1.2140456996E+00   -2.4981913585E-01   -8.7809769676E+01    1.9449902951E-02
    5.5999800000E-04    1.2363172593E+00   -2.4902568884E-02   -8.8353028983E+01    1.7831265549E-02
    5.6399800000E-04    1.1703595777E+00    1.9031011795E-01   -8.8917787932E+01    1.2993251670E-02
    5.6799800000E-04    1.0255230329E+00    2.8699513079E-01   -8.9554039184E+01    8.6183293452E-03
    5.7199800000E-04    8.7601712249E-01    2.1870392915E-01   -9.0278712522E+01    7.0708438209E-03
    5.7599800000E-04    8.2204636912E-01    4.2719386070E-02   -9.1062529955E+01    7.1864922584E-03
    5.7999800000E-04    8.9652922271E-01   -1.2664096718E-01   -9.1837542073E+01    8.4876139298E-03
    5.8399800000E-04    1.0417169004E+00   -1.8375815855E-01   -9.2551242039E+01    1.1070519837E-02
    5.8799800000E-04    1.1601172527E+00   -1.0640222100E-01   -9.3186749881E+01    1.3827687185E-02
    5.9199800000E-04    1.2122031129E+00    4.0669697854E-02   -9.3759423447E+01    1.5771123975E-02
    5.9599800000E-04    1.2004159002E+00    1.8955504628E-01   -9.4313989353E+01    1.9001146947E-02
    5.9999800000E-04    1.1247617866E+00    2.9126847469E-01   -9.4894390974E+01    2.4880311515E-02
    6.0399800000E-04    9.8336717791E-01    3.3175274274E-01   -9.5527476029E+01    3.1850119682E-02
    6.0799800000E-04    7.9985832817E-01    2.5604736230E-01   -9.6238419384E+01    3.9720993279E-02
    6.1199800000E-04    6.6867552748E-01    4.7643243181E-02   -9.7033193609E+01    4.6803811790E-02
    6.1599800000E-04    6.6804152047E-01   -2.1233603930E-01   -9.7877846846E+01    5.0395808603E-02
    6.1999800000E-04    8.2524497837E-01   -4.1026683717E-01   -9.8678011399E+01    4.9740329303E-02
    6.2399800000E-04    1.0487223896E+00   -4.4193698699E-01   -9.9373773312E+01    4.8077673006E-02
    6.2799800000E-04    1.2140941715E+00   -2.8459042038E-01   -9.9975181228E+01    5.1019539283E-02
    6.3199800000E-04    1.2666242372E+00    4.6910794814E-03   -1.0051138719E+02    5.6124499748E-02
    6.3599800000E-04    1.2154514424E+00    2.9402609511E-01   -1.0104686133E+02    5.1435484575E-02
    6.3999800000E-04    1.0491736747E+00    4.5318922657E-01   -1.0164571602E+02    4.9293637805E-02
    6.4399800000E-04    8.1906584297E-01    4.2455655087E-01   -1.0233692216E+02    5.1824371784E-02
    6.4799800000E-04    6.4872254734E-01    2.2446871842E-01   -1.0313532482E+02    5.3137001722E-02
    6.5199800000E-04    6.3477850527E-01   -4.6294607898E-02   -1.0398952810E+02    4.9420198770E-02
    6.5599800000E-04    7.6046390483E-01   -2.7527618774E-01   -1.0479877437E+02    4.0981710906E-02
    6.5999800000E-04    9.5539847132E-01   -3.7197008703E-01   -1.0552051114E+02    3.1202605219E-02
    6.6399800000E-04    1.1168670263E+00   -3.3611494257E-01   -1.0616099187E+02    2.3090311257E-02
    6.6799800000E-04    1.2069572977E+00   -2.1799206897E-01   -1.0674385429E+02    1.7322377836E-02
    6.7199800000E-04    1.2221593715E+00   -3.9213467222E-02   -1.0729581878E+02    1.4242373439E-02
    6.7599800000E-04    1.1630585328E+00    1.3546771140E-01   -1.0786958867E+02    1.0724714103E-02
    6.7999800000E-04    1.0336816838E+00    2.1773878804E-01   -1.0851123297E+02    6.6765565927E-03
    6.8399800000E-04    8.9413796442E-01    1.5085021681E-01   -1.0923294834E+02    3.9453067197E-03
    6.8799800000E-04    8.3754138361E-01   -1.9390382706E-02   -1.1000991846E+02    3.0156333935E-03
    6.9199800000E-04    9.0255211377E-01   -1.8433920381E-01   -1.1078529960E+02    3.7458284592E-03
    6.9599800000E-04    1.0473249828E+00   -2.3667285491E-01   -1.1150084972E+02    6.4448031138E-03
    6.9999800000E-04    1.1755309188E+00   -1.3519506082E-01   -1.1213354785E+02    1.0847462472E-02
    7.0399800000E-04    1.2285742856E+00    5.8033644085E-02   -1.1270029394E+02    1.4651019314E-02
    7.0799800000E-04    1.2025526849E+00    2.4668420018E-01   -1.1325146522E+02    1.7518899356E-02
    7.1199800000E-04    1.0957627557E+00    3.6362806320E-01   -1.1384091826E+02    2.3407217950E-02
    7.1599800000E-04    9.1661517523E-01    3.8312566319E-01   -1.1449428976E+02    3.2345696694E-02
    7.1999800000E-04    7.2096203324E-01    2.5656756733E-01   -1.1523312393E+02    4.2818440436E-02
    7.2399800000E-04    6.1389662402E-01    7.9437297520E-03   -1.1605874045E+02    5.1153666878E-02
    7.2799800000E-04    6.5754886940E-01   -2.6408067939E-01   -1.1691466044E+02    5.3836526378E-02
    7.3199800000E-04    8.4846501102E-01   -4.4515255777E-01   -1.1769720043E+02    5.1593283866E-02
    7.3599800000E-04    1.0787044144E+00   -4.4496993833E-01   -1.1837235028E+02    4.8911515297E-02
    7.3999800000E-04    1.2293973351E+00   -2.6337354387E-01   -1.1895938897E+02    5.1432327939E-02
    7.4399800000E-04    1.2650429633E+00    3.5523399580E-02   -1.1949008005E+02    5.4991412806E-02
    7.4799800000E-04    1.1967802305E+00    3.1084225518E-01   -1.2003312705E+02    4.9185262384E-02
    7.5199800000E-04    1.0183889090E+00    4.4307729289E-01   -1.2064771154E+02    4.6756601901E-02
    7.5599800000E-04    8.0049738930E-01    3.8340365912E-01   -1.2136010176E+02    4.8339680065E-02
    7.5999800000E-04    6.6841042257E-01    1.7120224362E-01   -1.2217199799E+02    4.8378151953E-02
    7.6399800000E-04    6.9741105624E-01   -8.1917270264E-02   -1.2300895390E+02    4.4438898259E-02
    7.6799800000E-04    8.4333488159E-01   -2.6507094226E-01   -1.2378641853E+02    3.7742846422E-02
    7.7199800000E-04    1.0197886113E+00   -3.1089089004E-01   -1.2448074531E+02    3.0676185622E-02
    7.7599800000E-04    1.1434997098E+00   -2.5707907623E-01   -1.2510097994E+02    2.4192842585E-02
    7.7999800000E-04    1.2039974855E+00   -1.5176406342E-01   -1.2567399586E+02    1.8699497449E-02
    7.8399800000E-04    1.2037632111E+00   -8.9243654953E-03   -1.2622775502E+02    1.6224575388E-02
    7.8799800000E-04    1.1428434307E+00    1.2191161861E-01   -1.2680705683E+02    1.5193976399E-02
    7.9199800000E-04    1.0177421807E+00    1.7911878306E-01   -1.2745249646E+02    1.3243419871E-02
    7.9599800000E-04    8.7183484239E-01    1.0233074268E-01   -1.2817601248E+02    1.1216162547E-02
    7.9999800000E-04    8.0819526009E-01   -7.9025930842E-02   -1.2895901267E+02    1.0368068703E-02
    8.0399800000E-04    8.7858258814E-01   -2.5285676838E-01   -1.2974341157E+02    1.0100879247E-02
    8.0799800000E-04    1.0390786583E+00   -3.0617954360E-01   -1.3046004848E+02    1.1411788161E-02
    8.1199800000E-04    1.1831884710E+00   -1.9005043495E-01   -1.3108547368E+02    1.5922128338E-02
    8.1599800000E-04    1.2419727020E+00    4.1916794359E-02   -1.3164196078E+02    2.0722278108E-02
    8.1999800000E-04    1.2089536544E+00    2.7479117110E-01   -1.3218441385E+02    2.1677428586E-02
    8.2399800000E-04    1.0760413824E+00    4.1657545195E-01   -1.3277489186E+02    2.6495664610E-02
    8.2799800000E-04    8.6552568288E-01    4.2089889003E-01   -1.3344030935E+02    3.6097516535E-02
    8.3199800000E-04    6.6322077347E-01    2.5756225256E-01   -1.3419973801E+02    4.6885358247E-02
    8.3599800000E-04    5.7679519887E-01   -1.7286229755E-02   -1.3504817399E+02    5.3942741095E-02
    8.3999800000E-04    6.5357142254E-01   -2.9550025549E-01   -1.3590593735E+02    5.3964217395E-02
    8.4399800000E-04    8.6468007609E-01   -4.6258326672E-01   -1.3667248101E+02    4.9176271126E-02
    8.4799800000E-04    1.0952207078E+00   -4.4243072237E-01   -1.3733412833E+02    4.4726061042E-02
    8.5199800000E-04    1.2347061628E+00   -2.5089387646E-01   -1.3791328041E+02    4.5960587291E-02
    8.5599800000E-04    1.2597020881E+00    4.5364466732E-02   -1.3844292463E+02    4.7991126588E-02
    8.5999800000E-04    1.1813774398E+00    3.0608512538E-01   -1.3899310440E+02    4.1799921153E-02
    8.6399800000E-04    1.0011060866E+00    4.1802644322E-01   -1.3962002999E+02    3.9087052558E-02
    8.6799800000E-04    8.0140226530E-01    3.4034486871E-01   -1.4034671412E+02    4.0045086477E-02
    8.7199800000E-04    7.0429543640E-01    1.2836805362E-01   -1.4115984799E+02    3.9876814108E-02
    8.7599800000E-04    7.6477358615E-01   -1.0009491080E-01   -1.4197565436E+02    3.7020087604E-02
    8.7999800000E-04    9.2199196414E-01   -2.3473357930E-01   -1.4272562232E+02    3.2929172550E-02
    8.8399800000E-04    1.0748700756E+00   -2.3483261616E-01   -1.4339556915E+02    2.8407475634E-02
    8.8799800000E-04    1.1672210890E+00   -1.6035692808E-01   -1.4399597406E+02    2.3083310404E-02
    8.9199800000E-04    1.2031319248E+00   -5.3561123397E-02   -1.4455644289E+02    1.9023235243E-02
    8.9599800000E-04    1.1822551434E+00    6.6628740958E-02   -1.4511054912E+02    1.9908594935E-02
    8.9999800000E-04    1.1065188482E+00    1.6432217483E-01   -1.4570070326E+02    2.2562971245E-02
    9.0399800000E-04    9.6863906355E-01    1.8881810867E-01   -1.4636050202E+02    2.3861509818E-02
    9.0799800000E-04    8.1562957074E-01    8.0687838578E-02   -1.4709915063E+02    2.4379700873E-02
    9.1199800000E-04    7.5801824066E-01   -1.2534147956E-01   -1.4790008203E+02    2.4793823629E-02
    9.1599800000E-04    8.4918218727E-01   -3.1287110050E-01   -1.4869652344E+02    2.4213433342E-02
    9.1999800000E-04    1.0325448660E+00   -3.6667285099E-01   -1.4941281222E+02    2.4244727742E-02
    9.2399800000E-04    1.1911906313E+00   -2.3883437492E-01   -1.5003235071E+02    2.8228877437E-02
    9.2799800000E-04    1.2535424483E+00    1.9555396134E-02   -1.5058044186E+02    3.3645488721E-02
    9.3199800000E-04    1.2162061413E+00    2.8628333873E-01   -1.5111687553E+02    3.2544054041E-02
    9.3599800000E-04    1.0670180973E+00    4.4721612639E-01   -1.5170598636E+02    3.4935009800E-02
    9.3999800000E-04    8.3674132655E-01    4.4427578982E-01   -1.5237649170E+02    4.2962153593E-02
    9.4399800000E-04    6.3198797236E-01    2.6081643698E-01   -1.5314905831E+02    5.1364334131E-02
    9.4799800000E-04    5.6236277485E-01   -2.6174884872E-02   -1.5401095105E+02    5.4603290863E-02
    9.5199800000E-04    6.5915273126E-01   -3.0436774213E-01   -1.5486277034E+02    5.0518789508E-02
    9.5599800000E-04    8.7776542384E-01   -4.5959352220E-01   -1.5561724869E+02    4.2018526722E-02
    9.5999800001E-04    1.1010244908E+00   -4.3091141675E-01   -1.5627219583E+02    3.4949066788E-02
    9.6399800001E-04    1.2310963068E+00   -2.4537413343E-01   -1.5684927306E+02    3.3908406936E-02
    9.6799800001E-04    1.2507589074E+00    3.3051947611E-02   -1.5738170973E+02    3.4413338666E-02
    9.7199800001E-04    1.1702084209E+00    2.7681141238E-01   -1.5793848298E+02    2.8454375285E-02
    9.7599800001E-04    9.9816727795E-01    3.7494006765E-01   -1.5857371513E+02    2.5327830315E-02
    9.7999800001E-04    8.2103263136E-01    2.9137222821E-01   -1.5930678468E+02    2.5734600540E-02
    9.8399800001E-04    7.5293437674E-01    8.9940617203E-02   -1.6011177302E+02    2.6074490829E-02
    9.8799800001E-04    8.3287939907E-01   -1.0881678401E-01   -1.6090657191E+02    2.5422509446E-02
    9.9199800001E-04    9.9150764048E-01   -1.9603645467E-01   -1.6163345768E+02    2.4595469675E-02
    9.9599800001E-04    1.1207690076E+00   -1.5666461515E-01   -1.6228125850E+02    2.2792655209E-02
    9.9999800001E-04    1.1881530894E+00   -5.4633492372E-02   -1.6286323604E+02    1.9715369845E-02
    1.0039980000E-03    1.2012851958E+00    6.4185078887E-02   -1.6341587337E+02    1.9391421943E-02
    1.0079980000E-03    1.1574338961E+00    1.6742553312E-01   -1.6397969059E+02    2.3751710124E-02
    1.0119980000E-03    1.0568950335E+00    2.3600434624E-01   -1.6458878448E+02    2.8804106087E-02
    1.0159980000E-03    8.9823222459E-01    2.1868066533E-01   -1.6527071339E+02    3.2969770089E-02
    1.0199980000E-03    7.5021723268E-01    6.5600772360E-02   -1.6603204902E+02    3.6643554093E-02
    1.0239980000E-03    7.1319061088E-01   -1.6689220602E-01   -1.6685273428E+02    3.8974307200E-02
    1.0279980000E-03    8.3301760491E-01   -3.6248749060E-01   -1.6765483967E+02    3.8690169670E-02
    1.0319980000E-03    1.0369806975E+00   -4.0911269752E-01   -1.6836423588E+02    3.8067054524E-02
    1.0359980000E-03    1.2021385731E+00   -2.6741304836E-01   -1.6897608021E+02    4.1730627204E-02
    1.0399980000E-03    1.2620023436E+00    9.3772285730E-03   -1.6951784917E+02    4.7353776229E-02
    1.0439980000E-03    1.2190134582E+00    2.9371698167E-01   -1.7005215110E+02    4.4388040936E-02
    1.0479980000E-03    1.0597023503E+00    4.5936634999E-01   -1.7064370905E+02    4.4405794846E-02
    1.0519980000E-03    8.2344135167E-01    4.4641175480E-01   -1.7132144293E+02    4.9626787357E-02
    1.0559980000E-03    6.2753360087E-01    2.5245317954E-01   -1.7210630744E+02    5.4207586024E-02
    1.0599980000E-03    5.7831791110E-01   -3.3263737961E-02   -1.7297137437E+02    5.3304599602E-02
    1.0639980000E-03    6.8893822352E-01   -2.9839253673E-01   -1.7380901688E+02    4.5488467689E-02
    1.0679980000E-03    9.0255303325E-01   -4.3497290138E-01   -1.7455204278E+02    3.4616358226E-02
    1.0719980000E-03    1.1058907516E+00   -4.0360531850E-01   -1.7520321486E+02    2.5744058182E-02
    1.0759980000E-03    1.2226427275E+00   -2.3936648528E-01   -1.7578238519E+02    2.2138264665E-02
    1.0799980000E-03    1.2393161275E+00    5.7914418999E-03   -1.7632115384E+02    2.1051266028E-02
    1.0839980000E-03    1.1634911256E+00    2.2680979836E-01   -1.7688595152E+02    1.5728510393E-02
    1.0879980000E-03    1.0073948808E+00    3.1505892445E-01   -1.7752651292E+02    1.1829559571E-02
    1.0919980000E-03    8.5393792039E-01    2.3366968777E-01   -1.7825869531E+02    1.1103063289E-02
    1.0959980000E-03    8.0564193473E-01    4.8170012301E-02   -1.7904989812E+02    1.1542187364E-02
    1.0999980000E-03    8.9049841767E-01   -1.2367111506E-01   -1.7982655015E+02    1.2455517224E-02
    1.1039980000E-03    1.0407922276E+00   -1.7726762860E-01   -1.8053765479E+02    1.4395784416E-02
    1.1079980000E-03    1.1557629767E+00   -1.0458376498E-01   -1.8117040471E+02    1.5923911950E-02
    1.1119980000E-03    1.2065833705E+00    2.9329242305E-02   -1.8174207725E+02    1.6645251951E-02
    1.1159980000E-03    1.1979754051E+00    1.6650381495E-01   -1.8229632663E+02    1.9607454235E-02
    1.1199980000E-03    1.1290582966E+00    2.6293848423E-01   -1.8287452593E+02    2.5282406830E-02
    1.1239980000E-03    9.9684869972E-01    3.0675921866E-01   -1.8350435419E+02    3.1822945287E-02
    1.1279980000E-03    8.1942886380E-01    2.4067214158E-01   -1.8421104483E+02    3.8705120256E-02
    1.1319980000E-03    6.8689731572E-01    4.2156204201E-02   -1.8499948149E+02    4.4950163127E-02
    1.1359980000E-03    6.8242944473E-01   -2.1117909542E-01   -1.8583852711E+02    4.8176806192E-02
    1.1399980000E-03    8.3510475756E-01   -4.0410673407E-01   -1.8663651856E+02    4.7633590641E-02
    1.1439980000E-03    1.0542436271E+00   -4.3201005285E-01   -1.8733188928E+02    4.6423050852E-02
    1.1479980000E-03    1.2158552275E+00   -2.7144977971E-01   -1.8793252492E+02    4.9879371614E-02
    1.1519980000E-03    1.2660823839E+00    1.9142017450E-02   -1.8846825366E+02    5.4967746588E-02
    1.1559980000E-03    1.2125980302E+00    3.0500807148E-01   -1.8900466782E+02    5.0479866699E-02
    1.1599980000E-03    1.0430392466E+00    4.6003401951E-01   -1.8960450849E+02    4.9077090803E-02
    1.1639980000E-03    8.0970974325E-01    4.2753857006E-01   -1.9029604458E+02    5.2285422072E-02
    1.1679980000E-03    6.3599091452E-01    2.2278046205E-01   -1.9109565039E+02    5.4088727988E-02
    1.1719980000E-03    6.1877332338E-01   -5.3872034319E-02   -1.9195465041E+02    5.0426362441E-02
    1.1759980000E-03    7.4550193161E-01   -2.9080137847E-01   -1.9276940411E+02    4.1330943346E-02
    1.1799980000E-03    9.4749308762E-01   -3.9331321949E-01   -1.9349408753E+02    3.0760686638E-02
    1.1839980000E-03    1.1186804244E+00   -3.5459754583E-01   -1.9413565737E+02    2.2169477193E-02
    1.1879980000E-03    1.2137404337E+00   -2.2033367035E-01   -1.9471644594E+02    1.6955435765E-02
    1.1919980000E-03    1.2262409096E+00   -2.0300567177E-02   -1.9526467651E+02    1.4380598381E-02
    1.1959980000E-03    1.1583655091E+00    1.6740844911E-01   -1.9583968694E+02    1.0120076640E-02
    1.1999980000E-03    1.0193112939E+00    2.4499752088E-01   -1.9648644247E+02    5.8492778025E-03
    1.2039980000E-03    8.8150765833E-01    1.6676051749E-01   -1.9721581960E+02    3.6010583987E-03
    1.2079980000E-03    8.3733816833E-01   -8.1829620743E-03   -1.9799695246E+02    3.2046048647E-03
    1.2119980000E-03    9.1434799384E-01   -1.6768374412E-01   -1.9876742731E+02    4.4609874725E-03
    1.2159980000E-03    1.0594047043E+00   -2.0903388234E-01   -1.9947567420E+02    7.5039762813E-03
    1.2199980000E-03    1.1775791932E+00   -1.0659631203E-01   -2.0010373878E+02    1.1439918009E-02
    1.2239980000E-03    1.2234480988E+00    7.0805081969E-02   -2.0066996074E+02    1.4580265669E-02
    1.2279980000E-03    1.1964600645E+00    2.3863205682E-01   -2.0122478587E+02    1.8035568662E-02
    1.2319980000E-03    1.0964104179E+00    3.4245644981E-01   -2.0181514626E+02    2.4222161020E-02
    1.2359980000E-03    9.2723209204E-01    3.6189614640E-01   -2.0246671802E+02    3.2488653526E-02
    1.2399980000E-03    7.3778887116E-01    2.4272412893E-01   -2.0320185672E+02    4.2015955567E-02
    1.2439980000E-03    6.3025876093E-01    2.4113235839E-03   -2.0402139110E+02    4.9690289613E-02
    1.2479980000E-03    6.7006092042E-01   -2.6376082953E-01   -2.0487294348E+02    5.2451965219E-02
    1.2519980000E-03    8.5709034817E-01   -4.4046177864E-01   -2.0565474002E+02    5.0677976273E-02
    1.2559980000E-03    1.0838049269E+00   -4.3672979589E-01   -2.0632973453E+02    4.8674681711E-02
    1.2599980000E-03    1.2313605048E+00   -2.5146544450E-01   -2.0691588747E+02    5.1851210842E-02
    1.2639980000E-03    1.2650063103E+00    4.9661161955E-02   -2.0744598653E+02    5.5420107244E-02
    1.2679980000E-03    1.1943954299E+00    3.2271137949E-01   -2.0798971685E+02    4.9795624794E-02
    1.2719980000E-03    1.0123230612E+00    4.5167280395E-01   -2.0860491064E+02    4.7945702528E-02
    1.2759980000E-03    7.9018516875E-01    3.8839436822E-01   -2.0931761855E+02    4.9964158939E-02
    1.2799980000E-03    6.5352197453E-01    1.7116041505E-01   -2.1013206935E+02    5.0111507491E-02
    1.2839980000E-03    6.7849071835E-01   -8.9035574998E-02   -2.1097513383E+02    4.5757814057E-02
    1.2879980000E-03    8.2410618987E-01   -2.8257403595E-01   -2.1175894660E+02    3.8186260331E-02
    1.2919980000E-03    1.0079823026E+00   -3.3722627269E-01   -2.1245739202E+02    3.0159133850E-02
    1.2959980000E-03    1.1409964556E+00   -2.8482580804E-01   -2.1308072052E+02    2.3353992491E-02
    1.2999980000E-03    1.2078652560E+00   -1.7117952436E-01   -2.1365530353E+02    1.7729056986E-02
    1.3039980000E-03    1.2094773574E+00   -1.4336927508E-02   -2.1420897129E+02    1.4938005503E-02
    1.3079980000E-03    1.1453339482E+00    1.2988997382E-01   -2.1478998161E+02    1.2608274769E-02
    1.3119980000E-03    1.0161721126E+00    1.8867948246E-01   -2.1543933229E+02    9.5593824592E-03
    1.3159980000E-03    8.7736922464E-01    1.0680055532E-01   -2.1616615024E+02    7.1218510846E-03
    1.3199980000E-03    8.2508000518E-01   -7.1553773350E-02   -2.1694715556E+02    6.0563669651E-03
    1.3239980000E-03    9.0066479702E-01   -2.3477977410E-01   -2.1772383204E+02    6.2141108133E-03
    1.3279980000E-03    1.0558779867E+00   -2.7456077328E-01   -2.1843318551E+02    8.3709859812E-03
    1.3319980000E-03    1.1878898413E+00   -1.5215866581E-01   -2.1905506729E+02    1.3083046891E-02
    1.3359980000E-03    1.2373255755E+00    6.9364941831E-02   -2.1961237163E+02    1.7296147935E-02
    1.3399980000E-03    1.1994679833E+00    2.7969969344E-01   -2.2016036305E+02    1.9166351285E-02
    1.3439980000E-03    1.0693341497E+00    4.0227968410E-01   -2.2075611590E+02    2.4950892505E-02
    1.3479980000E-03    8.6708492919E-01    4.0018867497E-01   -2.2142435588E+02    3.4721625735E-02
    1.3519980000E-03    6.7241418009E-01    2.3783999768E-01   -2.2218411837E+02    4.5610812956E-02
    1.3559980000E-03    5.8928931181E-01   -3.2204989655E-02   -2.2302920626E+02    5.3154648511E-02
    1.3599980000E-03    6.6746741500E-01   -3.0436864565E-01   -2.2388347324E+02    5.3977831659E-02
    1.3639980000E-03    8.7844988957E-01   -4.6349674826E-01   -2.2464722291E+02    5.0188929924E-02
    1.3679980000E-03    1.1059678769E+00   -4.3423218089E-01   -2.2530589126E+02    4.6888463316E-02
    1.3719980000E-03    1.2399143926E+00   -2.3330873427E-01   -2.2588179410E+02    4.9233444221E-02
    1.3759980000E-03    1.2601464016E+00    6.9338385708E-02   -2.2640983869E+02    5.1160043543E-02
    1.3799980000E-03    1.1760879381E+00    3.2689937058E-01   -2.2696176276E+02    4.4984535253E-02
    1.3839980000E-03    9.8884722349E-01    4.3146599773E-01   -2.2759150122E+02    4.2856928704E-02
    1.3879980000E-03    7.8444084275E-01    3.4505763174E-01   -2.2832170440E+02    4.4121210078E-02
    1.3919980000E-03    6.8567738354E-01    1.2476919614E-01   -2.2914048194E+02    4.3686046065E-02
    1.3959980000E-03    7.4601817306E-01   -1.1151408186E-01   -2.2996189115E+02    4.0012700043E-02
    1.3999980000E-03    9.0433453932E-01   -2.5615250431E-01   -2.3071642758E+02    3.4580071467E-02
    1.4039980000E-03    1.0639979653E+00   -2.6492236199E-01   -2.3138987381E+02    2.8911427812E-02
    1.4079980000E-03    1.1638022655E+00   -1.9570765321E-01   -2.3199389139E+02    2.3001528126E-02
    1.4119980000E-03    1.2046981305E+00   -8.7755622802E-02   -2.3255739923E+02    1.8411180134E-02
    1.4159980000E-03    1.1881802946E+00    4.2077561758E-02   -2.3311127165E+02    1.7925813231E-02
    1.4199980000E-03    1.1146563229E+00    1.4969651324E-01   -2.3370034017E+02    1.8835980172E-02
    1.4239980000E-03    9.7861280052E-01    1.7966050663E-01   -2.3435953860E+02    1.8621307669E-02
    1.4279980000E-03    8.3093721830E-01    7.4946790020E-02   -2.3509714928E+02    1.8150817143E-02
    1.4319980000E-03    7.8032632009E-01   -1.2372772249E-01   -2.3589334955E+02    1.7850560443E-02
    1.4359980000E-03    8.7263974356E-01   -2.9891992652E-01   -2.3668128798E+02    1.7208630103E-02
    1.4399980000E-03    1.0491117898E+00   -3.3889553214E-01   -2.3739045630E+02    1.7876486920E-02
    1.4439980000E-03    1.1960275372E+00   -2.0299206532E-01   -2.3800519820E+02    2.2332609138E-02
    1.4479980000E-03    1.2493126575E+00    5.0343557677E-02   -2.3855285987E+02    2.7112628324E-02
    1.4519980000E-03    1.2054988949E+00    2.9841433094E-01   -2.3909376981E+02    2.6799415530E-02
    1.4559980000E-03    1.0538052002E+00    4.4172152166E-01   -2.3968900941E+02    3.0802159939E-02
    1.4599980000E-03    8.2765630653E-01    4.2722784977E-01   -2.4036521840E+02    4.0009573738E-02
    1.4639980000E-03    6.3081574017E-01    2.3795042081E-01   -2.4114149959E+02    4.9433445682E-02
    1.4679980000E-03    5.6788296173E-01   -4.8530873946E-02   -2.4200301050E+02    5.3771346785E-02
    1.4719980000E-03    6.7095088270E-01   -3.2177969195E-01   -2.4285225733E+02    5.0929428381E-02
    1.4759980000E-03    8.9307076780E-01   -4.6708210159E-01   -2.4360223676E+02    4.3937830146E-02
    1.4799980000E-03    1.1152043166E+00   -4.2512457752E-01   -2.4425187512E+02    3.8452556932E-02
    1.4839980000E-03    1.2390203891E+00   -2.2422867030E-01   -2.4482366355E+02    3.8953290493E-02
    1.4879980000E-03    1.2517740767E+00    6.6000236662E-02   -2.4535356828E+02    3.9458066007E-02
    1.4919980000E-03    1.1622330139E+00    3.0722164200E-01   -2.4591270897E+02    3.3360746425E-02
    1.4959980000E-03    9.8020192876E-01    3.9475482057E-01   -2.4655295745E+02    3.0928800721E-02
    1.4999980000E-03    7.9804102023E-01    2.9822980510E-01   -2.4729263385E+02    3.1720465788E-02
    1.5039980000E-03    7.3112053632E-01    8.5784295426E-02   -2.4810542653E+02    3.1636196757E-02
    1.5079980000E-03    8.1468859866E-01   -1.2111722907E-01   -2.4890520768E+02    2.9889799449E-02
    1.5119980000E-03    9.7616541517E-01   -2.1672164356E-01   -2.4963527305E+02    2.7712890234E-02
    1.5159980000E-03    1.1106790624E+00   -1.8534614809E-01   -2.5028587751E+02    2.4587016595E-02
    1.5199980000E-03    1.1837210675E+00   -9.2452425465E-02   -2.5087084390E+02    2.0270156639E-02
    1.5239980000E-03    1.2019939789E+00    2.1866565954E-02   -2.5142435531E+02    1.8721769952E-02
    1.5279980000E-03    1.1636629457E+00    1.3121561587E-01   -2.5198461397E+02    2.1857298570E-02
    1.5319980000E-03    1.0694201879E+00    2.0842129047E-01   -2.5259011184E+02    2.5975207377E-02
    1.5359980000E-03    9.1598235564E-01    2.0008936836E-01   -2.5326890365E+02    2.8750595105E-02
    1.5399980000E-03    7.6983308632E-01    5.6200916306E-02   -2.5402646959E+02    3.0833989244E-02
    1.5439980000E-03    7.3559849941E-01   -1.6749819550E-01   -2.5484128421E+02    3.2227623974E-02
    1.5479980000E-03    8.5390508286E-01   -3.5171958440E-01   -2.5563615945E+02    3.1674583254E-02
    1.5519980000E-03    1.0509799486E+00   -3.8639643135E-01   -2.5634049455E+02    3.1514305141E-02
    1.5559980000E-03    1.2063023803E+00   -2.3670413142E-01   -2.5694837172E+02    3.5668132647E-02
    1.5599980000E-03    1.2587616826E+00    3.8791337089E-02   -2.5748912899E+02    4.0735488439E-02
    1.5639980000E-03    1.2091843594E+00    3.0953211949E-01   -2.5802701418E+02    3.8378854731E-02
    1.5679980000E-03    1.0444602201E+00    4.6115019357E-01   -2.5862358313E+02    3.9997661681E-02
    1.5719980000E-03    8.0806563095E-01    4.3652283322E-01   -2.5930616908E+02    4.6708895549E-02
    1.5759980000E-03    6.1625775881E-01    2.3381650572E-01   -2.6009494162E+02    5.2720079658E-02
    1.5799980000E-03    5.7181098995E-01   -5.6011268555E-02   -2.6096271644E+02    5.3070356467E-02
    1.5839980000E-03    6.8933966672E-01   -3.2170551453E-01   -2.6180069410E+02    4.6370810861E-02
    1.5879980000E-03    9.1107715210E-01   -4.5207690290E-01   -2.6254000603E+02    3.6229072437E-02
    1.5919980000E-03    1.1192021299E+00   -4.0626814696E-01   -2.6318533206E+02    2.8435883293E-02
    1.5959980000E-03    1.2324479593E+00   -2.1985308316E-01   -2.6375744151E+02    2.6567417423E-02
    1.5999980000E-03    1.2413932384E+00    4.4996734579E-02   -2.6429215599E+02    2.5771747370E-02
    1.6039980000E-03    1.1535961047E+00    2.6758547857E-01   -2.6485841165E+02    2.0059247531E-02
    1.6079980000E-03    9.8466248195E-01    3.4373974144E-01   -2.6550528434E+02    1.6989528158E-02
    1.6119980000E-03    8.2633770038E-01    2.4653020953E-01   -2.6624675793E+02    1.7106665641E-02
    1.6159980000E-03    7.8321090313E-01    4.8994382328E-02   -2.6704724237E+02    1.7651104100E-02
    1.6199980000E-03    8.7836871489E-01   -1.2750461739E-01   -2.6782721236E+02    1.8004267542E-02
    1.6239980000E-03    1.0337663996E+00   -1.8200676530E-01   -2.6853762334E+02    1.8573950025E-02
    1.6279980000E-03    1.1483399815E+00   -1.1606082845E-01   -2.6916938367E+02    1.8494644382E-02
    1.6319980000E-03    1.2006469755E+00    5.6009709196E-03   -2.6974059633E+02    1.7630879246E-02
    1.6359980000E-03    1.1969327943E+00    1.3216263625E-01   -2.7029363221E+02    1.9642980660E-02
    1.6399980000E-03    1.1347784640E+00    2.2720534644E-01   -2.7086833732E+02    2.5146291131E-02
    1.6439980000E-03    1.0121886939E+00    2.7647833687E-01   -2.7149448905E+02    3.1021333527E-02
    1.6479980000E-03    8.4116177919E-01    2.2115794876E-01   -2.7219690611E+02    3.6702077970E-02
    1.6519980000E-03    7.0785375899E-01    3.3412591316E-02   -2.7297904612E+02    4.1803731842E-02
    1.6559980000E-03    7.0148644422E-01   -2.1171224068E-01   -2.7381157395E+02    4.4441340300E-02
    1.6599980000E-03    8.5030654053E-01   -3.9647244113E-01   -2.7460520883E+02    4.3873348258E-02
    1.6639980000E-03    1.0636949187E+00   -4.1674884089E-01   -2.7529834716E+02    4.3175057436E-02
    1.6679980000E-03    1.2188599854E+00   -2.5029242593E-01   -2.7589678336E+02    4.7211773081E-02
    1.6719980000E-03    1.2645837463E+00    4.1458526596E-02   -2.7643168059E+02    5.2034529818E-02
    1.6759980000E-03    1.2065031089E+00    3.2014234976E-01   -2.7697021923E+02    4.7923607447E-02
    1.6799980000E-03    1.0317797361E+00    4.6684701876E-01   -2.7757274224E+02    4.7649287758E-02
    1.6839980000E-03    7.9553455406E-01    4.2656297451E-01   -2.7826645462E+02    5.1844829709E-02
    1.6879980000E-03    6.2073156080E-01    2.1444721439E-01   -2.7906870859E+02    5.4441627836E-02
    1.6919980000E-03    6.0290874029E-01   -6.8683503513E-02   -2.7993277458E+02    5.1163772988E-02
    1.6959980000E-03    7.3364218397E-01   -3.1219480987E-01   -2.8075180398E+02    4.1831342687E-02
    1.6999980000E-03    9.4430923304E-01   -4.1704634548E-01   -2.8147732683E+02    3.0893124806E-02
    1.7039980000E-03    1.1253702623E+00   -3.7044453810E-01   -2.8211740091E+02    2.2311479145E-02
    1.7079980000E-03    1.2229340075E+00   -2.1281110902E-01   -2.8269289660E+02    1.8133566035E-02
    1.7119980000E-03    1.2295418237E+00    1.2522768045E-02   -2.8323605899E+02    1.6090470687E-02
    1.7159980000E-03    1.1495614905E+00    2.0993894963E-01   -2.8381185323E+02    1.1117194390E-02
    1.7199980000E-03    9.9875627648E-01    2.7772591875E-01   -2.8446389222E+02    7.1456417873E-03
    1.7239980000E-03    8.6142788110E-01    1.8501901869E-01   -2.8520175464E+02    5.8343114460E-03
    1.7279980000E-03    8.2991641746E-01    2.9553641056E-03   -2.8598807510E+02    6.0868676251E-03
    1.7319980000E-03    9.2146642320E-01   -1.5211507907E-01   -2.8675458124E+02    7.6600416612E-03
    1.7359980000E-03    1.0678635464E+00   -1.8337003146E-01   -2.8745519098E+02    1.0490356028E-02
    1.7399980000E-03    1.1762557058E+00   -8.4744172312E-02   -2.8807755540E+02    1.3450979150E-02
    1.7439980000E-03    1.2166677158E+00    7.2714136756E-02   -2.8864276292E+02    1.5653555371E-02
    1.7479980000E-03    1.1916258827E+00    2.1980234544E-01   -2.8919959722E+02    1.9474037542E-02
    1.7519980000E-03    1.1010764332E+00    3.1271478551E-01   -2.8978866318E+02    2.5575056551E-02
    1.7559980000E-03    9.4414665902E-01    3.3544199452E-01   -2.9043644911E+02    3.2980103032E-02
    1.7599980000E-03    7.6121983469E-01    2.2800866936E-01   -2.9116567073E+02    4.1173682199E-02
    1.7639980000E-03    6.5091977824E-01   -1.0442987989E-03   -2.9197681723E+02    4.7974318560E-02
    1.7679980000E-03    6.8429853084E-01   -2.6033193771E-01   -2.9282287909E+02    5.0678817497E-02
    1.7719980000E-03    8.6542624272E-01   -4.3310620054E-01   -2.9360433900E+02    4.9334863232E-02
    1.7759980000E-03    1.0878361860E+00   -4.2699335040E-01   -2.9428000370E+02    4.8022113649E-02
    1.7799980000E-03    1.2325949434E+00   -2.3907897054E-01   -2.9486585537E+02    5.1852347393E-02
    1.7839980000E-03    1.2648305289E+00    6.3474393444E-02   -2.9539565087E+02    5.5445944749E-02
    1.7879980000E-03    1.1924242459E+00    3.3426040218E-01   -2.9593986075E+02    5.0135699758E-02
    1.7919980000E-03    1.0069433951E+00    4.6073168966E-01   -2.9655499613E+02    4.8992124014E-02
    1.7959980000E-03    7.7990619385E-01    3.9483970742E-01   -2.9726699189E+02    5.1599637607E-02
    1.7999980000E-03    6.3684632707E-01    1.7263663034E-01   -2.9808329373E+02    5.2050623857E-02
    1.8039980000E-03    6.5591800949E-01   -9.5888997608E-02   -2.9893363072E+02    4.7326923111E-02
    1.8079980000E-03    8.0171504347E-01   -3.0186165577E-01   -2.9972531391E+02    3.8635388863E-02
    1.8119980000E-03    9.9504333275E-01   -3.6640936999E-01   -3.0042878068E+02    2.9353528188E-02
    1.8159980000E-03    1.1401579302E+00   -3.1271009059E-01   -3.0105528916E+02    2.1897252033E-02
    1.8199980000E-03    1.2141645146E+00   -1.8433512985E-01   -3.0162996787E+02    1.6572964005E-02
    1.8239980000E-03    1.2152500337E+00   -5.4753933344E-03   -3.0218190562E+02    1.3673194080E-02
    1.8279980000E-03    1.1434405774E+00    1.5460161218E-01   -3.0276580420E+02    1.0163903022E-02
    1.8319980000E-03    1.0066947372E+00    2.1057379022E-01   -3.0342184930E+02    6.3544856399E-03
    1.8359980000E-03    8.7517003057E-01    1.1916048914E-01   -3.0415568764E+02    3.9132932355E-03
    1.8399980000E-03    8.3851057366E-01   -5.9310212265E-02   -3.0493725041E+02    3.2609101140E-03
    1.8439980000E-03    9.2294878764E-01   -2.1182721142E-01   -3.0570642518E+02    4.2197221271E-03
    1.8479980000E-03    1.0734178227E+00   -2.3684487305E-01   -3.0640799937E+02    7.2484744472E-03
    1.8519980000E-03    1.1919332463E+00   -1.1002275535E-01   -3.0702619519E+02    1.1885197346E-02
    1.8559980000E-03    1.2313482465E+00    9.4673809985E-02   -3.0758452317E+02    1.5436415000E-02
    1.8599980000E-03    1.1897103346E+00    2.7874096143E-01   -3.0813897442E+02    1.8480216230E-02
    1.8639980000E-03    1.0655393213E+00    3.8226119315E-01   -3.0873864591E+02    2.4954375319E-02
    1.8679980000E-03    8.7319012673E-01    3.7674584918E-01   -3.0940771465E+02    3.4534728286E-02
    1.8719980000E-03    6.8598496836E-01    2.1840626121E-01   -3.1016567909E+02    4.5143251740E-02
    1.8759980000E-03    6.0458539546E-01   -4.5040669325E-02   -3.1100563648E+02    5.2704618414E-02
    1.8799980000E-03    6.8231286192E-01   -3.1063180277E-01   -3.1185589186E+02    5.4127876194E-02
    1.8839980000E-03    8.9182839239E-01   -4.6230229110E-01   -3.1261730733E+02    5.1206419553E-02
    1.8879980000E-03    1.1156955254E+00   -4.2480825230E-01   -3.1327359199E+02    4.9008390235E-02
    1.8919980000E-03    1.2443703955E+00   -2.1542368806E-01   -3.1384667894E+02    5.2406439284E-02
    1.8959980000E-03    1.2603806884E+00    9.2439013163E-02   -3.1437344665E+02    5.4138645976E-02
    1.8999980000E-03    1.1710262997E+00    3.4661918933E-01   -3.1492699952E+02    4.8102268706E-02
    1.9039980000E-03    9.7708642370E-01    4.4444378906E-01   -3.1555891571E+02    4.6600863000E-02
    1.9079980000E-03    7.6753210465E-01    3.5008693385E-01   -3.1629187396E+02    4.8184404864E-02
    1.9119980000E-03    6.6586210625E-01    1.2159056371E-01   -3.1711611036E+02    4.7519657505E-02
    1.9159980000E-03    7.2454138487E-01   -1.2348988953E-01   -3.1794407929E+02    4.3012294093E-02
    1.9199980000E-03    8.8413781958E-01   -2.7955432472E-01   -3.1870411647E+02    3.6326313269E-02
    1.9239980000E-03    1.0521718964E+00   -2.9752295400E-01   -3.1938144969E+02    2.9536726292E-02
    1.9279980000E-03    1.1606899308E+00   -2.3202310147E-01   -3.1998923711E+02    2.3269506811E-02
    1.9319980000E-03    1.2075711299E+00   -1.1941298078E-01   -3.2055558012E+02    1.8228302703E-02
    1.9359980000E-03    1.1950165762E+00    2.1972241310E-02   -3.2111016017E+02    1.6554652573E-02
    1.9399980000E-03    1.1221266414E+00    1.4056545193E-01   -3.2169964680E+02    1.5786985691E-02
    1.9439980000E-03    9.8692976056E-01    1.7466463800E-01   -3.2235974568E+02    1.4014236805E-02
    1.9479980000E-03    8.4690712912E-01    7.1544365670E-02   -3.2309698472E+02    1.2417612356E-02
    1.9519980000E-03    8.0554303295E-01   -1.1967562581E-01   -3.2388745353E+02    1.1763373203E-02
    1.9559980000E-03    8.9931564196E-01   -2.8113158512E-01   -3.2466547100E+02    1.1497057471E-02
    1.9599980000E-03    1.0676370549E+00   -3.0557787501E-01   -3.2536642844E+02    1.3120903112E-02
    1.9639980000E-03    1.2011524131E+00   -1.6140016568E-01   -3.2597640282E+02    1.8064293224E-02
    1.9679980000E-03    1.2443498472E+00    8.3996888445E-02   -3.2652434520E+02    2.2233610298E-02
    1.9719980000E-03    1.1937982531E+00    3.1004311145E-01   -3.2707100117E+02    2.3013727341E-02
    1.9759980000E-03    1.0414339201E+00    4.3322258448E-01   -3.2767295777E+02    2.8615530575E-02
    1.9799980000E-03    8.2128465342E-01    4.0779305761E-01   -3.2835440691E+02    3.8723333858E-02
    1.9839980000E-03    6.3283056728E-01    2.1453254010E-01   -3.2913324461E+02    4.9006908474E-02
    1.9879980000E-03    5.7535447715E-01   -7.0150261789E-02   -3.2999327677E+02    5.4536043794E-02
    1.9919980000E-03    6.8373018334E-01   -3.3789049351E-01   -3.3083968270E+02    5.2995414314E-02
    1.9959980000E-03    9.0851809121E-01   -4.7362072018E-01   -3.3158530246E+02    4.7479351435E-02
    1.9999980000E-03    1.1289215934E+00   -4.1891581915E-01   -3.3222997886E+02    4.3524083403E-02
