 sig=    1.000000000000000      inputfile=
 /home/rjrj524/Finished/vmec_gc_tracer/revised_251128/nc/wout_pwO_nfp2_A6.nc                                                                                                                             
 dt=   2.0000000000000001E-009
 steps=      1000000
 x0=   4.0000000000000001E-002    3.080000000000000      
    6.410000000000000     
 u=   -114000.0000000000     
 v_perp=    71700.00000000000     
 
time(s)         x0(1)       x0(2)        x0(3)      r
    3.9980000000E-06    1.2498212472E+00    1.4592193942E-01    6.0892796859E+00    3.9335084983E-02
    7.9980000000E-06    1.2032390060E+00    2.9816554409E-01    5.7526088061E+00    3.7548827673E-02
    1.1998000000E-05    1.1134139730E+00    4.0416075914E-01    5.3877755117E+00    3.6791656316E-02
    1.5998000000E-05    9.8721255331E-01    4.4722084604E-01    4.9878888757E+00    3.7384163178E-02
    1.9998000000E-05    8.4905933031E-01    4.1685088056E-01    4.5479557251E+00    3.8786478115E-02
    2.3998000000E-05    7.2943381649E-01    3.1866280553E-01    4.0646508747E+00    3.9963104189E-02
    2.7998000000E-05    6.5658735700E-01    1.7242208858E-01    3.5439149649E+00    4.0241963300E-02
    3.1998000000E-05    6.4716495243E-01    7.5075215719E-03    3.0088276330E+00    3.9188848506E-02
    3.5998000000E-05    6.9527910623E-01   -1.4850004079E-01    2.4872040811E+00    3.6826671495E-02
    3.9998000000E-05    7.8536537446E-01   -2.7197925967E-01    1.9955514779E+00    3.3595031719E-02
    4.3998000000E-05    8.9960297011E-01   -3.4352605925E-01    1.5405659103E+00    2.9927576680E-02
    4.7998000000E-05    1.0116299257E+00   -3.5983567825E-01    1.1209386735E+00    2.6333975542E-02
    5.1998000000E-05    1.1027267867E+00   -3.3516909906E-01    7.3242405662E-01    2.3150868183E-02
    5.5998000000E-05    1.1684410014E+00   -2.8287022797E-01    3.6836853047E-01    2.0379759631E-02
    5.9998000000E-05    1.2086370419E+00   -2.0546115895E-01    2.2738431234E-02    1.8130923419E-02
    6.3998000000E-05    1.2232334114E+00   -1.0772738521E-01   -3.1092852072E-01    1.6645226441E-02
    6.7998000000E-05    1.2130645546E+00   -7.9416483935E-04   -6.4487417162E-01    1.5436152873E-02
    7.1998000000E-05    1.1774312813E+00    9.9663846918E-02   -9.9442840679E-01    1.3874838787E-02
    7.5998000000E-05    1.1147592901E+00    1.7399504008E-01   -1.3707474568E+00    1.1946225067E-02
    7.9998000000E-05    1.0312977216E+00    2.0055328491E-01   -1.7801802459E+00    9.9443404685E-03
    8.3998000000E-05    9.4617331299E-01    1.6879405981E-01   -2.2227359727E+00    8.2850289968E-03
    8.7998000000E-05    8.8259530531E-01    8.7499193415E-02   -2.6922527592E+00    7.1770497447E-03
    9.1998000000E-05    8.5778771749E-01   -2.1643655140E-02   -3.1778584475E+00    6.7099327287E-03
    9.5998000000E-05    8.7909848964E-01   -1.3075787633E-01   -3.6647864384E+00    6.8874258044E-03
    9.9998000000E-05    9.4202494905E-01   -2.1185815179E-01   -4.1367602929E+00    7.6886724566E-03
    1.0399800000E-04    1.0299993656E+00   -2.4190971928E-01   -4.5805903511E+00    9.1668177491E-03
    1.0799800000E-04    1.1184156521E+00   -2.0976155914E-01   -4.9893904027E+00    1.1254182336E-02
    1.1199800000E-04    1.1855477332E+00   -1.2370097685E-01   -5.3635879315E+00    1.3547486315E-02
    1.1599800000E-04    1.2228470919E+00   -5.9182578990E-03   -5.7101200501E+00    1.5524398661E-02
    1.1999800000E-04    1.2313847118E+00    1.1961591865E-01   -6.0409707395E+00    1.6723539762E-02
    1.2399800000E-04    1.2115463231E+00    2.3295340833E-01   -6.3737431483E+00    1.7864694774E-02
    1.2799800000E-04    1.1613599324E+00    3.2086952481E-01   -6.7219362915E+00    1.9836873027E-02
    1.3199800000E-04    1.0814363176E+00    3.7644385118E-01   -7.0919170806E+00    2.2698098891E-02
    1.3599800000E-04    9.7485060388E-01    3.9428765584E-01   -7.4896115186E+00    2.6352293474E-02
    1.3999800000E-04    8.5173476649E-01    3.6115304383E-01   -7.9207679319E+00    3.0456832206E-02
    1.4399800000E-04    7.3597290901E-01    2.6865792337E-01   -8.3896872480E+00    3.4603950246E-02
    1.4799800000E-04    6.5386528706E-01    1.2719526945E-01   -8.8961435481E+00    3.8071228083E-02
    1.5199800000E-04    6.2133479294E-01   -3.9823242975E-02   -9.4297073408E+00    4.0248665671E-02
    1.5599800000E-04    6.5032695653E-01   -2.0793249417E-01   -9.9682513649E+00    4.0755744938E-02
    1.5999800000E-04    7.4032126235E-01   -3.4906049778E-01   -1.0482670649E+01    3.9752874736E-02
    1.6399800000E-04    8.6991980986E-01   -4.3543228955E-01   -1.0955474732E+01    3.7955753315E-02
    1.6799800000E-04    1.0102316365E+00   -4.5140666555E-01   -1.1385211982E+01    3.6074890364E-02
    1.7199800000E-04    1.1316203763E+00   -3.9614040756E-01   -1.1776667900E+01    3.5188243390E-02
    1.7599800000E-04    1.2135493138E+00   -2.8248007013E-01   -1.2135132570E+01    3.5700122818E-02
    1.7999800000E-04    1.2524535890E+00   -1.2658172190E-01   -1.2467806339E+01    3.7168362858E-02
    1.8399800000E-04    1.2540013076E+00    5.0305703142E-02   -1.2788482580E+01    3.7211481008E-02
    1.8799800000E-04    1.2194156019E+00    2.1321854979E-01   -1.3119691680E+01    3.4850637717E-02
    1.9199800000E-04    1.1447185928E+00    3.3478191732E-01   -1.3477741072E+01    3.2660276765E-02
    1.9599800000E-04    1.0343314746E+00    3.9629145677E-01   -1.3871612155E+01    3.1626460590E-02
    1.9999800000E-04    9.0983596007E-01    3.8503936010E-01   -1.4305844609E+01    3.1705575447E-02
    2.0399800000E-04    8.0223737429E-01    3.0655454808E-01   -1.4780663679E+01    3.2167589866E-02
    2.0799800000E-04    7.3956618494E-01    1.8094183278E-01   -1.5287073007E+01    3.2339041944E-02
    2.1199800000E-04    7.3816801392E-01    3.7563700696E-02   -1.5802668750E+01    3.1918226551E-02
    2.1599800000E-04    7.9290697695E-01   -9.2469783453E-02   -1.6302851372E+01    3.1113723095E-02
    2.1999800000E-04    8.8335218685E-01   -1.8388806873E-01   -1.6774599208E+01    3.0183534685E-02
    2.2399800000E-04    9.8322038420E-01   -2.2322525315E-01   -1.7214252013E+01    2.9037162907E-02
    2.2799800000E-04    1.0692591536E+00   -2.1557114183E-01   -1.7621220927E+01    2.7574663508E-02
    2.3199800000E-04    1.1321525267E+00   -1.7890407343E-01   -1.7998541853E+01    2.5692818109E-02
    2.3599800000E-04    1.1741232358E+00   -1.2766968717E-01   -1.8352346312E+01    2.3528858754E-02
    2.3999800000E-04    1.1973037544E+00   -6.8218314322E-02   -1.8690859681E+01    2.1823740685E-02
    2.4399800000E-04    1.2008183002E+00   -3.4981302140E-03   -1.9022884884E+01    2.1198073106E-02
    2.4799800000E-04    1.1852184106E+00    6.2343237574E-02   -1.9357584226E+01    2.2042061712E-02
    2.5199800000E-04    1.1515096123E+00    1.2292379635E-01   -1.9705513358E+01    2.3573403803E-02
    2.5599800000E-04    1.0973770261E+00    1.6991981868E-01   -2.0076071008E+01    2.4790670549E-02
    2.5999800000E-04    1.0197543646E+00    1.9051429395E-01   -2.0475664166E+01    2.5496877478E-02
    2.6399800000E-04    9.2401341081E-01    1.6720732078E-01   -2.0907731030E+01    2.5838643923E-02
    2.6799800000E-04    8.3186392863E-01    9.0780176303E-02   -2.1371626438E+01    2.5979360801E-02
    2.7199800000E-04    7.7265217471E-01   -2.7943231902E-02   -2.1863803002E+01    2.6108211810E-02
    2.7599800000E-04    7.6739894174E-01   -1.6329416528E-01   -2.2372302936E+01    2.6150497646E-02
    2.7999800000E-04    8.2150934776E-01   -2.8383567445E-01   -2.2874465872E+01    2.5879055076E-02
    2.8399800000E-04    9.2086489009E-01   -3.6005089899E-01   -2.3348351628E+01    2.5570049299E-02
    2.8799800000E-04    1.0387236694E+00   -3.7106426644E-01   -2.3783281074E+01    2.5798648108E-02
    2.9199800000E-04    1.1445132851E+00   -3.1062936173E-01   -2.4177963989E+01    2.7128428471E-02
    2.9599800000E-04    1.2168293080E+00   -1.9095723078E-01   -2.4536606547E+01    2.9494519688E-02
    2.9999800000E-04    1.2505514451E+00   -3.1833680234E-02   -2.4868593652E+01    3.1817622818E-02
    3.0399800000E-04    1.2488948654E+00    1.3880027117E-01   -2.5190221403E+01    3.1904582119E-02
    3.0799800000E-04    1.2104158754E+00    2.8852778285E-01   -2.5523344806E+01    3.0964576631E-02
    3.1199800000E-04    1.1296051764E+00    3.9795601560E-01   -2.5881272345E+01    3.1094775221E-02
    3.1599800000E-04    1.0097684429E+00    4.5170775815E-01   -2.6270932483E+01    3.2682672401E-02
    3.1999800000E-04    8.6952973467E-01    4.3713563911E-01   -2.6697662906E+01    3.5289862759E-02
    3.2399800000E-04    7.3694564519E-01    3.5270165188E-01   -2.7166696783E+01    3.7902883704E-02
    3.2799800000E-04    6.4129111138E-01    2.1146506524E-01   -2.7678330022E+01    3.9705424956E-02
    3.3199800000E-04    6.0425462641E-01    4.0492155242E-02   -2.8218475306E+01    3.9941053073E-02
    3.3599800000E-04    6.2971936374E-01   -1.3260441200E-01   -2.8758913022E+01    3.8338353544E-02
    3.3999800000E-04    7.1000990348E-01   -2.8297949299E-01   -2.9273816388E+01    3.5150386134E-02
    3.4399800000E-04    8.2928026960E-01   -3.8480897941E-01   -2.9749919241E+01    3.1106631995E-02
    3.4799800000E-04    9.6099882403E-01   -4.2384979690E-01   -3.0186014234E+01    2.6944051518E-02
    3.5199800000E-04    1.0786459757E+00   -4.0445880217E-01   -3.0586721642E+01    2.3364078755E-02
    3.5599800000E-04    1.1675895757E+00   -3.3708346977E-01   -3.0957268117E+01    2.0846126863E-02
    3.5999800000E-04    1.2211584335E+00   -2.3095949290E-01   -3.1303375298E+01    1.9597667050E-02
    3.6399800000E-04    1.2399766220E+00   -9.7251094299E-02   -3.1632548073E+01    1.9165088027E-02
    3.6799800000E-04    1.2274344674E+00    4.6970333328E-02   -3.1961087185E+01    1.7867921851E-02
    3.7199800000E-04    1.1827068381E+00    1.7541043691E-01   -3.2307675960E+01    1.5522665080E-02
    3.7599800000E-04    1.1058360005E+00    2.6246806147E-01   -3.2684212265E+01    1.3165719004E-02
    3.7999800000E-04    1.0085469192E+00    2.8890548897E-01   -3.3097547935E+01    1.1432822368E-02
    3.8399800000E-04    9.1588209086E-01    2.5029392981E-01   -3.3547724077E+01    1.0562456398E-02
    3.8799800000E-04    8.5408330364E-01    1.6099971222E-01   -3.4026760727E+01    1.0342865003E-02
    3.9199800000E-04    8.3934339389E-01    4.6345551371E-02   -3.4518961746E+01    1.0561752201E-02
    3.9599800000E-04    8.7447539264E-01   -6.4304162584E-02   -3.5005603944E+01    1.1235836218E-02
    3.9999800000E-04    9.4710611267E-01   -1.4297837534E-01   -3.5472247364E+01    1.2384275443E-02
    4.0399800000E-04    1.0348776426E+00   -1.7058521083E-01   -3.5910557330E+01    1.3860397899E-02
    4.0799800000E-04    1.1140850942E+00   -1.4487130172E-01   -3.6316306218E+01    1.5380706316E-02
    4.1199800000E-04    1.1707385108E+00   -8.0998452504E-02   -3.6690693271E+01    1.6601707930E-02
    4.1599800000E-04    1.2031820482E+00    2.5701241118E-03   -3.7040203736E+01    1.7438911309E-02
    4.1999800000E-04    1.2136912405E+00    9.1501853657E-02   -3.7375337812E+01    1.8275802316E-02
    4.2399800000E-04    1.2030053437E+00    1.7405957917E-01   -3.7709313022E+01    1.9836143879E-02
    4.2799800000E-04    1.1705816308E+00    2.4079833974E-01   -3.8052860371E+01    2.2219143647E-02
    4.3199800000E-04    1.1157349862E+00    2.8854228617E-01   -3.8412614619E+01    2.4792266848E-02
    4.3599800000E-04    1.0373379562E+00    3.1642668952E-01   -3.8794945684E+01    2.7596684042E-02
    4.3999800000E-04    9.3656850641E-01    3.1111155515E-01   -3.9206851952E+01    3.0606243995E-02
    4.4399800000E-04    8.2737958497E-01    2.5518589333E-01   -3.9652518189E+01    3.3572206441E-02
    4.4799800000E-04    7.3441808132E-01    1.4689779657E-01   -4.0133126082E+01    3.6324813563E-02
    4.5199800000E-04    6.7771808113E-01    1.9221495266E-03   -4.0644157478E+01    3.8433256474E-02
    4.5599800000E-04    6.7535948942E-01   -1.5698477565E-01   -4.1172848042E+01    3.9568065137E-02
    4.5999800000E-04    7.3696811875E-01   -3.0194179348E-01   -4.1693430144E+01    3.9637085348E-02
    4.6399800000E-04    8.4882230015E-01   -4.0277295539E-01   -4.2180629490E+01    3.8859868076E-02
    4.6799800000E-04    9.8310791426E-01   -4.3777993120E-01   -4.2625242872E+01    3.7891846314E-02
    4.7199800000E-04    1.1090295672E+00   -3.9863896858E-01   -4.3028993258E+01    3.7715564180E-02
    4.7599800000E-04    1.2005375347E+00   -2.9444759481E-01   -4.3396429049E+01    3.8861874429E-02
    4.7999800000E-04    1.2493002883E+00   -1.4219682841E-01   -4.3734491220E+01    4.0981956749E-02
    4.8399800000E-04    1.2593961036E+00    3.7468041816E-02   -4.4055494055E+01    4.1891009751E-02
    4.8799800000E-04    1.2334610923E+00    2.0902143088E-01   -4.4381658597E+01    3.9983562158E-02
    4.9199800000E-04    1.1664952100E+00    3.4282879011E-01   -4.4731399465E+01    3.8087186730E-02
    4.9599800000E-04    1.0584767626E+00    4.2114259744E-01   -4.5114087926E+01    3.7401160350E-02
    4.9999800000E-04    9.2592323640E-01    4.2833831046E-01   -4.5535416586E+01    3.7945015023E-02
    5.0399800000E-04    7.9907222415E-01    3.6314797117E-01   -4.5998980309E+01    3.8842724503E-02
    5.0799800000E-04    7.0764883217E-01    2.4055753373E-01   -4.6502594618E+01    3.9265629671E-02
    5.1199800000E-04    6.7544497770E-01    8.7086548964E-02   -4.7029147060E+01    3.8745151684E-02
    5.1599800000E-04    7.0533803698E-01   -6.6772257434E-02   -4.7550610825E+01    3.7194895823E-02
    5.1999800000E-04    7.8079465099E-01   -1.9544100452E-01   -4.8047129756E+01    3.4895502340E-02
    5.2399800000E-04    8.8341374369E-01   -2.7862826218E-01   -4.8510685185E+01    3.2160099943E-02
    5.2799800000E-04    9.8967004081E-01   -3.0816675996E-01   -4.8939801848E+01    2.9336134136E-02
    5.3199800000E-04    1.0787162064E+00   -2.9495276927E-01   -4.9336774525E+01    2.6482158663E-02
    5.3599800000E-04    1.1442305210E+00   -2.5728601495E-01   -4.9707215904E+01    2.3832907123E-02
    5.3999800000E-04    1.1872062119E+00   -2.0264592291E-01   -5.0058384154E+01    2.1356825670E-02
    5.4399800000E-04    1.2085880880E+00   -1.3051673446E-01   -5.0396334653E+01    1.9286326112E-02
    5.4799800000E-04    1.2091934774E+00   -4.7049317234E-02   -5.0729176498E+01    1.8192609740E-02
    5.5199800000E-04    1.1892268274E+00    3.7368521585E-02   -5.1069051550E+01    1.7633178782E-02
    5.5599800000E-04    1.1471220830E+00    1.1091131622E-01   -5.1428122072E+01    1.6901472356E-02
    5.5999800000E-04    1.0808269139E+00    1.5873679893E-01   -5.1815009071E+01    1.5763974493E-02
    5.6399800000E-04    9.9524993164E-01    1.6259384284E-01   -5.2234331146E+01    1.4390584526E-02
    5.6799800000E-04    9.0888247430E-01    1.1219417992E-01   -5.2685127329E+01    1.3096527986E-02
    5.7199800000E-04    8.4740320947E-01    1.6301399778E-02   -5.3162007261E+01    1.2177949458E-02
    5.7599800000E-04    8.3123063943E-01   -1.0138967844E-01   -5.3654623927E+01    1.1749869218E-02
    5.7999800000E-04    8.6673833021E-01   -2.1107953474E-01   -5.4145537517E+01    1.1657945564E-02
    5.8399800000E-04    9.4532581022E-01   -2.8405190078E-01   -5.4615766688E+01    1.1990453263E-02
    5.8799800000E-04    1.0455330840E+00   -2.9813158502E-01   -5.5052306450E+01    1.3049463947E-02
    5.9199800000E-04    1.1391830977E+00   -2.4574638111E-01   -5.5450628659E+01    1.5006748429E-02
    5.9599800000E-04    1.2054312180E+00   -1.3797024932E-01   -5.5813793488E+01    1.7468232001E-02
    5.9999800000E-04    1.2378597722E+00    3.0037651876E-03   -5.6150829230E+01    1.9577200113E-02
    6.0399800000E-04    1.2382634816E+00    1.5018324701E-01   -5.6476386054E+01    2.0290839064E-02
    6.0799800000E-04    1.2055601136E+00    2.7857220166E-01   -5.6810425757E+01    2.0684579842E-02
    6.1199800000E-04    1.1359018158E+00    3.7381955333E-01   -5.7165618277E+01    2.2263278057E-02
    6.1599800000E-04    1.0316147452E+00    4.2463966151E-01   -5.7548224400E+01    2.5143035260E-02
    6.1999800000E-04    9.0332333217E-01    4.2091965087E-01   -5.7963839392E+01    2.8956657694E-02
    6.2399800000E-04    7.7163934336E-01    3.5389492946E-01   -5.8417441742E+01    3.3101269890E-02
    6.2799800000E-04    6.6588828708E-01    2.2717597937E-01   -5.8912260320E+01    3.6700121292E-02
    6.3199800000E-04    6.0812540277E-01    6.2658073848E-02   -5.9442015536E+01    3.9126480165E-02
    6.3599800000E-04    6.1020220638E-01   -1.1324351660E-01   -5.9986670364E+01    3.9696743861E-02
    6.3999800000E-04    6.7469102749E-01   -2.7552194088E-01   -6.0517260343E+01    3.8500888909E-02
    6.4399800000E-04    7.8978053431E-01   -3.9527793853E-01   -6.1010716624E+01    3.6045435752E-02
    6.4799800000E-04    9.2918494411E-01   -4.5059127616E-01   -6.1460648930E+01    3.3079195296E-02
    6.5199800000E-04    1.0632379625E+00   -4.3593083038E-01   -6.1870711999E+01    3.0588921766E-02
    6.5599800000E-04    1.1675112348E+00   -3.5820806343E-01   -6.2246202415E+01    2.9404683822E-02
    6.5999800000E-04    1.2300220663E+00   -2.3220562566E-01   -6.2592883616E+01    2.9650519724E-02
    6.6399800000E-04    1.2524668181E+00   -7.2997126485E-02   -6.2919213394E+01    3.0403501220E-02
    6.6799800000E-04    1.2399651617E+00    9.4971615461E-02   -6.3242875456E+01    2.9244118564E-02
    6.7199800000E-04    1.1909881353E+00    2.3933575139E-01   -6.3584659995E+01    2.6675637204E-02
    6.7599800000E-04    1.1044242805E+00    3.3610990468E-01   -6.3957496487E+01    2.4624444020E-02
    6.7999800000E-04    9.9185121718E-01    3.6738025194E-01   -6.4368751056E+01    2.3708144321E-02
    6.8399800000E-04    8.8008740928E-01    3.2799039363E-01   -6.4820211542E+01    2.3699199802E-02
    6.8799800000E-04    7.9901139053E-01    2.3137780791E-01   -6.5307042908E+01    2.4038716111E-02
    6.9199800000E-04    7.7069276021E-01    1.0264684092E-01   -6.5813237330E+01    2.4235798496E-02
    6.9599800000E-04    8.0119431184E-01   -2.6954345895E-02   -6.6315272879E+01    2.4242802664E-02
    6.9999800000E-04    8.7761926511E-01   -1.2752365220E-01   -6.6794655472E+01    2.4286229720E-02
    7.0399800000E-04    9.7428234196E-01   -1.7833450373E-01   -6.7243851908E+01    2.4262595753E-02
    7.0799800000E-04    1.0625875443E+00   -1.7789408494E-01   -6.7660608389E+01    2.4019420779E-02
    7.1199800000E-04    1.1284732763E+00   -1.4138925173E-01   -6.8045873948E+01    2.3363613947E-02
    7.1599800000E-04    1.1717942053E+00   -8.4769505053E-02   -6.8404660905E+01    2.2200886339E-02
    7.1999800000E-04    1.1959804475E+00   -1.8638560487E-02   -6.8744734911E+01    2.1086897411E-02
    7.2399800000E-04    1.2019755244E+00    4.8902757328E-02   -6.9076885517E+01    2.1054070238E-02
    7.2799800000E-04    1.1883279367E+00    1.1162798270E-01   -6.9411357574E+01    2.2458239868E-02
    7.3199800000E-04    1.1551151616E+00    1.6650889304E-01   -6.9756655574E+01    2.4609709181E-02
    7.3599800000E-04    1.1024606902E+00    2.1051937431E-01   -7.0121204131E+01    2.6820941559E-02
    7.3999800000E-04    1.0271621838E+00    2.3444202494E-01   -7.0512247337E+01    2.8648033782E-02
    7.4399800000E-04    9.3142193656E-01    2.2018277708E-01   -7.0934888128E+01    3.0175883186E-02
    7.4799800000E-04    8.3204392816E-01    1.5413943126E-01   -7.1390360367E+01    3.1453866813E-02
    7.5199800000E-04    7.5499260831E-01    4.0449218834E-02   -7.1877048647E+01    3.2535177959E-02
    7.5599800000E-04    7.2354678421E-01   -1.0108084093E-01   -7.2388146175E+01    3.3361032654E-02
    7.5999800000E-04    7.5356128915E-01   -2.4239109957E-01   -7.2904517068E+01    3.3578143901E-02
    7.6399800000E-04    8.4034989590E-01   -3.5199877061E-01   -7.3400080420E+01    3.3203191919E-02
    7.6799800000E-04    9.6051710985E-01   -4.0405288776E-01   -7.3857950185E+01    3.2756409921E-02
    7.7199800000E-04    1.0839461139E+00   -3.8391876761E-01   -7.4274517123E+01    3.3002066730E-02
    7.7599800000E-04    1.1815106337E+00   -2.9457333791E-01   -7.4652220038E+01    3.4495358985E-02
    7.7999800000E-04    1.2392962811E+00   -1.5273784366E-01   -7.4997427705E+01    3.6943846190E-02
    7.8399800000E-04    1.2581996557E+00    2.1146155654E-02   -7.5321401636E+01    3.8573546697E-02
    7.8799800000E-04    1.2415319137E+00    1.9397577422E-01   -7.5644543175E+01    3.7451238500E-02
    7.9199800000E-04    1.1848049638E+00    3.3484971943E-01   -7.5987049520E+01    3.6120816613E-02
    7.9599800000E-04    1.0847420205E+00    4.2640650833E-01   -7.6359015844E+01    3.6043171706E-02
    7.9999800000E-04    9.5202818227E-01    4.5242722131E-01   -7.6766581459E+01    3.7310864785E-02
    8.0399800000E-04    8.1320095995E-01    4.0537762416E-01   -7.7214856109E+01    3.9112831201E-02
    8.0799800000E-04    6.9819773518E-01    2.9305551812E-01   -7.7706837107E+01    4.0493807223E-02
    8.1199800000E-04    6.3441299023E-01    1.3735242432E-01   -7.8234657584E+01    4.0767845080E-02
    8.1599800000E-04    6.3445032348E-01   -3.2024633780E-02   -7.8773170431E+01    3.9469141326E-02
    8.1999800000E-04    6.9073160057E-01   -1.8907411063E-01   -7.9295038930E+01    3.6660654645E-02
    8.2399800000E-04    7.8935826522E-01   -3.0958921689E-01   -7.9784141658E+01    3.2897678004E-02
    8.2799800000E-04    9.1011890745E-01   -3.7473387000E-01   -8.0235034682E+01    2.8794118944E-02
    8.3199800000E-04    1.0257654208E+00   -3.8337835433E-01   -8.0650304383E+01    2.4903936675E-02
    8.3599800000E-04    1.1187992719E+00   -3.4952163958E-01   -8.1034753536E+01    2.1585829931E-02
    8.3999800000E-04    1.1844262825E+00   -2.8326752513E-01   -8.1394811519E+01    1.9013346422E-02
    8.4399800000E-04    1.2210363131E+00   -1.8822758776E-01   -8.1736027885E+01    1.7266843195E-02
    8.4799800000E-04    1.2291453999E+00   -7.3102259004E-02   -8.2066656704E+01    1.6148807399E-02
    8.5199800000E-04    1.2100492936E+00    4.7260085404E-02   -8.2402478245E+01    1.4691567649E-02
    8.5599800000E-04    1.1622688541E+00    1.5214877999E-01   -8.2759108771E+01    1.2631706913E-02
    8.5999800000E-04    1.0867868540E+00    2.1792855430E-01   -8.3146298276E+01    1.0395337796E-02
    8.6399800000E-04    9.9701690797E-01    2.2566489342E-01   -8.3568654882E+01    8.4669574817E-03
    8.6799800000E-04    9.1693647385E-01    1.7412375710E-01   -8.4023667214E+01    7.1804191779E-03
    8.7199800000E-04    8.6862810173E-01    7.9673153009E-02   -8.4502173021E+01    6.5610276227E-03
    8.7599800000E-04    8.6412350874E-01   -3.2410492720E-02   -8.4989922104E+01    6.5824754353E-03
    8.7999800000E-04    9.0371590100E-01   -1.3373805383E-01   -8.5471133781E+01    7.2239878931E-03
    8.8399800000E-04    9.7727755391E-01   -1.9806710449E-01   -8.5931929542E+01    8.4684037201E-03
    8.8799800000E-04    1.0651230044E+00   -2.0699098158E-01   -8.6362563156E+01    1.0297294964E-02
    8.9199800000E-04    1.1435393561E+00   -1.5781468395E-01   -8.6758814828E+01    1.2412814361E-02
    8.9599800000E-04    1.1968950625E+00   -6.6857582857E-02   -8.7123405819E+01    1.4362074787E-02
    8.9999800000E-04    1.2226331159E+00    4.3291181405E-02   -8.7464637473E+01    1.5858973149E-02
    9.0399800000E-04    1.2225664717E+00    1.5314068556E-01   -8.7796066089E+01    1.7065602363E-02
    9.0799800000E-04    1.1963249060E+00    2.4775415377E-01   -8.8133452653E+01    1.8765776959E-02
    9.1199800000E-04    1.1431538668E+00    3.1780025103E-01   -8.8486603108E+01    2.1235765190E-02
    9.1599800000E-04    1.0636740559E+00    3.6018725227E-01   -8.8861112262E+01    2.4251112570E-02
    9.1999800000E-04    9.5932503047E-01    3.6857836049E-01   -8.9263556093E+01    2.7798852946E-02
    9.2399800000E-04    8.4101832587E-01    3.2693176441E-01   -8.9699533187E+01    3.1634902549E-02
    9.2799800000E-04    7.3335115729E-01    2.2834893753E-01   -9.0172533014E+01    3.5385104116E-02
    9.3199800000E-04    6.6030337252E-01    8.5185532161E-02   -9.0680791086E+01    3.8417425736E-02
    9.3599800000E-04    6.3687010192E-01   -7.9709033018E-02   -9.1213087564E+01    4.0287348482E-02
    9.3999800000E-04    6.7609019627E-01   -2.4155149555E-01   -9.1746676930E+01    4.0690629091E-02
    9.4399800000E-04    7.7406211758E-01   -3.7091159093E-01   -9.2252970201E+01    3.9826460534E-02
    9.4799800000E-04    9.0646085341E-01   -4.4164666476E-01   -9.2717004519E+01    3.8334566325E-02
    9.5199800000E-04    1.0439265070E+00   -4.4016209491E-01   -9.3138594809E+01    3.7001779127E-02
    9.5599800000E-04    1.1568599967E+00   -3.6827097992E-01   -9.3522447651E+01    3.6854178979E-02
    9.5999800001E-04    1.2281560714E+00   -2.4095880769E-01   -9.3874103365E+01    3.8033071083E-02
    9.6399800001E-04    1.2574357715E+00   -7.4748124901E-02   -9.4201902670E+01    3.9698399452E-02
    9.6799800001E-04    1.2503917377E+00    1.0420735157E-01   -9.4522695491E+01    3.9015701493E-02
    9.7199800001E-04    1.2058319103E+00    2.5989722407E-01   -9.4859050235E+01    3.6570664328E-02
    9.7599800001E-04    1.1200819763E+00    3.6900392704E-01   -9.5224714850E+01    3.4808113103E-02
    9.7999800001E-04    1.0008962618E+00    4.1380531382E-01   -9.5627352326E+01    3.4304441783E-02
    9.8399800001E-04    8.7362146954E-01    3.8483312961E-01   -9.6070897714E+01    3.4741676398E-02
    9.8799800001E-04    7.6931399469E-01    2.9116900620E-01   -9.6555202340E+01    3.5267714368E-02
    9.9199800001E-04    7.1511402168E-01    1.5498905210E-01   -9.7069107717E+01    3.5229789122E-02
    9.9599800001E-04    7.2393137437E-01    6.7757111900E-03   -9.7587843569E+01    3.4450861174E-02
    9.9999800001E-04    7.8581136187E-01   -1.2389769933E-01   -9.8087555462E+01    3.3138759467E-02
    1.0039980000E-03    8.7979053950E-01   -2.1397641477E-01   -9.8557437851E+01    3.1514396552E-02
    1.0079980000E-03    9.8139447313E-01   -2.5170430138E-01   -9.8994459518E+01    2.9703776296E-02
    1.0119980000E-03    1.0685644715E+00   -2.4356474408E-01   -9.9398796520E+01    2.7694333223E-02
    1.0159980000E-03    1.1326690362E+00   -2.0843658567E-01   -9.9774347844E+01    2.5406296170E-02
    1.0199980000E-03    1.1759555833E+00   -1.5914956281E-01   -1.0012772866E+02    2.2985486870E-02
    1.0239980000E-03    1.1992810807E+00   -9.9286611061E-02   -1.0046677953E+02    2.0974926592E-02
    1.0279980000E-03    1.2025239024E+00   -3.0549134331E-02   -1.0079908665E+02    2.0172423447E-02
    1.0319980000E-03    1.1871725617E+00    4.1028172957E-02   -1.0113435546E+02    2.0529423499E-02
    1.0359980000E-03    1.1530130966E+00    1.0653207517E-01   -1.0148427318E+02    2.1260748617E-02
    1.0399980000E-03    1.0972511940E+00    1.5583459999E-01   -1.0185814501E+02    2.1617740860E-02
    1.0439980000E-03    1.0178425541E+00    1.7497655217E-01   -1.0226213020E+02    2.1534822020E-02
    1.0479980000E-03    9.2301115451E-01    1.4676419538E-01   -1.0269878692E+02    2.1210542544E-02
    1.0519980000E-03    8.3753771247E-01    6.5462287861E-02   -1.0316639037E+02    2.0917528781E-02
    1.0559980000E-03    7.8973856213E-01   -5.3550411789E-02   -1.0365951657E+02    2.0714294249E-02
    1.0599980000E-03    7.9708189746E-01   -1.8233546463E-01   -1.0416376841E+02    2.0475943287E-02
    1.0639980000E-03    8.5977180753E-01   -2.8954517315E-01   -1.0465674725E+02    2.0172016391E-02
    1.0679980000E-03    9.6105825168E-01   -3.4755197277E-01   -1.0511937022E+02    2.0145862704E-02
    1.0719980000E-03    1.0732549443E+00   -3.3841980426E-01   -1.0554309982E+02    2.0886414204E-02
    1.0759980000E-03    1.1673846112E+00   -2.6123595114E-01   -1.0592747261E+02    2.2726867143E-02
    1.0799980000E-03    1.2269004944E+00   -1.3137790137E-01   -1.0627817253E+02    2.5262341179E-02
    1.0839980000E-03    1.2497327347E+00    2.8749061949E-02   -1.0660625956E+02    2.7057937721E-02
    1.0879980000E-03    1.2384557124E+00    1.8919067408E-01   -1.0693001725E+02    2.6831099510E-02
    1.0919980000E-03    1.1896644819E+00    3.2292738001E-01   -1.0726947939E+02    2.6554853381E-02
    1.0959980000E-03    1.0994109446E+00    4.1452668659E-01   -1.0763499662E+02    2.7622076586E-02
    1.0999980000E-03    9.7459734189E-01    4.4935973890E-01   -1.0803276586E+02    3.0105832788E-02
    1.1039980000E-03    8.3491892751E-01    4.1727156096E-01   -1.0846800289E+02    3.3394376681E-02
    1.1079980000E-03    7.0860021370E-01    3.1776865649E-01   -1.0894564360E+02    3.6501311681E-02
    1.1119980000E-03    6.2419377843E-01    1.6662108540E-01   -1.0946420575E+02    3.8578036953E-02
    1.1159980000E-03    5.9904998388E-01   -8.0346010571E-03   -1.1000746878E+02    3.9016373270E-02
    1.1199980000E-03    6.3597956777E-01   -1.8030280693E-01   -1.1054692144E+02    3.7566675417E-02
    1.1239980000E-03    7.2764216473E-01   -3.2435224848E-01   -1.1105699492E+02    3.4634308551E-02
    1.1279980000E-03    8.5560837312E-01   -4.1397331136E-01   -1.1152601268E+02    3.0807891650E-02
    1.1319980000E-03    9.9085082904E-01   -4.3777926744E-01   -1.1195455654E+02    2.7000651252E-02
    1.1359980000E-03    1.1077334896E+00   -4.0051493246E-01   -1.1234762927E+02    2.4022076622E-02
    1.1399980000E-03    1.1909731631E+00   -3.1249492374E-01   -1.1271050914E+02    2.2372503209E-02
    1.1439980000E-03    1.2352446747E+00   -1.8634656838E-01   -1.1304924939E+02    2.2080420824E-02
    1.1479980000E-03    1.2440741279E+00   -3.5802046251E-02   -1.1337421315E+02    2.1859816543E-02
    1.1519980000E-03    1.2202166482E+00    1.1494808073E-01   -1.1370502906E+02    2.0050121992E-02
    1.1559980000E-03    1.1615331377E+00    2.3756059089E-01   -1.1405880449E+02    1.7544184690E-02
    1.1599980000E-03    1.0710758004E+00    3.0865584392E-01   -1.1444614384E+02    1.5506986772E-02
    1.1639980000E-03    9.6594408859E-01    3.1344665072E-01   -1.1487219685E+02    1.4430500895E-02
    1.1679980000E-03    8.7447376727E-01    2.5405653990E-01   -1.1533511694E+02    1.4141684034E-02
    1.1719980000E-03    8.2209769504E-01    1.4948116669E-01   -1.1582464892E+02    1.4256823642E-02
    1.1759980000E-03    8.2232325691E-01    2.7496726577E-02   -1.1632218117E+02    1.4556059983E-02
    1.1799980000E-03    8.7333065059E-01   -8.1406412387E-02   -1.1680773121E+02    1.5095348225E-02
    1.1839980000E-03    9.5754271270E-01   -1.5014195421E-01   -1.1726858945E+02    1.6058720106E-02
    1.1879980000E-03    1.0478772078E+00   -1.6513105404E-01   -1.1769880241E+02    1.7158991953E-02
    1.1919980000E-03    1.1217917041E+00   -1.3323777984E-01   -1.1809633150E+02    1.8001957194E-02
    1.1959980000E-03    1.1719099699E+00   -7.1748865492E-02   -1.1846430012E+02    1.8430667486E-02
    1.1999980000E-03    1.1999123842E+00    4.6881606688E-03   -1.1880984351E+02    1.8588205222E-02
    1.2039980000E-03    1.2080048778E+00    8.4770477214E-02   -1.1914359424E+02    1.9161827291E-02
    1.2079980000E-03    1.1964678418E+00    1.5802372393E-01   -1.1947792111E+02    2.0747997634E-02
    1.2119980000E-03    1.1642419839E+00    2.1698308224E-01   -1.1982229482E+02    2.3045990932E-02
    1.2159980000E-03    1.1105316142E+00    2.6131935631E-01   -1.2018320027E+02    2.5625289556E-02
    1.2199980000E-03    1.0342683935E+00    2.8726206959E-01   -1.2056783020E+02    2.8260439837E-02
    1.2239980000E-03    9.3630576686E-01    2.7944373100E-01   -1.2098267927E+02    3.0834366000E-02
    1.2279980000E-03    8.3117914037E-01    2.2100059128E-01   -1.2143103898E+02    3.3304974147E-02
    1.2319980000E-03    7.4298210456E-01    1.1187366650E-01   -1.2191293660E+02    3.5549322542E-02
    1.2359980000E-03    6.9254101220E-01   -3.1638142806E-02   -1.2242353059E+02    3.7224592147E-02
    1.2399980000E-03    6.9918355152E-01   -1.8571886347E-01   -1.2294873711E+02    3.8043065119E-02
    1.2439980000E-03    7.6881394653E-01   -3.2076026043E-01   -1.2346204393E+02    3.7966797899E-02
    1.2479980000E-03    8.8400219839E-01   -4.0734681354E-01   -1.2394045664E+02    3.7256032581E-02
    1.2519980000E-03    1.0162185936E+00   -4.2572707661E-01   -1.2437667479E+02    3.6626943084E-02
    1.2559980000E-03    1.1343200548E+00   -3.7036494279E-01   -1.2477261414E+02    3.7023725002E-02
    1.2599980000E-03    1.2153986380E+00   -2.5335956346E-01   -1.2513300165E+02    3.8696530908E-02
    1.2639980000E-03    1.2545441747E+00   -9.2158177335E-02   -1.2546581441E+02    4.0976993047E-02
    1.2679980000E-03    1.2565163015E+00    8.8793156370E-02   -1.2578589401E+02    4.1176089047E-02
    1.2719980000E-03    1.2215875467E+00    2.5265723136E-01   -1.2611628598E+02    3.9187030014E-02
    1.2759980000E-03    1.1442629053E+00    3.7452232802E-01   -1.2647257001E+02    3.7802753705E-02
    1.2799980000E-03    1.0272015793E+00    4.3747982692E-01   -1.2686277963E+02    3.7727438241E-02
    1.2839980000E-03    8.9075273687E-01    4.2779784187E-01   -1.2729214127E+02    3.8739941151E-02
    1.2879980000E-03    7.6562819641E-01    3.4737962091E-01   -1.2776436215E+02    3.9812754923E-02
    1.2919980000E-03    6.8091657733E-01    2.1319180103E-01   -1.2827606236E+02    4.0197661692E-02
    1.2959980000E-03    6.5788933392E-01    5.3269164665E-02   -1.2880758918E+02    3.9455058709E-02
    1.2999980000E-03    6.9522733243E-01   -1.0305782127E-01   -1.2933049425E+02    3.7518303961E-02
    1.3039980000E-03    7.7628329420E-01   -2.3155576650E-01   -1.2982640651E+02    3.4753078428E-02
    1.3079980000E-03    8.8418229499E-01   -3.1202306938E-01   -1.3028744313E+02    3.1526073509E-02
    1.3119980000E-03    9.9415641799E-01   -3.3779471628E-01   -1.3071331308E+02    2.8254308126E-02
    1.3159980000E-03    1.0856561863E+00   -3.2114451168E-01   -1.3110733903E+02    2.5175469380E-02
    1.3199980000E-03    1.1527153587E+00   -2.7890199613E-01   -1.3147575173E+02    2.2465981231E-02
    1.3239980000E-03    1.1960953169E+00   -2.1513824145E-01   -1.3182530915E+02    1.9921250649E-02
    1.3279980000E-03    1.2161806949E+00   -1.3169004955E-01   -1.3216188486E+02    1.8071920201E-02
    1.3319980000E-03    1.2135048001E+00   -3.6822268870E-02   -1.3249491240E+02    1.6929751864E-02
    1.3359980000E-03    1.1879454025E+00    5.7279886694E-02   -1.3283822781E+02    1.5825601227E-02
    1.3399980000E-03    1.1375176081E+00    1.3525914731E-01   -1.3320412134E+02    1.4354918548E-02
    1.3439980000E-03    1.0628090679E+00    1.7771171723E-01   -1.3360047717E+02    1.2574385271E-02
    1.3479980000E-03    9.7595219993E-01    1.6708429202E-01   -1.3403004720E+02    1.0831980564E-02
    1.3519980000E-03    8.9947343594E-01    1.0221267019E-01   -1.3448931836E+02    9.5199466757E-03
    1.3559980000E-03    8.5498317155E-01   -3.9511959179E-04   -1.3497031201E+02    8.7619500436E-03
    1.3599980000E-03    8.5630961807E-01   -1.1446224316E-01   -1.3546038823E+02    8.5044172116E-03
    1.3639980000E-03    9.0479187244E-01   -2.1118656656E-01   -1.3594240255E+02    8.7564271320E-03
    1.3679980000E-03    9.8829597496E-01   -2.6420367602E-01   -1.3640005155E+02    9.6645556797E-03
    1.3719980000E-03    1.0835391890E+00   -2.5565098625E-01   -1.3682322981E+02    1.1370299473E-02
    1.3759980000E-03    1.1645186704E+00   -1.8510849132E-01   -1.3720965956E+02    1.3661764951E-02
    1.3799980000E-03    1.2161154001E+00   -6.9544393394E-02   -1.3756435911E+02    1.6013446257E-02
    1.3839980000E-03    1.2362746893E+00    6.6265260510E-02   -1.3789753717E+02    1.7628981057E-02
    1.3879980000E-03    1.2265162204E+00    1.9702490962E-01   -1.3822582890E+02    1.8345234450E-02
    1.3919980000E-03    1.1846586901E+00    3.0494229361E-01   -1.3856685721E+02    1.9618919848E-02
    1.3959980000E-03    1.1091969778E+00    3.7896686419E-01   -1.3892947312E+02    2.1999022972E-02
    1.3999980000E-03    1.0039373474E+00    4.1194121111E-01   -1.3931930134E+02    2.5418083986E-02
    1.4039980000E-03    8.7827771167E-01    3.9364800384E-01   -1.3974209473E+02    2.9518360909E-02
    1.4079980000E-03    7.5392749691E-01    3.1424091763E-01   -1.4020262731E+02    3.3782231463E-02
    1.4119980000E-03    6.5905714349E-01    1.8012294439E-01   -1.4070274397E+02    3.7510187827E-02
    1.4159980000E-03    6.1261546146E-01    1.3985028450E-02   -1.4123437003E+02    4.0015051419E-02
    1.4199980000E-03    6.2624863872E-01   -1.5907908846E-01   -1.4177683801E+02    4.0707630615E-02
    1.4239980000E-03    7.0255703170E-01   -3.1286874855E-01   -1.4230100803E+02    3.9702985088E-02
    1.4279980000E-03    8.2532119520E-01   -4.1822939678E-01   -1.4278564699E+02    3.7657525561E-02
    1.4319980000E-03    9.6646876522E-01   -4.5607802592E-01   -1.4322661751E+02    3.5287292688E-02
    1.4359980000E-03    1.0963976545E+00   -4.2244266095E-01   -1.4362827697E+02    3.3609131076E-02
    1.4399980000E-03    1.1913474059E+00   -3.2682107366E-01   -1.4399588245E+02    3.3335840163E-02
    1.4439980000E-03    1.2430296645E+00   -1.8510501108E-01   -1.4433569962E+02    3.4334493606E-02
    1.4479980000E-03    1.2556358473E+00   -1.4434241611E-02   -1.4465829194E+02    3.5039358160E-02
    1.4519980000E-03    1.2330038623E+00    1.5452656582E-01   -1.4498435994E+02    3.3182375090E-02
    1.4559980000E-03    1.1718667510E+00    2.9018653528E-01   -1.4533317252E+02    3.0666025751E-02
    1.4599980000E-03    1.0731071995E+00    3.7175756312E-01   -1.4571563851E+02    2.9073585920E-02
    1.4639980000E-03    9.5293742447E-01    3.8336280133E-01   -1.4613763950E+02    2.8684720474E-02
    1.4679980000E-03    8.4104013089E-01    3.2493544047E-01   -1.4660022046E+02    2.8983708562E-02
    1.4719980000E-03    7.6668771682E-01    2.1337528881E-01   -1.4709707818E+02    2.9317615723E-02
    1.4759980000E-03    7.5002414309E-01    7.5926766094E-02   -1.4760917575E+02    2.9231892710E-02
    1.4799980000E-03    7.9229236023E-01   -5.5623147733E-02   -1.4811168699E+02    2.8827915669E-02
    1.4839980000E-03    8.7621592396E-01   -1.5323612193E-01   -1.4858826431E+02    2.8413694839E-02
    1.4879980000E-03    9.7515747274E-01   -1.9965423110E-01   -1.4903354833E+02    2.7826199311E-02
    1.4919980000E-03    1.0628260569E+00   -1.9678681180E-01   -1.4944621030E+02    2.6891874383E-02
    1.4959980000E-03    1.1276518962E+00   -1.6107471356E-01   -1.4982815322E+02    2.5503914273E-02
    1.4999980000E-03    1.1707112787E+00   -1.0815809611E-01   -1.5018486654E+02    2.3632026393E-02
    1.5039980000E-03    1.1952618713E+00   -4.6919161502E-02   -1.5052434076E+02    2.2091839535E-02
    1.5079980000E-03    1.2009599074E+00    1.7121661515E-02   -1.5085645042E+02    2.1786589755E-02
    1.5119980000E-03    1.1870701171E+00    7.9954407085E-02   -1.5119056201E+02    2.2737173094E-02
    1.5159980000E-03    1.1546763009E+00    1.3760605893E-01   -1.5153605910E+02    2.4623526065E-02
    1.5199980000E-03    1.1028273730E+00    1.8407642742E-01   -1.5190225494E+02    2.6451616938E-02
    1.5239980000E-03    1.0279358786E+00    2.0814224007E-01   -1.5229607380E+02    2.7751963023E-02
    1.5279980000E-03    9.3301387013E-01    1.9202728831E-01   -1.5272189531E+02    2.8658277855E-02
    1.5319980000E-03    8.3609569462E-01    1.2354801213E-01   -1.5318009208E+02    2.9272876028E-02
    1.5359980000E-03    7.6548442336E-01    8.8039700121E-03   -1.5366845149E+02    2.9788869439E-02
    1.5399980000E-03    7.4456059556E-01   -1.2983114557E-01   -1.5417821415E+02    3.0193709614E-02
    1.5439980000E-03    7.8497076333E-01   -2.6224360772E-01   -1.5468835033E+02    3.0136657397E-02
    1.5479980000E-03    8.7746404002E-01   -3.5734597585E-01   -1.5517434160E+02    2.9730702437E-02
    1.5519980000E-03    9.9709640379E-01   -3.9131531247E-01   -1.5562209097E+02    2.9562257572E-02
    1.5559980000E-03    1.1131612778E+00   -3.5266486071E-01   -1.5602901686E+02    3.0329216801E-02
    1.5599980000E-03    1.1993886573E+00   -2.4873413467E-01   -1.5639802752E+02    3.2305185135E-02
    1.5639980000E-03    1.2460598943E+00   -9.7562968317E-02   -1.5673675361E+02    3.4873714493E-02
    1.5679980000E-03    1.2556207286E+00    7.7084696864E-02   -1.5705867110E+02    3.5794326264E-02
    1.5719980000E-03    1.2293636097E+00    2.4066700573E-01   -1.5738566218E+02    3.4572258235E-02
    1.5759980000E-03    1.1616378907E+00    3.6783692214E-01   -1.5773488783E+02    3.3890513836E-02
    1.5799980000E-03    1.0516790498E+00    4.4275355687E-01   -1.5811463228E+02    3.4600603298E-02
    1.5839980000E-03    9.1419044292E-01    4.5034534562E-01   -1.5853053434E+02    3.6561278852E-02
    1.5879980000E-03    7.7669003705E-01    3.8605520444E-01   -1.5898787082E+02    3.8790845594E-02
    1.5919980000E-03    6.6871285211E-01    2.5972958458E-01   -1.5948883620E+02    4.0432705519E-02
    1.5959980000E-03    6.1590703279E-01    9.5676811353E-02   -1.6002313519E+02    4.0726068729E-02
    1.5999980000E-03    6.2653750367E-01   -7.6888121664E-02   -1.6056397116E+02    3.9277390747E-02
    1.6039980000E-03    6.9294848590E-01   -2.3308373707E-01   -1.6108446398E+02    3.6168620226E-02
    1.6079980000E-03    8.0131902994E-01   -3.4765878238E-01   -1.6156918439E+02    3.2126839878E-02
    1.6119980000E-03    9.2842244466E-01   -4.0308025525E-01   -1.6201443165E+02    2.7866960110E-02
    1.6159980000E-03    1.0467621292E+00   -4.0072430010E-01   -1.6242396652E+02    2.3955986392E-02
    1.6199980000E-03    1.1402256074E+00   -3.5303098823E-01   -1.6280285433E+02    2.0866580226E-02
    1.6239980000E-03    1.2027159199E+00   -2.6797588207E-01   -1.6315705710E+02    1.8805371886E-02
    1.6279980000E-03    1.2323152300E+00   -1.5302554964E-01   -1.6349239135E+02    1.7763405652E-02
    1.6319980000E-03    1.2314476184E+00   -2.0671910825E-02   -1.6382058846E+02    1.6816525846E-02
    1.6359980000E-03    1.2008670312E+00    1.0870467665E-01   -1.6416029422E+02    1.4877247421E-02
    1.6399980000E-03    1.1389549953E+00    2.0981787615E-01   -1.6452551701E+02    1.2500491752E-02
    1.6439980000E-03    1.0515379279E+00    2.5930922671E-01   -1.6492472217E+02    1.0340083816E-02
    1.6479980000E-03    9.5833105503E-01    2.4515806056E-01   -1.6536046537E+02    8.8445022331E-03
    1.6519980000E-03    8.8559726513E-01    1.7455065657E-01   -1.6582767766E+02    8.1002492151E-03
    1.6559980000E-03    8.5299182570E-01    6.9032777784E-02   -1.6631390647E+02    7.9579016637E-03
    1.6599980000E-03    8.6798544814E-01   -4.3826491096E-02   -1.6680215925E+02    8.3311401715E-03
    1.6639980000E-03    9.2488722155E-01   -1.3551012306E-01   -1.6727666936E+02    9.2748020176E-03
    1.6679980000E-03    1.0073612400E+00   -1.8214273556E-01   -1.6772634933E+02    1.0803470478E-02
    1.6719980000E-03    1.0924141293E+00   -1.7224219934E-01   -1.6814440691E+02    1.2661743128E-02
    1.6759980000E-03    1.1597667480E+00   -1.1317274277E-01   -1.6852928256E+02    1.4444272895E-02
    1.6799980000E-03    1.2014267163E+00   -2.4976670521E-02   -1.6888582047E+02    1.5870472491E-02
    1.6839980000E-03    1.2185467889E+00    7.3674476659E-02   -1.6922355941E+02    1.6984401512E-02
    1.6879980000E-03    1.2125284805E+00    1.6798791301E-01   -1.6955629373E+02    1.8325709326E-02
    1.6919980000E-03    1.1829427405E+00    2.4666746880E-01   -1.6989703971E+02    2.0468267476E-02
    1.6959980000E-03    1.1294722401E+00    3.0339324970E-01   -1.7025342916E+02    2.3104045853E-02
    1.6999980000E-03    1.0516315684E+00    3.3736357933E-01   -1.7063122692E+02    2.5962841172E-02
    1.7039980000E-03    9.5007493538E-01    3.3941193753E-01   -1.7103750706E+02    2.9239133479E-02
    1.7079980000E-03    8.3680449644E-01    2.9182398279E-01   -1.7147737422E+02    3.2608043067E-02
    1.7119980000E-03    7.3644492176E-01    1.8958534534E-01   -1.7195325893E+02    3.5800275125E-02
    1.7159980000E-03    6.7067924290E-01    4.6417826215E-02   -1.7246202824E+02    3.8338059726E-02
    1.7199980000E-03    6.5571580116E-01   -1.1535774058E-01   -1.7299221262E+02    3.9852546393E-02
    1.7239980000E-03    7.0435856451E-01   -2.6976203744E-01   -1.7352001651E+02    4.0120873274E-02
    1.7279980000E-03    8.0854661852E-01   -3.8656473171E-01   -1.7401793977E+02    3.9345105638E-02
    1.7319980000E-03    9.4206659269E-01   -4.4146426512E-01   -1.7447343371E+02    3.8124695148E-02
    1.7359980000E-03    1.0749174360E+00   -4.2289094425E-01   -1.7488717727E+02    3.7353973500E-02
    1.7399980000E-03    1.1783983308E+00   -3.3573872018E-01   -1.7526367522E+02    3.7872027570E-02
    1.7439980000E-03    1.2393079974E+00   -1.9634693719E-01   -1.7560898646E+02    3.9595819647E-02
    1.7479980000E-03    1.2596742869E+00   -2.2460878963E-02   -1.7593301119E+02    4.1120026938E-02
    1.7519980000E-03    1.2442345520E+00    1.5482448277E-01   -1.7625544801E+02    3.9762452188E-02
    1.7559980000E-03    1.1896507343E+00    3.0133844456E-01   -1.7659753401E+02    3.7500742657E-02
    1.7599980000E-03    1.0933970031E+00    3.9707535668E-01   -1.7697074347E+02    3.6243770914E-02
    1.7639980000E-03    9.6694183408E-01    4.2506541370E-01   -1.7738169011E+02    3.6273585416E-02
    1.7679980000E-03    8.3839022038E-01    3.7939465428E-01   -1.7783410853E+02    3.6994647000E-02
    1.7719980000E-03    7.3832578477E-01    2.7186756606E-01   -1.7832735012E+02    3.7519695284E-02
    1.7759980000E-03    6.9282391843E-01    1.2658537195E-01   -1.7884793331E+02    3.7268353010E-02
    1.7799980000E-03    7.1068276577E-01   -2.5577875222E-02   -1.7936920909E+02    3.6127096306E-02
    1.7839980000E-03    7.7833246092E-01   -1.5696528529E-01   -1.7986867236E+02    3.4301356502E-02
    1.7879980000E-03    8.7582201028E-01   -2.4607225875E-01   -1.8033697811E+02    3.2028182570E-02
    1.7919980000E-03    9.8004275048E-01   -2.8224299783E-01   -1.8077151428E+02    2.9625386949E-02
    1.7959980000E-03    1.0691712010E+00   -2.7346134601E-01   -1.8117342112E+02    2.7099486485E-02
    1.7999980000E-03    1.1352374707E+00   -2.3863078964E-01   -1.8154740015E+02    2.4524361192E-02
    1.8039980000E-03    1.1796634254E+00   -1.8854267274E-01   -1.8190058748E+02    2.2008588642E-02
    1.8079980000E-03    1.2029328516E+00   -1.2431569901E-01   -1.8223983457E+02    1.9982496090E-02
    1.8119980000E-03    1.2061069425E+00   -4.8415972184E-02   -1.8257243105E+02    1.8882325100E-02
    1.8159980000E-03    1.1899971901E+00    3.0111127291E-02   -1.8290926392E+02    1.8683545717E-02
    1.8199980000E-03    1.1535763889E+00    1.0071699508E-01   -1.8326247553E+02    1.8608177937E-02
    1.8239980000E-03    1.0941531476E+00    1.5158169572E-01   -1.8364119784E+02    1.8151774692E-02
    1.8279980000E-03    1.0119724428E+00    1.6665212579E-01   -1.8405123439E+02    1.7302666655E-02
    1.8319980000E-03    9.1989295110E-01    1.3038241007E-01   -1.8449374650E+02    1.6310439221E-02
    1.8359980000E-03    8.4459323294E-01    4.3012777479E-02   -1.8496540073E+02    1.5603163824E-02
    1.8399980000E-03    8.1092015224E-01   -7.5429878790E-02   -1.8545838275E+02    1.5221803393E-02
    1.8439980000E-03    8.3127326155E-01   -1.9561549995E-01   -1.8595651682E+02    1.4965007761E-02
    1.8479980000E-03    9.0143126042E-01   -2.8728675169E-01   -1.8643883056E+02    1.4904932831E-02
    1.8519980000E-03    1.0025543120E+00   -3.2509531136E-01   -1.8688925121E+02    1.5363715241E-02
    1.8559980000E-03    1.1063923476E+00   -2.9527358182E-01   -1.8730103995E+02    1.6732316401E-02
    1.8599980000E-03    1.1872218107E+00   -2.0272615417E-01   -1.8767509239E+02    1.8994643192E-02
    1.8639980000E-03    1.2334538533E+00   -6.5982897823E-02   -1.8801878963E+02    2.1441147881E-02
    1.8679980000E-03    1.2454457631E+00    8.9623795869E-02   -1.8834476142E+02    2.2627147487E-02
    1.8719980000E-03    1.2241996243E+00    2.3514419060E-01   -1.8867263533E+02    2.2544173147E-02
    1.8759980000E-03    1.1653811343E+00    3.5035236671E-01   -1.8901932109E+02    2.3160646893E-02
    1.8799980000E-03    1.0677965456E+00    4.2224429504E-01   -1.8939276380E+02    2.5231684232E-02
    1.8839980000E-03    9.4095228482E-01    4.3821860284E-01   -1.8979871756E+02    2.8495254189E-02
    1.8879980000E-03    8.0432117418E-01    3.8957401557E-01   -1.9024227737E+02    3.2350320932E-02
    1.8919980000E-03    6.8686697329E-01    2.7669143042E-01   -1.9072779754E+02    3.5808819642E-02
    1.8959980000E-03    6.1453470754E-01    1.1842719969E-01   -1.9125172736E+02    3.8146807229E-02
    1.8999980000E-03    6.0135106209E-01   -5.7629561545E-02   -1.9179623531E+02    3.8757191380E-02
    1.9039980000E-03    6.5031659436E-01   -2.2659627046E-01   -1.9233278991E+02    3.7532794273E-02
    1.9079980000E-03    7.5330889411E-01   -3.6099553585E-01   -1.9283635204E+02    3.4892942993E-02
    1.9119980000E-03    8.8797164892E-01   -4.3566005872E-01   -1.9329723229E+02    3.1483567689E-02
    1.9159980000E-03    1.0243248724E+00   -4.4208022112E-01   -1.9371755070E+02    2.8310432651E-02
    1.9199980000E-03    1.1372527834E+00   -3.8515932756E-01   -1.9410252699E+02    2.6211016082E-02
    1.9239980000E-03    1.2117433039E+00   -2.7751207192E-01   -1.9445759516E+02    2.5591547226E-02
    1.9279980000E-03    1.2457871937E+00   -1.3331172033E-01   -1.9478970136E+02    2.6027329355E-02
    1.9319980000E-03    1.2445103242E+00    2.9168250897E-02   -1.9511269392E+02    2.5573422719E-02
    1.9359980000E-03    1.2087663360E+00    1.8007974157E-01   -1.9544769432E+02    2.3274428860E-02
    1.9399980000E-03    1.1361779624E+00    2.9222082769E-01   -1.9580991378E+02    2.0892741034E-02
    1.9439980000E-03    1.0335013396E+00    3.4524955872E-01   -1.9620850715E+02    1.9414549794E-02
    1.9479980000E-03    9.2287374556E-01    3.2857461553E-01   -1.9664687890E+02    1.8966661761E-02
    1.9519980000E-03    8.3420047579E-01    2.5020078629E-01   -1.9712188424E+02    1.9115884248E-02
    1.9559980000E-03    7.9174946573E-01    1.3233117096E-01   -1.9762087417E+02    1.9407841419E-02
    1.9599980000E-03    8.0623033418E-01    4.6833875726E-03   -1.9812245097E+02    1.9648965464E-02
    1.9639980000E-03    8.7058540045E-01   -1.0194507898E-01   -1.9860639609E+02    1.9936510744E-02
    1.9679980000E-03    9.6265927939E-01   -1.6292936870E-01   -1.9906226841E+02    2.0354442837E-02
    1.9719980000E-03    1.0532474341E+00   -1.7046654873E-01   -1.9948625324E+02    2.0753796953E-02
    1.9759980000E-03    1.1234580776E+00   -1.3664997635E-01   -1.9987790336E+02    2.0813371471E-02
    1.9799980000E-03    1.1701710748E+00   -7.8485506324E-02   -2.0024145952E+02    2.0416194583E-02
    1.9839980000E-03    1.1963919127E+00   -8.1342404088E-03   -2.0058424128E+02    1.9863575794E-02
    1.9879980000E-03    1.2040751850E+00    6.4567017310E-02   -2.0091696411E+02    2.0013487901E-02
    1.9919980000E-03    1.1925571257E+00    1.3100414802E-01   -2.0125115787E+02    2.1396100161E-02
    1.9959980000E-03    1.1606276406E+00    1.8683489368E-01   -2.0159539704E+02    2.3698747956E-02
    1.9999980000E-03    1.1085887407E+00    2.3090032479E-01   -2.0195704507E+02    2.6138904154E-02
