 sig=    1.000000000000000      inputfile=
 /home/rjrj524/Finished/vmec_gc_tracer/revised_251128/nc/wout_pwO_nfp2_A6.nc                                                                                                                             
 dt=   2.0000000000000001E-009
 steps=      1000000
 x0=   4.0000000000000001E-002    3.080000000000000      
    6.410000000000000     
 u=   -57300.00000000000     
 v_perp=    75100.00000000000     
 
time(s)         x0(1)       x0(2)        x0(3)      r
    3.9980000000E-06    1.2582857315E+00    5.7862580016E-02    6.2495402871E+00    4.0032340179E-02
    7.9980000000E-06    1.2497973045E+00    1.4601702827E-01    6.0862080366E+00    3.9472927674E-02
    1.1998000000E-05    1.2312229531E+00    2.2849306106E-01    5.9153883282E+00    3.8703712355E-02
    1.5998000000E-05    1.2009366423E+00    3.0209517673E-01    5.7344532924E+00    3.8027782405E-02
    1.9998000000E-05    1.1577999662E+00    3.6382766045E-01    5.5419319979E+00    3.7580687917E-02
    2.3998000000E-05    1.1017876628E+00    4.1029895503E-01    5.3366846070E+00    3.7404840898E-02
    2.7998000000E-05    1.0346167931E+00    4.3780085766E-01    5.1178158504E+00    3.7522005716E-02
    3.1998000000E-05    9.6024979733E-01    4.4332169645E-01    4.8847199576E+00    3.7902951779E-02
    3.5998000000E-05    8.8407326472E-01    4.2576947040E-01    4.6368166931E+00    3.8408999749E-02
    3.9998000000E-05    8.1170434799E-01    3.8595737796E-01    4.3737447774E+00    3.8896247781E-02
    4.3998000000E-05    7.4848568349E-01    3.2633741513E-01    4.0959671246E+00    3.9275431637E-02
    4.7998000000E-05    6.9971825304E-01    2.5078749989E-01    3.8053764770E+00    3.9462437343E-02
    5.1998000000E-05    6.6994372802E-01    1.6454815515E-01    3.5060614216E+00    3.9384497684E-02
    5.5998000000E-05    6.6094037994E-01    7.3537474240E-02    3.2040008230E+00    3.9041329396E-02
    5.9998000000E-05    6.7177351820E-01   -1.6813776730E-02    2.9052455280E+00    3.8404998110E-02
    6.3998000000E-05    6.9917939850E-01   -1.0181272012E-01    2.6146804424E+00    3.7525024184E-02
    6.7998000000E-05    7.3938122215E-01   -1.7756947767E-01    2.3350129736E+00    3.6463148922E-02
    7.1998000000E-05    7.8957590329E-01   -2.4060913040E-01    2.0677824850E+00    3.5242996559E-02
    7.5998000000E-05    8.4658364391E-01   -2.8824657343E-01    1.8139508979E+00    3.3930337701E-02
    7.9998000000E-05    9.0620723318E-01   -3.1948362299E-01    1.5733282443E+00    3.2588851793E-02
    8.3998000000E-05    9.6428718517E-01   -3.3509608524E-01    1.3453127682E+00    3.1244677344E-02
    8.7998000000E-05    1.0176839774E+00   -3.3746061591E-01    1.1290874570E+00    2.9900944138E-02
    9.1998000000E-05    1.0646309540E+00   -3.2988580821E-01    9.2357376054E-01    2.8628908120E-02
    9.5998000000E-05    1.1047072802E+00   -3.1528911920E-01    7.2759765616E-01    2.7456998490E-02
    9.9998000000E-05    1.1381627943E+00   -2.9537219385E-01    5.3986886097E-01    2.6339465072E-02
    1.0399800000E-04    1.1653582721E+00   -2.7054015534E-01    3.5935566790E-01    2.5240749868E-02
    1.0799800000E-04    1.1866671813E+00   -2.4053988782E-01    1.8521525289E-01    2.4153261188E-02
    1.1199800000E-04    1.2023193076E+00   -2.0564779043E-01    1.6435714108E-02    2.3172917464E-02
    1.1599800000E-04    1.2124895496E+00   -1.6664900729E-01   -1.4821302891E-01    2.2380559638E-02
    1.1999800000E-04    1.2173730145E+00   -1.2437124986E-01   -3.1045786167E-01    2.1759221785E-02
    1.2399800000E-04    1.2170994383E+00   -7.9724229114E-02   -4.7260379199E-01    2.1255787626E-02
    1.2799800000E-04    1.2116390504E+00   -3.3713004134E-02   -6.3729525447E-01    2.0802816800E-02
    1.3199800000E-04    1.2006958485E+00    1.2489406371E-02   -8.0720115228E-01    2.0321789699E-02
    1.3599800000E-04    1.1836921868E+00    5.7228636036E-02   -9.8471079296E-01    1.9755647358E-02
    1.3999800000E-04    1.1599178684E+00    9.8182865103E-02   -1.1717249181E+00    1.9082695871E-02
    1.4399800000E-04    1.1288837362E+00    1.3229669879E-01   -1.3697506870E+00    1.8301285577E-02
    1.4799800000E-04    1.0909333665E+00    1.5579089357E-01   -1.5800041536E+00    1.7433772559E-02
    1.5199800000E-04    1.0477269267E+00    1.6498168625E-01   -1.8031310564E+00    1.6527441630E-02
    1.5599800000E-04    1.0021947849E+00    1.5752891690E-01   -2.0389124428E+00    1.5644450901E-02
    1.5999800000E-04    9.5808735330E-01    1.3307154444E-01   -2.2863571848E+00    1.4852295219E-02
    1.6399800000E-04    9.1932851015E-01    9.3138715816E-02   -2.5439275065E+00    1.4207294494E-02
    1.6799800000E-04    8.8948026607E-01    4.0845963069E-02   -2.8096974689E+00    1.3731720085E-02
    1.7199800000E-04    8.7161301948E-01   -1.9452696197E-02   -3.0814659950E+00    1.3411556095E-02
    1.7599800000E-04    8.6800680157E-01   -8.2707973835E-02   -3.3565176356E+00    1.3238178844E-02
    1.7999800000E-04    8.7947749205E-01   -1.4366657039E-01   -3.6314992885E+00    1.3209085003E-02
    1.8399800000E-04    9.0532816453E-01   -1.9714595999E-01   -3.9027305543E+00    1.3334876310E-02
    1.8799800000E-04    9.4348192479E-01   -2.3826986171E-01   -4.1665992246E+00    1.3637829461E-02
    1.9199800000E-04    9.9050390822E-01   -2.6291411342E-01   -4.4200535927E+00    1.4140586130E-02
    1.9599800000E-04    1.0418822291E+00   -2.6823201309E-01   -4.6608858795E+00    1.4858697556E-02
    1.9999800000E-04    1.0926016158E+00   -2.5340032100E-01   -4.8877408137E+00    1.5772697290E-02
    2.0399800000E-04    1.1382637124E+00   -2.1995898097E-01   -5.1002196781E+00    1.6815595013E-02
    2.0799800000E-04    1.1760058788E+00   -1.7116951834E-01   -5.2988890876E+00    1.7907945728E-02
    2.1199800000E-04    1.2045791023E+00   -1.1122997125E-01   -5.4850531131E+00    1.8976828023E-02
    2.1599800000E-04    1.2240676838E+00   -4.4520871205E-02   -5.6605244689E+00    1.9934638699E-02
    2.1999800000E-04    1.2353056785E+00    2.5119014960E-02   -5.8277463601E+00    2.0671940014E-02
    2.2399800000E-04    1.2390813440E+00    9.4570619661E-02   -5.9902198717E+00    2.1131368066E-02
    2.2799800000E-04    1.2356136292E+00    1.6137143177E-01   -6.1522265219E+00    2.1397585174E-02
    2.3199800000E-04    1.2244647582E+00    2.2378555766E-01   -6.3176213448E+00    2.1668096990E-02
    2.3599800000E-04    1.2047810416E+00    2.8041711641E-01   -6.4889919054E+00    2.2120491474E-02
    2.3999800000E-04    1.1757886441E+00    3.2965579997E-01   -6.6677798883E+00    2.2826384220E-02
    2.4399800000E-04    1.1372523979E+00    3.6982018521E-01   -6.8548705420E+00    2.3780577736E-02
    2.4799800000E-04    1.0895221655E+00    3.9946028419E-01   -7.0511464587E+00    2.4975523200E-02
    2.5199800000E-04    1.0333119943E+00    4.1722447052E-01   -7.2576368559E+00    2.6400035543E-02
    2.5599800000E-04    9.6975637568E-01    4.2132165399E-01   -7.4754346324E+00    2.8005091874E-02
    2.5999800000E-04    9.0096019428E-01    4.0938619144E-01   -7.7055160132E+00    2.9728093189E-02
    2.6399800000E-04    8.3046180885E-01    3.7931627603E-01   -7.9488506897E+00    3.1502673458E-02
    2.6799800000E-04    7.6304532511E-01    3.3023309442E-01   -8.2065800948E+00    3.3249802081E-02
    2.7199800000E-04    7.0377348249E-01    2.6336759191E-01   -8.4790047783E+00    3.4865640804E-02
    2.7599800000E-04    6.5677920164E-01    1.8193006653E-01   -8.7652943382E+00    3.6261548895E-02
    2.7999800000E-04    6.2500039799E-01    9.0308566602E-02   -9.0634281882E+00    3.7372331236E-02
    2.8399800000E-04    6.1098859051E-01   -6.9555974459E-03   -9.3696772710E+00    3.8046730996E-02
    2.8799800000E-04    6.1648466022E-01   -1.0547369056E-01   -9.6787189144E+00    3.8282579084E-02
    2.9199800000E-04    6.4215208298E-01   -2.0056352414E-01   -9.9845115536E+00    3.8103627851E-02
    2.9599800000E-04    6.8698501974E-01   -2.8686657703E-01   -1.0281081544E+01    3.7525012956E-02
    2.9999800000E-04    7.4759747878E-01   -3.5894053805E-01   -1.0564386066E+01    3.6665992316E-02
    3.0399800000E-04    8.1907604060E-01   -4.1242641138E-01   -1.0832655824E+01    3.5621552944E-02
    3.0799800000E-04    8.9612146672E-01   -4.4479412036E-01   -1.1085490701E+01    3.4472621024E-02
    3.1199800000E-04    9.7339462555E-01   -4.5536773093E-01   -1.1323525121E+01    3.3353422489E-02
    3.1599800000E-04    1.0460308431E+00   -4.4485460379E-01   -1.1547762731E+01    3.2395924904E-02
    3.1999800000E-04    1.1099759398E+00   -4.1506646367E-01   -1.1759057021E+01    3.1711901528E-02
    3.2399800000E-04    1.1624267264E+00   -3.6892052897E-01   -1.1958195880E+01    3.1347205651E-02
    3.2799800000E-04    1.2022813843E+00   -3.0960753945E-01   -1.2146113366E+01    3.1292206288E-02
    3.3199800000E-04    1.2298328984E+00   -2.3997435182E-01   -1.2323834618E+01    3.1507500540E-02
    3.3599800000E-04    1.2463027685E+00   -1.6245516143E-01   -1.2492719136E+01    3.1867580839E-02
    3.3999800000E-04    1.2532095659E+00   -7.9656826070E-02   -1.2655355113E+01    3.2119638226E-02
    3.4399800000E-04    1.2515934328E+00    5.4015407572E-03   -1.2816208794E+01    3.1943107889E-02
    3.4799800000E-04    1.2414019531E+00    8.9411352282E-02   -1.2980703527E+01    3.1222281718E-02
    3.5199800000E-04    1.2216135995E+00    1.6871869567E-01   -1.3153288985E+01    3.0173329528E-02
    3.5599800000E-04    1.1910313239E+00    2.3945893800E-01   -1.3336768070E+01    2.9064903560E-02
    3.5999800000E-04    1.1491561425E+00    2.9774630196E-01   -1.3532972769E+01    2.8061692276E-02
    3.6399800000E-04    1.0967914367E+00    3.3965013226E-01   -1.3743270196E+01    2.7262156265E-02
    3.6799800000E-04    1.0365592557E+00    3.6152118061E-01   -1.3968469465E+01    2.6726666773E-02
    3.7199800000E-04    9.7302239870E-01    3.6122079906E-01   -1.4208601350E+01    2.6453234389E-02
    3.7599800000E-04    9.1184171757E-01    3.3903502327E-01   -1.4463017425E+01    2.6378682384E-02
    3.7999800000E-04    8.5866445999E-01    2.9732481486E-01   -1.4730352570E+01    2.6437504542E-02
    3.8399800000E-04    8.1848944515E-01    2.3992817645E-01   -1.5008015890E+01    2.6567729250E-02
    3.8799800000E-04    7.9506914890E-01    1.7183100641E-01   -1.5291980752E+01    2.6700458310E-02
    3.9199800000E-04    7.9035514044E-01    9.8788326385E-02   -1.5577421095E+01    2.6815966343E-02
    3.9599800000E-04    8.0432702684E-01    2.6800234307E-02   -1.5859432722E+01    2.6920426265E-02
    3.9999800000E-04    8.3466495102E-01   -3.8439749039E-02   -1.6133967025E+01    2.7032981533E-02
    4.0399800000E-04    8.7744670774E-01   -9.2039163407E-02   -1.6398522511E+01    2.7173442278E-02
    4.0799800000E-04    9.2763375787E-01   -1.3041798840E-01   -1.6651719062E+01    2.7342032380E-02
    4.1199800000E-04    9.7946716730E-01   -1.5220578963E-01   -1.6892916482E+01    2.7527305393E-02
    4.1599800000E-04    1.0280794071E+00   -1.5851202227E-01   -1.7121818739E+01    2.7688462612E-02
    4.1999800000E-04    1.0705906585E+00   -1.5215848915E-01   -1.7338415293E+01    2.7776142200E-02
    4.2399800000E-04    1.1060273208E+00   -1.3645269047E-01   -1.7543294189E+01    2.7762232220E-02
    4.2799800000E-04    1.1346345183E+00   -1.1421338659E-01   -1.7737473947E+01    2.7635080825E-02
    4.3199800000E-04    1.1571572600E+00   -8.7500119884E-02   -1.7922062821E+01    2.7387552955E-02
    4.3599800000E-04    1.1743733548E+00   -5.7835776041E-02   -1.8098253399E+01    2.7048508006E-02
    4.3999800000E-04    1.1869136673E+00   -2.6496598994E-02   -1.8267454925E+01    2.6701865863E-02
    4.4399800000E-04    1.1952483479E+00    5.4185418095E-03   -1.8431355126E+01    2.6453107700E-02
    4.4799800000E-04    1.1996471144E+00    3.6980466856E-02   -1.8591920971E+01    2.6385147122E-02
    4.5199800000E-04    1.2001133247E+00    6.7413822803E-02   -1.8751247698E+01    2.6566289672E-02
    4.5599800000E-04    1.1964226545E+00    9.6204452662E-02   -1.8911267535E+01    2.7049407405E-02
    4.5999800000E-04    1.1882914586E+00    1.2316964409E-01   -1.9073691436E+01    2.7797758637E-02
    4.6399800000E-04    1.1755316463E+00    1.4839055862E-01   -1.9240069843E+01    2.8706884002E-02
    4.6799800000E-04    1.1580861325E+00    1.7197945706E-01   -1.9411721644E+01    2.9699119958E-02
    4.7199800000E-04    1.1358851360E+00    1.9370757268E-01   -1.9589890698E+01    3.0706362895E-02
    4.7599800000E-04    1.1085372242E+00    2.1289435084E-01   -1.9775759180E+01    3.1683682676E-02
    4.7999800000E-04    1.0753074178E+00    2.2823322074E-01   -1.9970354554E+01    3.2586427087E-02
    4.8399800000E-04    1.0355118482E+00    2.3750019295E-01   -2.0174830416E+01    3.3397230820E-02
    4.8799800000E-04    9.8918247873E-01    2.3758637547E-01   -2.0390369689E+01    3.4152549360E-02
    4.9199800000E-04    9.3766249314E-01    2.2521781299E-01   -2.0617799206E+01    3.4854968298E-02
    4.9599800000E-04    8.8363270126E-01    1.9800383724E-01   -2.0857506116E+01    3.5495813172E-02
    4.9999800000E-04    8.3085268285E-01    1.5504803218E-01   -2.1109618594E+01    3.6088241723E-02
    5.0399800000E-04    7.8384253469E-01    9.7120804973E-02   -2.1374049609E+01    3.6627608676E-02
    5.0799800000E-04    7.4691717046E-01    2.6735753895E-02   -2.1650148322E+01    3.7114041263E-02
    5.1199800000E-04    7.2427253208E-01   -5.2420954213E-02   -2.1936338141E+01    3.7545690901E-02
    5.1599800000E-04    7.2003867874E-01   -1.3564676836E-01   -2.2229208265E+01    3.7844447736E-02
    5.1999800000E-04    7.3636912577E-01   -2.1725711325E-01   -2.2523500724E+01    3.7977174447E-02
    5.2399800000E-04    7.7262734435E-01   -2.9116772179E-01   -2.2813419136E+01    3.7944094732E-02
    5.2799800000E-04    8.2551747753E-01   -3.5168574668E-01   -2.3093846314E+01    3.7772256628E-02
    5.3199800000E-04    8.9006552950E-01   -3.9422214655E-01   -2.3361432605E+01    3.7553719028E-02
    5.3599800000E-04    9.6083009188E-01   -4.1546697968E-01   -2.3614607059E+01    3.7375816790E-02
    5.3999800000E-04    1.0320617688E+00   -4.1357848589E-01   -2.3852886731E+01    3.7349612446E-02
    5.4399800000E-04    1.0979606568E+00   -3.8880777016E-01   -2.4076301525E+01    3.7589763448E-02
    5.4799800000E-04    1.1539659257E+00   -3.4383687375E-01   -2.4285207358E+01    3.8119158876E-02
    5.5199800000E-04    1.1978175947E+00   -2.8251121702E-01   -2.4480462516E+01    3.8903220272E-02
    5.5599800000E-04    1.2291657931E+00   -2.0850100728E-01   -2.4663297998E+01    3.9876069346E-02
    5.5999800000E-04    1.2488925352E+00   -1.2518597002E-01   -2.4835318630E+01    4.0879867219E-02
    5.6399800000E-04    1.2585051281E+00   -3.6150205174E-02   -2.4999237265E+01    4.1591563288E-02
    5.6799800000E-04    1.2592268028E+00    5.4769555552E-02   -2.5159789000E+01    4.1651750876E-02
    5.7199800000E-04    1.2510955052E+00    1.4371969748E-01   -2.5322941754E+01    4.1092714396E-02
    5.7599800000E-04    1.2328908456E+00    2.2704785151E-01   -2.5493499999E+01    4.0302437566E-02
    5.7999800000E-04    1.2029555045E+00    3.0149240416E-01   -2.5674161979E+01    3.9598520064E-02
    5.8399800000E-04    1.1601082610E+00    3.6404688371E-01   -2.5866413100E+01    3.9123557212E-02
    5.8799800000E-04    1.1042603272E+00    4.1135935183E-01   -2.6071383754E+01    3.8923600505E-02
    5.9199800000E-04    1.0370697217E+00    4.3969543256E-01   -2.6289978652E+01    3.9021345933E-02
    5.9599800000E-04    9.6246246619E-01    4.4599293850E-01   -2.6522797073E+01    3.9389922505E-02
    5.9999800000E-04    8.8587141597E-01    4.2909064483E-01   -2.6770425657E+01    3.9889147645E-02
    6.0399800000E-04    8.1295173902E-01    3.8977995223E-01   -2.7033247788E+01    4.0371974793E-02
    6.0799800000E-04    7.4906963146E-01    3.3049202096E-01   -2.7310839976E+01    4.0746233015E-02
    6.1199800000E-04    6.9956370322E-01    2.5508748122E-01   -2.7601362902E+01    4.0926157961E-02
    6.1599800000E-04    6.6907637642E-01    1.6880856301E-01   -2.7900765433E+01    4.0838364938E-02
    6.1999800000E-04    6.5947647167E-01    7.7606328542E-02   -2.8203042798E+01    4.0483147574E-02
    6.2399800000E-04    6.6985673647E-01   -1.3052604212E-02   -2.8502075374E+01    3.9830654102E-02
    6.2799800000E-04    6.9692259208E-01   -9.8457926735E-02   -2.8792925675E+01    3.8929682222E-02
    6.3199800000E-04    7.3683186228E-01   -1.7471905649E-01   -2.9072862364E+01    3.7845361294E-02
    6.3599800000E-04    7.8676227482E-01   -2.3837401666E-01   -2.9340368537E+01    3.6600563583E-02
    6.3999800000E-04    8.4360100785E-01   -2.8670245867E-01   -2.9594477877E+01    3.5263676395E-02
    6.4399800000E-04    9.0320019866E-01   -3.1864601754E-01   -2.9835372902E+01    3.3898533405E-02
    6.4799800000E-04    9.6138004610E-01   -3.3493284424E-01   -3.0063661958E+01    3.2532752984E-02
    6.5199800000E-04    1.0149557464E+00   -3.3791311798E-01   -3.0280157905E+01    3.1167382061E-02
    6.5599800000E-04    1.0621152044E+00   -3.3091133075E-01   -3.0485943563E+01    2.9873919442E-02
    6.5999800000E-04    1.1024119037E+00   -3.1689286958E-01   -3.0682189869E+01    2.8683355515E-02
    6.6399800000E-04    1.1360992691E+00   -2.9760373631E-01   -3.0870186857E+01    2.7548033928E-02
    6.6799800000E-04    1.1635529270E+00   -2.7346794861E-01   -3.1050973761E+01    2.6430290627E-02
    6.7199800000E-04    1.1851700588E+00   -2.4418901158E-01   -3.1225387063E+01    2.5317107325E-02
    6.7599800000E-04    1.2011884994E+00   -2.0997711702E-01   -3.1394432642E+01    2.4303542756E-02
    6.7999800000E-04    1.2117624541E+00   -1.7160161701E-01   -3.1559315383E+01    2.3479014670E-02
    6.8399800000E-04    1.2170690614E+00   -1.2987727356E-01   -3.1721706087E+01    2.2830409081E-02
    6.8799800000E-04    1.2172361293E+00   -8.5694648308E-02   -3.1883844888E+01    2.2306572283E-02
    6.9199800000E-04    1.2122516768E+00   -4.0040682707E-02   -3.2048328057E+01    2.1841648425E-02
    6.9599800000E-04    1.2018488047E+00    5.9505369670E-03   -3.2217811325E+01    2.1355391629E-02
    6.9999800000E-04    1.1854702071E+00    5.0688028735E-02   -3.2394708616E+01    2.0785977424E-02
    7.0399800000E-04    1.1624026427E+00    9.1908511600E-02   -3.2580956860E+01    2.0108246173E-02
    7.0799800000E-04    1.1321147242E+00    1.2660629937E-01   -3.2778085033E+01    1.9318616962E-02
    7.1199800000E-04    1.0948611882E+00    1.5102033280E-01   -3.2987337295E+01    1.8437325721E-02
    7.1599800000E-04    1.0521889184E+00    1.6139736059E-01   -3.3209416635E+01    1.7510764841E-02
    7.1999800000E-04    1.0069250460E+00    1.5526376741E-01   -3.3444165608E+01    1.6601955326E-02
    7.2399800000E-04    9.6274592444E-01    1.3210605768E-01   -3.3690633596E+01    1.5780820402E-02
    7.2799800000E-04    9.2355092533E-01    9.3316905693E-02   -3.3947315396E+01    1.5107445732E-02
    7.3199800000E-04    8.9293377403E-01    4.1908171647E-02   -3.4212321232E+01    1.4606239554E-02
    7.3599800000E-04    8.7404172100E-01   -1.7833208533E-02   -3.4483503003E+01    1.4261981743E-02
    7.3999800000E-04    8.6929469177E-01   -8.0883409406E-02   -3.4758224115E+01    1.4066709085E-02
    7.4399800000E-04    8.7964021894E-01   -1.4198937795E-01   -3.5033176566E+01    1.4018569990E-02
    7.4799800000E-04    9.0449700034E-01   -1.9594287465E-01   -3.5304684634E+01    1.4127665543E-02
    7.5199800000E-04    9.4189045768E-01   -2.3781598604E-01   -3.5569094725E+01    1.4417372200E-02
    7.5599800000E-04    9.8847188341E-01   -2.6338471544E-01   -3.5823274875E+01    1.4911149732E-02
    7.5999800000E-04    1.0397647123E+00   -2.6966775855E-01   -3.6064939059E+01    1.5626773439E-02
    7.6399800000E-04    1.0907199646E+00   -2.5567761767E-01   -3.6292657550E+01    1.6548121572E-02
    7.6799800000E-04    1.1368373181E+00   -2.2279863608E-01   -3.6505950940E+01    1.7608036364E-02
    7.7199800000E-04    1.1751195777E+00   -1.7423440347E-01   -3.6705331548E+01    1.8723504989E-02
    7.7599800000E-04    1.2042144316E+00   -1.1417187558E-01   -3.6892073023E+01    1.9819047416E-02
    7.7999800000E-04    1.2241411842E+00   -4.7050708126E-02   -3.7067977124E+01    2.0804922335E-02
    7.8399800000E-04    1.2357249435E+00    2.3191609978E-02   -3.7235477092E+01    2.1567355989E-02
    7.8799800000E-04    1.2397820997E+00    9.3359018913E-02   -3.7398063723E+01    2.2042150803E-02
    7.9199800000E-04    1.2365561306E+00    1.6090885320E-01   -3.7560049464E+01    2.2309872272E-02
    7.9599800000E-04    1.2256130121E+00    2.2403485003E-01   -3.7725350195E+01    2.2571308698E-02
    7.9999800000E-04    1.2060828203E+00    2.8133310198E-01   -3.7896593511E+01    2.3013694772E-02
    8.0399800000E-04    1.1771571909E+00    3.3121364111E-01   -3.8075235376E+01    2.3717656720E-02
    8.0799800000E-04    1.1385734754E+00    3.7196984451E-01   -3.8262163100E+01    2.4679815532E-02
    8.1199800000E-04    1.0906879991E+00    4.0210768232E-01   -3.8458255449E+01    2.5891008494E-02
    8.1599800000E-04    1.0342483270E+00    4.2025730729E-01   -3.8664535520E+01    2.7338546250E-02
    8.1999800000E-04    9.7040533747E-01    4.2467500761E-01   -3.8882086890E+01    2.8973814045E-02
    8.2399800000E-04    9.0124972687E-01    4.1302708994E-01   -3.9111900650E+01    3.0732390041E-02
    8.2799800000E-04    8.3029673206E-01    3.8319832939E-01   -3.9354949865E+01    3.2547572950E-02
    8.3199800000E-04    7.6233334745E-01    3.3426201620E-01   -3.9612400313E+01    3.4335271296E-02
    8.3599800000E-04    7.0246210167E-01    2.6738919182E-01   -3.9884612153E+01    3.5991643160E-02
    8.3999800000E-04    6.5485929666E-01    1.8579258500E-01   -4.0170804083E+01    3.7425333982E-02
    8.4399800000E-04    6.2249098836E-01    9.3870664967E-02   -4.0469015757E+01    3.8572481739E-02
    8.4799800000E-04    6.0788537821E-01   -3.7912215034E-03   -4.0775563413E+01    3.9278131310E-02
    8.5199800000E-04    6.1282397048E-01   -1.0283376919E-01   -4.1085100850E+01    3.9534252103E-02
    8.5599800000E-04    6.3801399696E-01   -1.9861631115E-01   -4.1391535008E+01    3.9369231237E-02
    8.5999800000E-04    6.8253760376E-01   -2.8579028688E-01   -4.1688817758E+01    3.8794955045E-02
    8.6399800000E-04    7.4306671098E-01   -3.5885218354E-01   -4.1972825666E+01    3.7930316447E-02
    8.6799800000E-04    8.1468263007E-01   -4.1335963948E-01   -4.2241760038E+01    3.6873822797E-02
    8.7199800000E-04    8.9207242116E-01   -4.4671267973E-01   -4.2495210878E+01    3.5705555151E-02
    8.7599800000E-04    9.6987410849E-01   -4.5817973701E-01   -4.2733811408E+01    3.4560750508E-02
    8.7999800000E-04    1.0431808427E+00   -4.4842756680E-01   -4.2958583210E+01    3.3573841371E-02
    8.8399800000E-04    1.1078679402E+00   -4.1922678387E-01   -4.3170400844E+01    3.2861469544E-02
    8.8799800000E-04    1.1610461989E+00   -3.7346812939E-01   -4.3370045279E+01    3.2474440686E-02
    8.9199800000E-04    1.2015438566E+00   -3.1435686798E-01   -4.3558440766E+01    3.2404102751E-02
    8.9599800000E-04    1.2296228432E+00   -2.4474330748E-01   -4.3736595344E+01    3.2612447929E-02
    8.9999800000E-04    1.2464960556E+00   -1.6706905174E-01   -4.3905830512E+01    3.2976789385E-02
    9.0399800000E-04    1.2537104758E+00   -8.3933527343E-02   -4.4068657683E+01    3.3244902554E-02
    9.0799800000E-04    1.2523590995E+00    1.6138721145E-03   -4.4229495658E+01    3.3086769324E-02
    9.1199800000E-04    1.2424360605E+00    8.6228095247E-02   -4.4393807899E+01    3.2369751710E-02
    9.1599800000E-04    1.2229297540E+00    1.6621394379E-01   -4.4566137535E+01    3.1305312241E-02
    9.1999800000E-04    1.1926229118E+00    2.3766246646E-01   -4.4749351672E+01    3.0170689706E-02
    9.2399800000E-04    1.1509850232E+00    2.9666617059E-01   -4.4945303301E+01    2.9137378979E-02
    9.2799800000E-04    1.0987908953E+00    3.3927678926E-01   -4.5155369398E+01    2.8307761151E-02
    9.3199800000E-04    1.0386410954E+00    3.6181494012E-01   -4.5380367174E+01    2.7745899292E-02
    9.3599800000E-04    9.7510175364E-01    3.6209880627E-01   -4.5620324068E+01    2.7452830479E-02
    9.3999800000E-04    9.1385672267E-01    3.4039998510E-01   -4.5874578304E+01    2.7365520754E-02
    9.4399800000E-04    8.6057552786E-01    2.9908870955E-01   -4.6141755010E+01    2.7417139914E-02
    9.4799800000E-04    8.2029578065E-01    2.4200845354E-01   -4.6419259326E+01    2.7545336088E-02
    9.5199800000E-04    7.9678971887E-01    1.7416332650E-01   -4.6703051397E+01    2.7680459295E-02
    9.5599800000E-04    7.9203493769E-01    1.0132488800E-01   -4.6988296752E+01    2.7801621743E-02
    9.5999800001E-04    8.0602794271E-01    2.9519277360E-02   -4.7270086070E+01    2.7914993346E-02
    9.6399800001E-04    8.3645578928E-01   -3.5525252058E-02   -4.7544374670E+01    2.8037486706E-02
    9.6799800001E-04    8.7937710207E-01   -8.8871726757E-02   -4.7808671761E+01    2.8189886871E-02
    9.7199800001E-04    9.2968303302E-01   -1.2690687203E-01   -4.8061609414E+01    2.8377309304E-02
    9.7599800001E-04    9.8153596540E-01   -1.4827539964E-01   -4.8302558154E+01    2.8587926883E-02
    9.7999800001E-04    1.0300278572E+00   -1.5415613949E-01   -4.8531223759E+01    2.8776379284E-02
    9.8399800001E-04    1.0722905272E+00   -1.4745659975E-01   -4.8747600457E+01    2.8891333694E-02
    9.8799800001E-04    1.1074053286E+00   -1.3152760468E-01   -4.8952286287E+01    2.8903252654E-02
    9.9199800001E-04    1.1356729502E+00   -1.0918043699E-01   -4.9146308136E+01    2.8800543946E-02
    9.9599800001E-04    1.1578723699E+00   -8.2442437738E-02   -4.9330772089E+01    2.8577761580E-02
    9.9999800001E-04    1.1747940539E+00   -5.2801523886E-02   -4.9506866826E+01    2.8264023220E-02
    1.0039980000E-03    1.1870656967E+00   -2.1516178564E-02   -4.9676005491E+01    2.7943425092E-02
    1.0079980000E-03    1.1951543355E+00    1.0305909479E-02   -4.9839877458E+01    2.7722290016E-02
    1.0119980000E-03    1.1993434595E+00    4.1716233539E-02   -5.0000440017E+01    2.7681865390E-02
    1.0159980000E-03    1.1996606116E+00    7.1909588430E-02   -5.0159788273E+01    2.7883648049E-02
    1.0199980000E-03    1.1958899340E+00    1.0034652925E-01   -5.0319859326E+01    2.8382652361E-02
    1.0239980000E-03    1.1877282972E+00    1.2685459500E-01   -5.0482341388E+01    2.9153781031E-02
    1.0279980000E-03    1.1749579367E+00    1.5156238698E-01   -5.0648753021E+01    3.0091810139E-02
    1.0319980000E-03    1.1575041080E+00    1.7463783900E-01   -5.0820393194E+01    3.1112298795E-02
    1.0359980000E-03    1.1353039822E+00    1.9590147991E-01   -5.0998485908E+01    3.2146193348E-02
    1.0399980000E-03    1.1079830960E+00    2.1471274689E-01   -5.1184209854E+01    3.3149996457E-02
    1.0439980000E-03    1.0748118549E+00    2.2978336337E-01   -5.1378589107E+01    3.4083009994E-02
    1.0479980000E-03    1.0350872101E+00    2.3891362205E-01   -5.1582765413E+01    3.4924527118E-02
    1.0519980000E-03    9.8880400908E-01    2.3899258076E-01   -5.1797932071E+01    3.5713041422E-02
    1.0559980000E-03    9.3727563065E-01    2.2670939973E-01   -5.2024937313E+01    3.6453123042E-02
    1.0599980000E-03    8.8317123599E-01    1.9962013845E-01   -5.2264193458E+01    3.7134522503E-02
    1.0639980000E-03    8.3020017508E-01    1.5679857175E-01   -5.2515848844E+01    3.7769499503E-02
    1.0679980000E-03    7.8280659431E-01    9.8975875555E-02   -5.2779858039E+01    3.8350498745E-02
    1.0719980000E-03    7.4533279583E-01    2.8583603827E-02   -5.3055639619E+01    3.8873920520E-02
    1.0759980000E-03    7.2200418093E-01   -5.0746586101E-02   -5.3341695065E+01    3.9340041492E-02
    1.0799980000E-03    7.1702201562E-01   -1.3435941482E-01   -5.3634713281E+01    3.9670456425E-02
    1.0839980000E-03    7.3271644945E-01   -2.1659369641E-01   -5.3929449563E+01    3.9828533414E-02
    1.0879980000E-03    7.6857765936E-01   -2.9134313024E-01   -5.4220034707E+01    3.9815019635E-02
    1.0919980000E-03    8.2137009556E-01   -3.5284374450E-01   -5.4501244261E+01    3.9653311377E-02
    1.0959980000E-03    8.8606458098E-01   -3.9643745139E-01   -5.4769648780E+01    3.9435425167E-02
    1.0999980000E-03    9.5722344158E-01   -4.1873926842E-01   -5.5023630354E+01    3.9252026290E-02
    1.1039980000E-03    1.0290866232E+00   -4.1780755112E-01   -5.5262695681E+01    3.9214852505E-02
    1.1079980000E-03    1.0957704885E+00   -3.9378523295E-01   -5.5486880303E+01    3.9445383254E-02
    1.1119980000E-03    1.1525862106E+00   -3.4927906075E-01   -5.5696517167E+01    3.9972391818E-02
    1.1159980000E-03    1.1971692142E+00   -2.8814286611E-01   -5.5892438421E+01    4.0761262322E-02
    1.1199980000E-03    1.2291223224E+00   -2.1406301807E-01   -5.6075853392E+01    4.1747608941E-02
    1.1239980000E-03    1.2493145751E+00   -1.3040218587E-01   -5.6248321820E+01    4.2776481138E-02
    1.1279980000E-03    1.2592776810E+00   -4.0767649585E-02   -5.6412492151E+01    4.3523197376E-02
    1.1319980000E-03    1.2603000935E+00    5.0952358187E-02   -5.6573061131E+01    4.3608433462E-02
    1.1359980000E-03    1.2524735701E+00    1.4082478742E-01   -5.6736065129E+01    4.3042214760E-02
    1.1399980000E-03    1.2345791903E+00    2.2511708834E-01   -5.6906427896E+01    4.2218272078E-02
    1.1439980000E-03    1.2049240823E+00    3.0049883550E-01   -5.7086915464E+01    4.1471249567E-02
    1.1479980000E-03    1.1622933747E+00    3.6391205091E-01   -5.7279039168E+01    4.0951712382E-02
    1.1519980000E-03    1.1065493699E+00    4.1203414756E-01   -5.7483921791E+01    4.0710194529E-02
    1.1559980000E-03    1.0392931210E+00    4.4111966449E-01   -5.7702467175E+01    4.0771213939E-02
    1.1599980000E-03    9.6447053404E-01    4.4802695200E-01   -5.7935274452E+01    4.1110473631E-02
    1.1639980000E-03    8.8757738461E-01    4.3157402245E-01   -5.8182911322E+01    4.1586263939E-02
    1.1679980000E-03    8.1430615906E-01    3.9258075360E-01   -5.8445749262E+01    4.2049511406E-02
    1.1719980000E-03    7.5009200440E-01    3.3349058861E-01   -5.8723378658E+01    4.2404704253E-02
    1.1759980000E-03    7.0029678450E-01    2.5819073678E-01   -5.9013947411E+01    4.2563193528E-02
    1.1799980000E-03    6.6962726898E-01    1.7195329219E-01   -5.9313369420E+01    4.2453981897E-02
    1.1839980000E-03    6.5998548641E-01    8.0771164893E-02   -5.9615592935E+01    4.2080628279E-02
    1.1879980000E-03    6.7042825672E-01   -9.8482238446E-03   -5.9914447853E+01    4.1410089562E-02
    1.1919980000E-03    6.9757042807E-01   -9.5173489650E-02   -6.0205003116E+01    4.0493027983E-02
    1.1959980000E-03    7.3747302647E-01   -1.7133006000E-01   -6.0484576398E+01    3.9395512404E-02
    1.1999980000E-03    7.8725132051E-01   -2.3490963010E-01   -6.0751722151E+01    3.8138070478E-02
    1.2039980000E-03    8.4382042424E-01   -2.8322550571E-01   -6.1005514174E+01    3.6795904706E-02
    1.2079980000E-03    9.0311011105E-01   -3.1521586592E-01   -6.1246139354E+01    3.5429326737E-02
    1.2119980000E-03    9.6095845998E-01   -3.3162339769E-01   -6.1474204290E+01    3.4062875032E-02
    1.2159980000E-03    1.0141821265E+00   -3.3484073997E-01   -6.1690512176E+01    3.2694269658E-02
    1.2199980000E-03    1.0610065572E+00   -3.2820887308E-01   -6.1896157209E+01    3.1393109038E-02
    1.2239980000E-03    1.1010100220E+00   -3.1472183303E-01   -6.2092307551E+01    3.0194396432E-02
    1.2279980000E-03    1.1344630212E+00   -2.9618177969E-01   -6.2280248893E+01    2.9050709856E-02
    1.2319980000E-03    1.1617571218E+00   -2.7304005025E-01   -6.2461027565E+01    2.7923566440E-02
    1.2359980000E-03    1.1833243045E+00   -2.4493273389E-01   -6.2635466998E+01    2.6790220306E-02
    1.2399980000E-03    1.1994423037E+00   -2.1193332474E-01   -6.2804578440E+01    2.5735574641E-02
    1.2439980000E-03    1.2102509612E+00   -1.7478366756E-01   -6.2969561390E+01    2.4869149804E-02
    1.2479980000E-03    1.2159008045E+00   -1.3429185257E-01   -6.3132022530E+01    2.4190525800E-02
    1.2519980000E-03    1.2165043844E+00   -9.1310527279E-02   -6.3294109274E+01    2.3650175149E-02
    1.2559980000E-03    1.2120597214E+00   -4.6794438849E-02   -6.3458331317E+01    2.3183877297E-02
    1.2599980000E-03    1.2023367881E+00   -1.8197212412E-03   -6.3627284178E+01    2.2711423714E-02
    1.2639980000E-03    1.1868156280E+00    4.2147502259E-02   -6.3803369822E+01    2.2163846664E-02
    1.2679980000E-03    1.1647888264E+00    8.2990895263E-02   -6.3988550360E+01    2.1508234073E-02
    1.2719980000E-03    1.1356603258E+00    1.1786086320E-01   -6.4184372824E+01    2.0736585146E-02
    1.2759980000E-03    1.0995119831E+00    1.4311431947E-01   -6.4392111182E+01    1.9865088919E-02
    1.2799980000E-03    1.0576541202E+00    1.5493840325E-01   -6.4612556820E+01    1.8936894233E-02
    1.2839980000E-03    1.0126998870E+00    1.5061479383E-01   -6.4845669893E+01    1.8014524147E-02
    1.2879980000E-03    9.6819750054E-01    1.2932126762E-01   -6.5090599952E+01    1.7171511296E-02
    1.2919980000E-03    9.2803011821E-01    9.2173424650E-02   -6.5345930405E+01    1.6472525380E-02
    1.2959980000E-03    8.9589484412E-01    4.1986514334E-02   -6.5609863363E+01    1.5938603806E-02
    1.2999980000E-03    8.7516716641E-01   -1.7081316773E-02   -6.5880346308E+01    1.5552649968E-02
    1.3039980000E-03    8.6854639223E-01   -8.0061070335E-02   -6.6154841646E+01    1.5314485609E-02
    1.3079980000E-03    8.7719191231E-01   -1.4167236264E-01   -6.6430073864E+01    1.5223965725E-02
    1.3119980000E-03    9.0066013656E-01   -1.9665153148E-01   -6.6702330489E+01    1.5289921356E-02
    1.3159980000E-03    9.3711925408E-01   -2.3996946905E-01   -6.6967874933E+01    1.5537211320E-02
    1.3199980000E-03    9.8332803541E-01   -2.6723830973E-01   -6.7223441409E+01    1.5991050753E-02
    1.3239980000E-03    1.0348286854E+00   -2.7527733439E-01   -6.7466626498E+01    1.6674428708E-02
    1.3279980000E-03    1.0865070139E+00   -2.6282668330E-01   -6.7695895738E+01    1.7580576529E-02
    1.3319980000E-03    1.1336801122E+00   -2.3102748785E-01   -6.7910653315E+01    1.8646672204E-02
    1.3359980000E-03    1.1731342159E+00   -1.8294211270E-01   -6.8111317784E+01    1.9784970896E-02
    1.3399980000E-03    1.2033393108E+00   -1.2269735618E-01   -6.8299107816E+01    2.0915269660E-02
    1.3439980000E-03    1.2241934954E+00   -5.4786645615E-02   -6.8475796516E+01    2.1944087592E-02
    1.3479980000E-03    1.2364966577E+00    1.6703172693E-02   -6.8643784269E+01    2.2748024670E-02
    1.3519980000E-03    1.2411194631E+00    8.8432545619E-02   -6.8806532594E+01    2.3245647791E-02
    1.3559980000E-03    1.2383602323E+00    1.5770751203E-01   -6.8968417275E+01    2.3505328896E-02
    1.3599980000E-03    1.2277946686E+00    2.2254626810E-01   -6.9133506302E+01    2.3729825692E-02
    1.3639980000E-03    1.2085167449E+00    2.8148337878E-01   -6.9304544804E+01    2.4124680462E-02
    1.3679980000E-03    1.1796375517E+00    3.3294920874E-01   -6.9483036077E+01    2.4792365450E-02
    1.3719980000E-03    1.1408155534E+00    3.7517155448E-01   -6.9669877043E+01    2.5738072518E-02
    1.3759980000E-03    1.0924025777E+00    4.0651699600E-01   -6.9865942415E+01    2.6949263942E-02
    1.3799980000E-03    1.0352366912E+00    4.2550025293E-01   -7.0072248388E+01    2.8408178738E-02
    1.3839980000E-03    9.7056920846E-01    4.3041162147E-01   -7.0289854555E+01    3.0066757018E-02
    1.3879980000E-03    9.0054585166E-01    4.1899535120E-01   -7.0519759168E+01    3.1857404770E-02
    1.3919980000E-03    8.2870240393E-01    3.8918670005E-01   -7.0762947006E+01    3.3711902716E-02
    1.3959980000E-03    7.5987545336E-01    3.4004505006E-01   -7.1020603447E+01    3.5533532837E-02
    1.3999980000E-03    6.9924465697E-01    2.7273337420E-01   -7.1293131539E+01    3.7214887325E-02
    1.4039980000E-03    6.5102807715E-01    1.9054819089E-01   -7.1579770570E+01    3.8666638926E-02
    1.4079980000E-03    6.1823899680E-01    9.7952087087E-02   -7.1878581931E+01    3.9824917740E-02
    1.4119980000E-03    6.0337460583E-01   -3.9677922587E-04   -7.2185820684E+01    4.0532073779E-02
    1.4159980000E-03    6.0813593523E-01   -1.0014435563E-01   -7.2496050784E+01    4.0776407282E-02
    1.4199980000E-03    6.3319739728E-01   -1.9670973891E-01   -7.2803104594E+01    4.0591623127E-02
    1.4239980000E-03    6.7766625508E-01   -2.8477032814E-01   -7.3100901982E+01    3.9989000707E-02
    1.4279980000E-03    7.3826507132E-01   -3.5877975993E-01   -7.3385335626E+01    3.9085844294E-02
    1.4319980000E-03    8.1009863015E-01   -4.1422826327E-01   -7.3654632821E+01    3.7981755157E-02
    1.4359980000E-03    8.8782826450E-01   -4.4849347578E-01   -7.3908403528E+01    3.6759034655E-02
    1.4399980000E-03    9.6607355983E-01   -4.6085382460E-01   -7.4147304624E+01    3.5556904817E-02
    1.4439980000E-03    1.0399251464E+00   -4.5198175334E-01   -7.4372388060E+01    3.4509844776E-02
    1.4479980000E-03    1.1052517035E+00   -4.2360855564E-01   -7.4584556323E+01    3.3736944876E-02
    1.4519980000E-03    1.1591060080E+00   -3.7857453842E-01   -7.4784595316E+01    3.3296381608E-02
    1.4559980000E-03    1.2002516693E+00   -3.2005765840E-01   -7.4973415642E+01    3.3181883756E-02
    1.4599980000E-03    1.2289033816E+00   -2.5088512097E-01   -7.5152001213E+01    3.3357451313E-02
    1.4639980000E-03    1.2462463913E+00   -1.7348474151E-01   -7.5321624138E+01    3.3704696883E-02
    1.4679980000E-03    1.2538429273E+00   -9.0420630833E-02   -7.5484694515E+01    3.3976589110E-02
    1.4719980000E-03    1.2528415034E+00   -4.7266852208E-03   -7.5645534835E+01    3.3838273850E-02
    1.4759980000E-03    1.2433007739E+00    8.0235663501E-02   -7.5809618673E+01    3.3133854952E-02
    1.4799980000E-03    1.2242383805E+00    1.6076561789E-01   -7.5981581075E+01    3.2058505150E-02
    1.4839980000E-03    1.1944255267E+00    2.3289296647E-01   -7.6164379809E+01    3.0894824153E-02
    1.4879980000E-03    1.1533012199E+00    2.9266033241E-01   -7.6359907906E+01    2.9821887944E-02
    1.4919980000E-03    1.1016029423E+00    3.3610060318E-01   -7.6569560574E+01    2.8947836266E-02
    1.4959980000E-03    1.0418937568E+00    3.5949730991E-01   -7.6794173468E+01    2.8342759928E-02
    1.4999980000E-03    9.7871340204E-01    3.6061703448E-01   -7.7033768655E+01    2.8013672526E-02
    1.5039980000E-03    9.1774496443E-01    3.3970009590E-01   -7.7287653222E+01    2.7900210143E-02
    1.5079980000E-03    8.6469081830E-01    2.9910526211E-01   -7.7554425600E+01    2.7935061935E-02
    1.5119980000E-03    8.2459812074E-01    2.4268871057E-01   -7.7831473066E+01    2.8056280265E-02
    1.5159980000E-03    8.0122530293E-01    1.7547059773E-01   -7.8114751303E+01    2.8195178742E-02
    1.5199980000E-03    7.9654923556E-01    1.0322760369E-01   -7.8399448455E+01    2.8330117082E-02
    1.5239980000E-03    8.1059589931E-01    3.1995824444E-02   -7.8680687197E+01    2.8465018133E-02
    1.5279980000E-03    8.4108661554E-01   -3.2462994221E-02   -7.8954454121E+01    2.8611611860E-02
    1.5319980000E-03    8.8406523029E-01   -8.5156504699E-02   -7.9218279889E+01    2.8794785714E-02
    1.5359980000E-03    9.3435627368E-01   -1.2242685084E-01   -7.9470800263E+01    2.9029647931E-02
    1.5399980000E-03    9.8605269947E-01   -1.4293621911E-01   -7.9711370163E+01    2.9301389717E-02
    1.5439980000E-03    1.0342304755E+00   -1.4794081704E-01   -7.9939668289E+01    2.9553050777E-02
    1.5479980000E-03    1.0760414094E+00   -1.4044892746E-01   -8.0155684396E+01    2.9729587363E-02
    1.5519980000E-03    1.1106204986E+00   -1.2387407957E-01   -8.0360028593E+01    2.9800409447E-02
    1.5559980000E-03    1.1383306914E+00   -1.0102094939E-01   -8.0553739462E+01    2.9755238804E-02
    1.5599980000E-03    1.1599869827E+00   -7.3883361678E-02   -8.0737928117E+01    2.9592899111E-02
    1.5639980000E-03    1.1763906556E+00   -4.3913215895E-02   -8.0913789596E+01    2.9343170090E-02
    1.5679980000E-03    1.1881602395E+00   -1.2346081634E-02   -8.1082757060E+01    2.9089380611E-02
    1.5719980000E-03    1.1957505094E+00    1.9698051978E-02   -8.1246541628E+01    2.8938182852E-02
    1.5759980000E-03    1.1994585719E+00    5.1244317248E-02   -8.1407100348E+01    2.8968898301E-02
    1.5799980000E-03    1.1993519694E+00    8.1439255634E-02   -8.1566532712E+01    2.9227791085E-02
    1.5839980000E-03    1.1952411833E+00    1.0967800411E-01   -8.1726800860E+01    2.9761736312E-02
    1.5879980000E-03    1.1867977311E+00    1.3576518494E-01   -8.1889578923E+01    3.0566500680E-02
    1.5919980000E-03    1.1737463510E+00    1.5988492444E-01   -8.2056326972E+01    3.1548143580E-02
    1.5959980000E-03    1.1559738499E+00    1.8226187990E-01   -8.2228303149E+01    3.2610474934E-02
    1.5999980000E-03    1.1334114504E+00    2.0283081285E-01   -8.2406675258E+01    3.3680413974E-02
    1.6039980000E-03    1.1057165618E+00    2.2096619551E-01   -8.2592626297E+01    3.4718328589E-02
    1.6079980000E-03    1.0721680514E+00    2.3541319257E-01   -8.2787173111E+01    3.5695188062E-02
    1.6119980000E-03    1.0320627875E+00    2.4396472333E-01   -8.2991446913E+01    3.6587312615E-02
    1.6159980000E-03    9.8540846459E-01    2.4346664111E-01   -8.3206660030E+01    3.7432866325E-02
    1.6199980000E-03    9.3356061518E-01    2.3057460120E-01   -8.3433673320E+01    3.8237777645E-02
    1.6239980000E-03    8.7925062067E-01    2.0283920638E-01   -8.3672921737E+01    3.8990112831E-02
    1.6279980000E-03    8.2616798969E-01    1.5937786618E-01   -8.3924584155E+01    3.9700772087E-02
    1.6319980000E-03    7.7863322789E-01    1.0096346052E-01   -8.4188641411E+01    4.0353617998E-02
    1.6359980000E-03    7.4091447283E-01    2.9997657976E-02   -8.4464559945E+01    4.0938304998E-02
    1.6399980000E-03    7.1723182021E-01   -4.9946253199E-02   -8.4750907881E+01    4.1456898568E-02
    1.6439980000E-03    7.1195161859E-01   -1.3428177310E-01   -8.5044429127E+01    4.1829245644E-02
    1.6479980000E-03    7.2747178265E-01   -2.1736122490E-01   -8.5339858717E+01    4.2019113505E-02
    1.6519980000E-03    7.6340860255E-01   -2.9306615983E-01   -8.5631228231E+01    4.2028057812E-02
    1.6559980000E-03    8.1651844414E-01   -3.5557312184E-01   -8.5913215827E+01    4.1876032056E-02
    1.6599980000E-03    8.8172430279E-01   -4.0016118789E-01   -8.6182343463E+01    4.1654694430E-02
    1.6639980000E-03    9.5358113103E-01   -4.2338167441E-01   -8.6436984128E+01    4.1458945035E-02
    1.6679980000E-03    1.0262528523E+00   -4.2326894397E-01   -8.6676689514E+01    4.1402841764E-02
    1.6719980000E-03    1.0938266482E+00   -3.9986097114E-01   -8.6901509609E+01    4.1615430135E-02
    1.6759980000E-03    1.1514874651E+00   -3.5572616827E-01   -8.7111773407E+01    4.2132126155E-02
    1.6799980000E-03    1.1967980152E+00   -2.9470474692E-01   -8.7308282902E+01    4.2918604967E-02
    1.6839980000E-03    1.2293289759E+00   -2.2047540908E-01   -8.7492218110E+01    4.3912634858E-02
    1.6879980000E-03    1.2499414940E+00   -1.3639396103E-01   -8.7665095522E+01    4.4962581258E-02
    1.6919980000E-03    1.2602014885E+00   -4.6085557725E-02   -8.7829498665E+01    4.5742089525E-02
    1.6959980000E-03    1.2614692865E+00    4.6519158789E-02   -8.7990086157E+01    4.5849861963E-02
    1.6999980000E-03    1.2538912893E+00    1.3739667860E-01   -8.8152971271E+01    4.5270286609E-02
    1.7039980000E-03    1.2362443146E+00    2.2274557308E-01   -8.8323193080E+01    4.4402133815E-02
    1.7079980000E-03    1.2068047695E+00    2.9910564014E-01   -8.8503604048E+01    4.3598723081E-02
    1.7119980000E-03    1.1643205188E+00    3.6340027835E-01   -8.8695726618E+01    4.3019770671E-02
    1.7159980000E-03    1.1086259119E+00    4.1228909909E-01   -8.8900690201E+01    4.2721294037E-02
    1.7199980000E-03    1.0412991738E+00    4.4199879342E-01   -8.9119401595E+01    4.2729927513E-02
    1.7239980000E-03    9.6631141145E-01    4.4934877682E-01   -8.9352440001E+01    4.3024346455E-02
    1.7279980000E-03    8.8926662005E-01    4.3314833055E-01   -8.9600347958E+01    4.3461678823E-02
    1.7319980000E-03    8.1592860374E-01    3.9429213586E-01   -8.9863462971E+01    4.3891288561E-02
    1.7359980000E-03    7.5173269289E-01    3.3529909855E-01   -9.0141320814E+01    4.4215330534E-02
    1.7399980000E-03    7.0209854893E-01    2.6009767038E-01   -9.0432008491E+01    4.4340531846E-02
    1.7439980000E-03    6.7176362184E-01    1.7401170179E-01   -9.0731342625E+01    4.4201417021E-02
    1.7479980000E-03    6.6263541339E-01    8.3086498171E-02   -9.1033213256E+01    4.3805926727E-02
    1.7519980000E-03    6.7365753933E-01   -7.1222376767E-03   -9.1331413977E+01    4.3117460818E-02
    1.7559980000E-03    7.0129407410E-01   -9.1859553156E-02   -9.1621082445E+01    4.2191751851E-02
    1.7599980000E-03    7.4148032192E-01   -1.6728412217E-01   -9.1899656196E+01    4.1092902111E-02
    1.7639980000E-03    7.9123751765E-01   -2.3006954688E-01   -9.2165805059E+01    3.9837298808E-02
    1.7679980000E-03    8.4746712190E-01   -2.7762067438E-01   -9.2418685985E+01    3.8510977869E-02
    1.7719980000E-03    9.0617641648E-01   -3.0894642550E-01   -9.2658501705E+01    3.7167116946E-02
    1.7759980000E-03    9.6324886234E-01   -3.2489007227E-01   -9.2885853747E+01    3.5822851408E-02
    1.7799980000E-03    1.0155853355E+00   -3.2790745454E-01   -9.3101513841E+01    3.4472043490E-02
    1.7839980000E-03    1.0615165489E+00   -3.2137881763E-01   -9.3306598797E+01    3.3177833962E-02
    1.7879980000E-03    1.1006966835E+00   -3.0832634541E-01   -9.3502284656E+01    3.1979897050E-02
    1.7919980000E-03    1.1334399098E+00   -2.9057580155E-01   -9.3689833144E+01    3.0834973055E-02
    1.7959980000E-03    1.1601418704E+00   -2.6863353608E-01   -9.3870302665E+01    2.9708494512E-02
    1.7999980000E-03    1.1812610925E+00   -2.4208325680E-01   -9.4044498919E+01    2.8570034861E-02
    1.8039980000E-03    1.1971533759E+00   -2.1078124987E-01   -9.4213437251E+01    2.7476218005E-02
    1.8079980000E-03    1.2079678798E+00   -1.7539260624E-01   -9.4378339830E+01    2.6559903733E-02
    1.8119980000E-03    1.2138234849E+00   -1.3674019911E-01   -9.4540756315E+01    2.5848846428E-02
    1.8159980000E-03    1.2148052974E+00   -9.5640504038E-02   -9.4702723546E+01    2.5298099335E-02
    1.8199980000E-03    1.2109072496E+00   -5.3001967131E-02   -9.4866632493E+01    2.4843235111E-02
    1.8239980000E-03    1.2019386909E+00   -9.8430542901E-03   -9.5034977113E+01    2.4405620958E-02
    1.8279980000E-03    1.1874341230E+00    3.2533416337E-02   -9.5210101955E+01    2.3909067686E-02
    1.8319980000E-03    1.1667081045E+00    7.2245095026E-02   -9.5393970322E+01    2.3308871333E-02
    1.8359980000E-03    1.1390926532E+00    1.0671054099E-01   -9.5588139175E+01    2.2589007255E-02
    1.8399980000E-03    1.1044316974E+00    1.3253676843E-01   -9.5793906284E+01    2.1759878549E-02
    1.8439980000E-03    1.0636738536E+00    1.4591830735E-01   -9.6012171757E+01    2.0859625902E-02
    1.8479980000E-03    1.0190870762E+00    1.4381495701E-01   -9.6243070711E+01    1.9948203237E-02
    1.8519980000E-03    9.7400643846E-01    1.2493008092E-01   -9.6485919407E+01    1.9100332313E-02
    1.8559980000E-03    9.3229212403E-01    8.9942434882E-02   -9.6739453287E+01    1.8380664236E-02
    1.8599980000E-03    8.9784323633E-01    4.1338834104E-02   -9.7002019421E+01    1.7803466749E-02
    1.8639980000E-03    8.7445315544E-01   -1.6944932376E-02   -9.7271699959E+01    1.7360738334E-02
    1.8679980000E-03    8.6523203312E-01   -8.0021501324E-02   -9.7546082797E+01    1.7069248860E-02
    1.8719980000E-03    8.7162554059E-01   -1.4253975673E-01   -9.7821918145E+01    1.6925727929E-02
    1.8759980000E-03    8.9333866369E-01   -1.9913775894E-01   -9.8095411348E+01    1.6932677152E-02
    1.8799980000E-03    9.2870748718E-01   -2.4464377002E-01   -9.8362703148E+01    1.7113968085E-02
    1.8839980000E-03    9.7461533634E-01   -2.7445872420E-01   -9.8620342248E+01    1.7496828074E-02
    1.8879980000E-03    1.0266293463E+00   -2.8512989365E-01   -9.8865767116E+01    1.8112500394E-02
    1.8919980000E-03    1.0795341858E+00   -2.7504813255E-01   -9.9097319673E+01    1.8971393046E-02
    1.8959980000E-03    1.1284064172E+00   -2.4499305657E-01   -9.9314251212E+01    2.0024006928E-02
    1.8999980000E-03    1.1697245529E+00   -1.9780428114E-01   -9.9516841851E+01    2.1179179479E-02
    1.9039980000E-03    1.2016998413E+00   -1.3749665839E-01   -9.9706226151E+01    2.2348815551E-02
    1.9079980000E-03    1.2240469051E+00   -6.8572913469E-02   -9.9884123182E+01    2.3434022952E-02
    1.9119980000E-03    1.2375097440E+00    4.7038714337E-03   -1.0005287255E+02    2.4298023208E-02
    1.9159980000E-03    1.2430359893E+00    7.8784612771E-02   -1.0021587500E+02    2.4830089506E-02
    1.9199980000E-03    1.2410231182E+00    1.5076927774E-01   -1.0037758257E+02    2.5076432133E-02
    1.9239980000E-03    1.2310737063E+00    2.1839295209E-01   -1.0054230704E+02    2.5238298631E-02
    1.9279980000E-03    1.2122299888E+00    2.8002587995E-01   -1.0071301143E+02    2.5544047533E-02
    1.9319980000E-03    1.1834798551E+00    3.3410079672E-01   -1.0089129657E+02    2.6129613124E-02
    1.9359980000E-03    1.1443377109E+00    3.7877391203E-01   -1.0107808268E+02    2.7021491251E-02
    1.9399980000E-03    1.0951071181E+00    4.1219105560E-01   -1.0127423890E+02    2.8205594244E-02
    1.9439980000E-03    1.0367539659E+00    4.3263030560E-01   -1.0148077083E+02    2.9655407615E-02
    1.9479980000E-03    9.7072879415E-01    4.3836026915E-01   -1.0169870319E+02    3.1321318397E-02
    1.9519980000E-03    8.9931417810E-01    4.2725226138E-01   -1.0192903212E+02    3.3132548235E-02
    1.9559980000E-03    8.2611796287E-01    3.9734751151E-01   -1.0217276604E+02    3.5017770163E-02
    1.9599980000E-03    7.5606330449E-01    3.4774676703E-01   -1.0243109907E+02    3.6860114777E-02
    1.9639980000E-03    6.9444753988E-01    2.7965023823E-01   -1.0270446343E+02    3.8541749960E-02
    1.9679980000E-03    6.4556341577E-01    1.9649397956E-01   -1.0299208724E+02    3.9980255652E-02
    1.9719980000E-03    6.1248336414E-01    1.0288468092E-01   -1.0329201166E+02    4.1111886456E-02
    1.9759980000E-03    5.9765580555E-01    3.5915185098E-03   -1.0360032279E+02    4.1780867922E-02
    1.9799980000E-03    6.0258247696E-01   -9.7012878395E-02   -1.0391142016E+02    4.1972958497E-02
    1.9839980000E-03    6.2782928127E-01   -1.9444155672E-01   -1.0421901796E+02    4.1726414505E-02
    1.9879980000E-03    6.7243736502E-01   -2.8339820907E-01   -1.0451708356E+02    4.1056001262E-02
    1.9919980000E-03    7.3318552444E-01   -3.5832122676E-01   -1.0480162873E+02    4.0075004753E-02
    1.9959980000E-03    8.0525671304E-01   -4.1465244062E-01   -1.0507095413E+02    3.8880482488E-02
    1.9999980000E-03    8.8326785999E-01   -4.4978915210E-01   -1.0532472381E+02    3.7561143389E-02
