 sig=    1.000000000000000      inputfile=
 /home/rjrj524/Finished/vmec_gc_tracer/revised_251128/nc/wout_pwO_nfp2_A6.nc                                                                                                                             
 dt=   2.0000000000000001E-009
 steps=      1000000
 x0=   5.9999999999999998E-002    3.080000000000000      
    6.410000000000000     
 u=   -115000.0000000000     
 v_perp=    108000.0000000000     
 
time(s)         x0(1)       x0(2)        x0(3)      r
    3.9980000000E-06    1.2584224002E+00    1.6214172180E-01    6.0888717770E+00    5.8803142928E-02
    7.9980000000E-06    1.2077997329E+00    3.2700711184E-01    5.7454428510E+00    5.5898525274E-02
    1.1998000000E-05    1.1068012149E+00    4.3928144566E-01    5.3655652795E+00    5.4604418829E-02
    1.5998000000E-05    9.6283457125E-01    4.7829214999E-01    4.9427002527E+00    5.5441122780E-02
    1.9998000000E-05    8.0797291260E-01    4.3148333420E-01    4.4715535206E+00    5.7201219542E-02
    2.3998000000E-05    6.8011928929E-01    3.0792182691E-01    3.9486418301E+00    5.8267470185E-02
    2.7998000000E-05    6.1480729830E-01    1.3551367996E-01    3.3849134420E+00    5.7579185582E-02
    3.1998000000E-05    6.2480836099E-01   -4.8083506444E-02    2.8154238465E+00    5.4618622941E-02
    3.5998000000E-05    6.9456838690E-01   -2.1241913245E-01    2.2734602622E+00    4.9715903418E-02
    3.9998000000E-05    8.0647402276E-01   -3.3012853666E-01    1.7739958415E+00    4.3751654628E-02
    4.3998000000E-05    9.3446739156E-01   -3.8402331441E-01    1.3191404367E+00    3.7787784618E-02
    4.7998000000E-05    1.0484225407E+00   -3.8153065268E-01    9.0371936965E-01    3.2476492758E-02
    5.1998000000E-05    1.1351295067E+00   -3.4195963207E-01    5.2081612904E-01    2.8046338628E-02
    5.5998000000E-05    1.1938264550E+00   -2.7276860691E-01    1.6314207556E-01    2.4507087728E-02
    5.9998000000E-05    1.2239586795E+00   -1.7707749765E-01   -1.7533735226E-01    2.2089592305E-02
    6.3998000000E-05    1.2265497211E+00   -6.3994771148E-02   -5.0546139852E-01    2.0455902907E-02
    6.7998000000E-05    1.2022861511E+00    5.2372777859E-02   -8.4657463398E-01    1.8387921498E-02
    7.1998000000E-05    1.1483705943E+00    1.5095256208E-01   -1.2161951821E+00    1.5616859439E-02
    7.5998000000E-05    1.0667307228E+00    2.0471475631E-01   -1.6247164816E+00    1.2628173152E-02
    7.9998000000E-05    9.7535070298E-01    1.9394117201E-01   -2.0751633318E+00    1.0148182312E-02
    8.3998000000E-05    9.0206610991E-01    1.2251303411E-01   -2.5612247966E+00    8.5899948964E-03
    8.7998000000E-05    8.6902549338E-01    1.3434211542E-02   -3.0691407730E+00    7.9396363368E-03
    9.1998000000E-05    8.8550198068E-01   -1.0107332161E-01   -3.5805876904E+00    8.1666856680E-03
    9.5998000000E-05    9.4766743856E-01   -1.8747876811E-01   -4.0761641295E+00    9.3291422506E-03
    9.9998000000E-05    1.0371401042E+00   -2.1858266118E-01   -4.5395216533E+00    1.1479168083E-02
    1.0399800000E-04    1.1258564080E+00   -1.8260949060E-01   -4.9615003707E+00    1.4405336052E-02
    1.0799800000E-04    1.1904447426E+00   -9.2204722920E-02   -5.3422005947E+00    1.7413270930E-02
    1.1199800000E-04    1.2240292975E+00    2.5328285096E-02   -5.6901694759E+00    1.9832541446E-02
    1.1599800000E-04    1.2293633316E+00    1.4550319457E-01   -6.0208577857E+00    2.1431240034E-02
    1.1999800000E-04    1.2068126270E+00    2.5147793741E-01   -6.3552533176E+00    2.3415279499E-02
    1.2399800000E-04    1.1544998550E+00    3.3184192250E-01   -6.7073452146E+00    2.6548935822E-02
    1.2799800000E-04    1.0729690017E+00    3.8144915560E-01   -7.0836830480E+00    3.0792014225E-02
    1.3199800000E-04    9.6316321931E-01    3.9530648594E-01   -7.4909413663E+00    3.5999175103E-02
    1.3599800000E-04    8.3431184980E-01    3.5629018686E-01   -7.9363521308E+00    4.1996222995E-02
    1.3999800000E-04    7.1400449035E-01    2.5213763462E-01   -8.4257707685E+00    4.8234937711E-02
    1.4399800000E-04    6.3197792465E-01    9.5030380325E-02   -8.9596745845E+00    5.3583467508E-02
    1.4799800000E-04    6.0578166353E-01   -8.7863462018E-02   -9.5262705030E+00    5.7144243881E-02
    1.5199800000E-04    6.5287014663E-01   -2.6757019182E-01   -1.0096170019E+01    5.8310547919E-02
    1.5599800000E-04    7.6895047508E-01   -4.0759664724E-01   -1.0631417984E+01    5.7487741160E-02
    1.5999800000E-04    9.2110645692E-01   -4.7594146978E-01   -1.1115351505E+01    5.5665849557E-02
    1.6399800000E-04    1.0720787556E+00   -4.5882228583E-01   -1.1549672934E+01    5.4254753971E-02
    1.6799800000E-04    1.1861364862E+00   -3.6376055780E-01   -1.1939931581E+01    5.4865904803E-02
    1.7199800000E-04    1.2494741559E+00   -2.1116114953E-01   -1.2291923836E+01    5.7380903605E-02
    1.7599800000E-04    1.2679915293E+00   -2.2467331159E-02   -1.2616637608E+01    5.9529066603E-02
    1.7999800000E-04    1.2493780915E+00    1.6808953602E-01   -1.2941132882E+01    5.7146515956E-02
    1.8399800000E-04    1.1877696984E+00    3.2364421590E-01   -1.3293867525E+01    5.3444231534E-02
    1.8799800000E-04    1.0790426949E+00    4.1988154681E-01   -1.3687715320E+01    5.1268630592E-02
    1.9199800000E-04    9.3905470878E-01    4.3590847991E-01   -1.4128808076E+01    5.1047991355E-02
    1.9599800000E-04    8.0490151441E-01    3.6847997666E-01   -1.4619386034E+01    5.1634550603E-02
    1.9999800000E-04    7.1412663565E-01    2.3710358421E-01   -1.5153732368E+01    5.1678129915E-02
    2.0399800000E-04    6.9479859979E-01    7.6098667664E-02   -1.5706312935E+01    5.0533621498E-02
    2.0799800000E-04    7.4435490124E-01   -7.6100507912E-02   -1.6241928983E+01    4.8325555895E-02
    2.1199800000E-04    8.3693570020E-01   -1.8961093941E-01   -1.6741818026E+01    4.5599180226E-02
    2.1599800000E-04    9.4511864801E-01   -2.4671123143E-01   -1.7201945586E+01    4.2692893306E-02
    2.1999800000E-04    1.0417786037E+00   -2.5019668907E-01   -1.7623093211E+01    3.9727379044E-02
    2.2399800000E-04    1.1132629733E+00   -2.2178929295E-01   -1.8009772552E+01    3.6550099850E-02
    2.2799800000E-04    1.1619915482E+00   -1.7919645619E-01   -1.8369277030E+01    3.3143445619E-02
    2.3199800000E-04    1.1908026696E+00   -1.2762158688E-01   -1.8709799635E+01    3.0021181074E-02
    2.3599800000E-04    1.2002216145E+00   -6.6508203195E-02   -1.9039664734E+01    2.8293055647E-02
    2.3999800000E-04    1.1919449788E+00    1.3597912573E-03   -1.9369254142E+01    2.8222897122E-02
    2.4399800000E-04    1.1658674941E+00    6.7863341897E-02   -1.9711835090E+01    2.9099518177E-02
    2.4799800000E-04    1.1191077003E+00    1.2335220737E-01   -2.0079163026E+01    2.9785499454E-02
    2.5199800000E-04    1.0467449574E+00    1.5568073099E-01   -2.0479509639E+01    2.9874066446E-02
    2.5599800000E-04    9.5000696423E-01    1.4479803703E-01   -2.0918391639E+01    2.9578912711E-02
    2.5999800000E-04    8.5153538963E-01    7.4434973715E-02   -2.1396144554E+01    2.9272911150E-02
    2.6399800000E-04    7.8846632615E-01   -4.5615198543E-02   -2.1908697330E+01    2.9084520213E-02
    2.6799800000E-04    7.8698643853E-01   -1.8383598378E-01   -2.2440972095E+01    2.8880859437E-02
    2.7199800000E-04    8.5121893684E-01   -3.0150368516E-01   -2.2964654047E+01    2.8479503014E-02
    2.7599800000E-04    9.6126462974E-01   -3.6394047297E-01   -2.3453706037E+01    2.8407031164E-02
    2.7999800000E-04    1.0827647476E+00   -3.4933200456E-01   -2.3896251906E+01    2.9501423779E-02
    2.8399800000E-04    1.1808365942E+00   -2.5834397403E-01   -2.4290869933E+01    3.2284144172E-02
    2.8799800000E-04    1.2383489932E+00   -1.1187769195E-01   -2.4644203724E+01    3.5969830423E-02
    2.9199800000E-04    1.2564049152E+00    6.2528530518E-02   -2.4970661748E+01    3.8014409049E-02
    2.9599800000E-04    1.2384055260E+00    2.3153704933E-01   -2.5296697022E+01    3.7209757913E-02
    2.9999800000E-04    1.1777447437E+00    3.6815966206E-01   -2.5646585974E+01    3.6980343762E-02
    3.0399800000E-04    1.0691825382E+00    4.5513225958E-01   -2.6030166949E+01    3.8946424163E-02
    3.0799800000E-04    9.2355610044E-01    4.7432705998E-01   -2.6453347457E+01    4.3015609186E-02
    3.1199800000E-04    7.6814133892E-01    4.1471492794E-01   -2.6922377172E+01    4.7995754857E-02
    3.1599800000E-04    6.3920284926E-01    2.7930368851E-01   -2.7442811215E+01    5.2266000265E-02
    3.1999800000E-04    5.6947346346E-01    9.4903536377E-02   -2.8009239092E+01    5.4603550860E-02
    3.2399800000E-04    5.7277493219E-01   -1.0265341037E-01   -2.8593815646E+01    5.4174645062E-02
    3.2799800000E-04    6.4757283387E-01   -2.8434325158E-01   -2.9155562896E+01    5.0980469370E-02
    3.3199800000E-04    7.7825409817E-01   -4.1473537235E-01   -2.9670333075E+01    4.5983519821E-02
    3.3599800000E-04    9.3207654715E-01   -4.6930290473E-01   -3.0134557637E+01    4.0417313988E-02
    3.3999800000E-04    1.0735199367E+00   -4.4800484564E-01   -3.0554209091E+01    3.5918616834E-02
    3.4399800000E-04    1.1781634719E+00   -3.6249393855E-01   -3.0935413937E+01    3.3504990839E-02
    3.4799800000E-04    1.2364279014E+00   -2.2986905173E-01   -3.1284175165E+01    3.3308198377E-02
    3.5199800000E-04    1.2533062225E+00   -6.6281074595E-02   -3.1610314288E+01    3.3748262669E-02
    3.5599800000E-04    1.2348015815E+00    1.0287206648E-01   -3.1937826645E+01    3.1689491572E-02
    3.5999800000E-04    1.1777212205E+00    2.4547895036E-01   -3.2292233914E+01    2.8072818132E-02
    3.6399800000E-04    1.0817036932E+00    3.3341860644E-01   -3.2687793216E+01    2.5206945594E-02
    3.6799800000E-04    9.6425855989E-01    3.4612632346E-01   -3.3131049407E+01    2.3937122521E-02
    3.7199800000E-04    8.5979891538E-01    2.8358752462E-01   -3.3619830771E+01    2.3858924591E-02
    3.7599800000E-04    8.0140119117E-01    1.6813263712E-01   -3.4141172400E+01    2.4234809248E-02
    3.7999800000E-04    8.0694109765E-01    3.4444319101E-02   -3.4669404600E+01    2.4624102180E-02
    3.8399800000E-04    8.7152835650E-01   -7.9392284789E-02   -3.5177787985E+01    2.5090503634E-02
    3.8799800000E-04    9.6874163099E-01   -1.4239546204E-01   -3.5652058479E+01    2.5877840768E-02
    3.9199800000E-04    1.0624006386E+00   -1.4605304694E-01   -3.6087595188E+01    2.6769995545E-02
    3.9599800000E-04    1.1313700096E+00   -1.0748286234E-01   -3.6484631826E+01    2.7231653218E-02
    3.9999800000E-04    1.1749086592E+00   -4.6423411328E-02   -3.6849033125E+01    2.7135720917E-02
    4.0399800000E-04    1.1975973868E+00    2.4820725562E-02   -3.7189737249E+01    2.6941375139E-02
    4.0799800000E-04    1.2019436629E+00    9.6247831197E-02   -3.7519251041E+01    2.7739428447E-02
    4.1199800000E-04    1.1883218897E+00    1.5887621324E-01   -3.7851013972E+01    2.9930678764E-02
    4.1599800000E-04    1.1550639787E+00    2.0928812617E-01   -3.8195221674E+01    3.3206011241E-02
    4.1999800000E-04    1.1008913044E+00    2.4891060766E-01   -3.8559354633E+01    3.6722148114E-02
    4.2399800000E-04    1.0229629689E+00    2.7206539557E-01   -3.8951383121E+01    4.0146818087E-02
    4.2799800000E-04    9.2094189271E-01    2.5942266417E-01   -3.9378626698E+01    4.3514183163E-02
    4.3199800000E-04    8.1207956371E-01    1.9087781506E-01   -3.9845340987E+01    4.6903508057E-02
    4.3599800000E-04    7.2365910488E-01    6.7629894746E-02   -4.0352121852E+01    5.0049553306E-02
    4.3999800000E-04    6.8120948411E-01   -9.0597763206E-02   -4.0893653106E+01    5.2485014570E-02
    4.4399800000E-04    7.0961627984E-01   -2.5349878222E-01   -4.1448759674E+01    5.3649610229E-02
    4.4799800000E-04    8.0831991597E-01   -3.8266054116E-01   -4.1981235008E+01    5.3536600933E-02
    4.5199800000E-04    9.4701852613E-01   -4.4483835060E-01   -4.2467815204E+01    5.2865605680E-02
    4.5599800000E-04    1.0877641349E+00   -4.2239536819E-01   -4.2904787285E+01    5.3057548930E-02
    4.5999800000E-04    1.1942381737E+00   -3.2095017484E-01   -4.3295120169E+01    5.5242818255E-02
    4.6399800000E-04    1.2527463493E+00   -1.6165850955E-01   -4.3645212393E+01    5.8923016887E-02
    4.6799800000E-04    1.2685943618E+00    3.0877771126E-02   -4.3968507993E+01    6.1026377917E-02
    4.7199800000E-04    1.2472163767E+00    2.1911888012E-01   -4.4294423848E+01    5.8572594234E-02
    4.7599800000E-04    1.1803663399E+00    3.6924266065E-01   -4.4649115773E+01    5.5921659855E-02
    4.7999800000E-04    1.0631884751E+00    4.5978081207E-01   -4.5043084550E+01    5.5182740455E-02
    4.8399800000E-04    9.1167454053E-01    4.7050410622E-01   -4.5481997266E+01    5.6400323228E-02
    4.8799800000E-04    7.6271471959E-01    3.9610071097E-01   -4.5971057800E+01    5.7923601176E-02
    4.9199800000E-04    6.5361643933E-01    2.5269487508E-01   -4.6510324530E+01    5.8377939230E-02
    4.9599800000E-04    6.1570102894E-01    7.3757237693E-02   -4.7079602002E+01    5.6896761713E-02
    4.9999800000E-04    6.4952862379E-01   -1.0454938482E-01   -4.7640443140E+01    5.3195352842E-02
    5.0399800000E-04    7.3532460743E-01   -2.5366152473E-01   -4.8166837466E+01    4.8011947724E-02
    5.0799800000E-04    8.5499102502E-01   -3.4828521632E-01   -4.8649062766E+01    4.2113132408E-02
    5.1199800000E-04    9.7867488861E-01   -3.7977368199E-01   -4.9088522588E+01    3.6497870584E-02
    5.1599800000E-04    1.0812022039E+00   -3.6329512343E-01   -4.9491017253E+01    3.1662501948E-02
    5.1999800000E-04    1.1561659859E+00   -3.1618366464E-01   -4.9864129394E+01    2.7543727399E-02
    5.2399800000E-04    1.2042844678E+00   -2.4189448430E-01   -5.0214612450E+01    2.4226891506E-02
    5.2799800000E-04    1.2252608758E+00   -1.4440539551E-01   -5.0549112314E+01    2.1995249259E-02
    5.3199800000E-04    1.2202175636E+00   -3.3723194643E-02   -5.0880736996E+01    2.0320167669E-02
    5.3599800000E-04    1.1887171923E+00    7.5370181672E-02   -5.1228794624E+01    1.8141497811E-02
    5.3999800000E-04    1.1278578496E+00    1.6115509095E-01   -5.1608353791E+01    1.5375324663E-02
    5.4399800000E-04    1.0425873404E+00    1.9708037646E-01   -5.2027990391E+01    1.2488627175E-02
    5.4799800000E-04    9.5390369094E-01    1.6832307397E-01   -5.2488195927E+01    1.0164846236E-02
    5.5199800000E-04    8.8883667398E-01    8.4087781480E-02   -5.2980810176E+01    8.6918547653E-03
    5.5599800000E-04    8.6712091086E-01   -2.9896947631E-02   -5.3491361166E+01    8.1339087981E-03
    5.5999800000E-04    8.9618482176E-01   -1.4019360945E-01   -5.4001179454E+01    8.5296673571E-03
    5.6399800000E-04    9.6857104476E-01   -2.1395919630E-01   -5.4490421713E+01    9.8875160225E-03
    5.6799800000E-04    1.0620459806E+00   -2.2653938839E-01   -5.4943701922E+01    1.2251187770E-02
    5.7199800000E-04    1.1474693271E+00   -1.7171468901E-01   -5.5354059817E+01    1.5322192389E-02
    5.7599800000E-04    1.2047484930E+00   -6.7458574903E-02   -5.5724309566E+01    1.8359234476E-02
    5.7999800000E-04    1.2305772298E+00    5.7945098265E-02   -5.6064914127E+01    2.0622222423E-02
    5.8399800000E-04    1.2278384657E+00    1.8044649237E-01   -5.6394058835E+01    2.2063972896E-02
    5.8799800000E-04    1.1955057522E+00    2.8424577003E-01   -5.6732799212E+01    2.4221119461E-02
    5.9199800000E-04    1.1317849216E+00    3.5875463662E-01   -5.7092446280E+01    2.7639670313E-02
    5.9599800000E-04    1.0379752803E+00    3.9938728413E-01   -5.7478973455E+01    3.2284262152E-02
    5.9999800000E-04    9.1706520551E-01    3.9750528378E-01   -5.7899444809E+01    3.7963381913E-02
    6.0399800000E-04    7.8520338184E-01    3.3516028322E-01   -5.8360519210E+01    4.4294264904E-02
    6.0799800000E-04    6.7413897450E-01    2.0817917747E-01   -5.8867304549E+01    5.0515677571E-02
    6.1199800000E-04    6.0926773596E-01    3.6920428267E-02   -5.9416444519E+01    5.5500441896E-02
    6.1599800000E-04    6.0759091248E-01   -1.5006998755E-01   -5.9990204030E+01    5.8219954083E-02
    6.1999800000E-04    6.8159664249E-01   -3.2206843217E-01   -6.0552645294E+01    5.8538639239E-02
    6.2399800000E-04    8.1509834947E-01   -4.4141245161E-01   -6.1070973209E+01    5.7122793559E-02
    6.2799800000E-04    9.7202941509E-01   -4.8206605150E-01   -6.1537239065E+01    5.5074950359E-02
    6.3199800000E-04    1.1145477155E+00   -4.3739150022E-01   -6.1955983420E+01    5.4071852824E-02
    6.3599800000E-04    1.2123287056E+00   -3.2145736171E-01   -6.2332652075E+01    5.5240655823E-02
    6.3999800000E-04    1.2597600878E+00   -1.5469223799E-01   -6.2673897481E+01    5.7995162108E-02
    6.4399800000E-04    1.2657937279E+00    3.8740819023E-02   -6.2994780645E+01    5.8848874305E-02
    6.4799800000E-04    1.2341201865E+00    2.2110428042E-01   -6.3326342349E+01    5.5437140334E-02
    6.5199800000E-04    1.1570212723E+00    3.5952611468E-01   -6.3691731050E+01    5.2030971459E-02
    6.5599800000E-04    1.0355214095E+00    4.3126583890E-01   -6.4100979568E+01    5.0431410604E-02
    6.5999800000E-04    8.9421591572E-01    4.1874338805E-01   -6.4558669782E+01    5.0573065239E-02
    6.6399800000E-04    7.7204193348E-01    3.2764192504E-01   -6.5065156804E+01    5.1079547280E-02
    6.6799800000E-04    7.0492490652E-01    1.8315948510E-01   -6.5608575362E+01    5.0771020847E-02
    6.7199800000E-04    7.1222044543E-01    2.2868186873E-02   -6.6157245301E+01    4.9306459956E-02
    6.7599800000E-04    7.8050888669E-01   -1.1652769356E-01   -6.6679871502E+01    4.7102179502E-02
    6.7999800000E-04    8.8207258428E-01   -2.0868038389E-01   -6.7164471606E+01    4.4551879690E-02
    6.8399800000E-04    9.8786875805E-01   -2.4259279128E-01   -6.7609459322E+01    4.1885867239E-02
    6.8799800000E-04    1.0742082320E+00   -2.3000490740E-01   -6.8016610321E+01    3.9095354511E-02
    6.9199800000E-04    1.1351179556E+00   -1.9387986406E-01   -6.8391754069E+01    3.5904807199E-02
    6.9599800000E-04    1.1751707359E+00   -1.4717418926E-01   -6.8742425686E+01    3.2592606904E-02
    6.9999800000E-04    1.1958899713E+00   -9.2796474496E-02   -6.9077249614E+01    2.9927002433E-02
    7.0399800000E-04    1.1977563491E+00   -3.0576854167E-02   -6.9405317021E+01    2.9032646273E-02
    7.0799800000E-04    1.1823297566E+00    3.5406828221E-02   -6.9737949432E+01    2.9793706674E-02
    7.1199800000E-04    1.1487579722E+00    9.6811051325E-02   -7.0088169933E+01    3.1130100551E-02
    7.1599800000E-04    1.0931495777E+00    1.4388282890E-01   -7.0466237729E+01    3.1975372019E-02
    7.1999800000E-04    1.0108648885E+00    1.6230156025E-01   -7.0879395236E+01    3.2239439558E-02
    7.2399800000E-04    9.0870390003E-01    1.3058579153E-01   -7.1331663960E+01    3.2210874772E-02
    7.2799800000E-04    8.1691336545E-01    3.9312476100E-02   -7.1822346896E+01    3.2135537469E-02
    7.3199800000E-04    7.7128090512E-01   -9.3107816058E-02   -7.2345290489E+01    3.2165438734E-02
    7.3599800000E-04    7.9246944514E-01   -2.3157799670E-01   -7.2880252558E+01    3.2004082691E-02
    7.3999800000E-04    8.7644369776E-01   -3.3711271215E-01   -7.3396849442E+01    3.1598632924E-02
    7.4399800000E-04    9.9668130134E-01   -3.7814121329E-01   -7.3872843522E+01    3.1702792980E-02
    7.4799800000E-04    1.1164405941E+00   -3.3853013228E-01   -7.4300763970E+01    3.3224748825E-02
    7.5199800000E-04    1.2042296529E+00   -2.2681712706E-01   -7.4681814293E+01    3.6416825543E-02
    7.5599800000E-04    1.2496099801E+00   -6.6404829476E-02   -7.5024777445E+01    4.0057747594E-02
    7.5999800000E-04    1.2568196994E+00    1.1326188852E-01   -7.5347431780E+01    4.1023282701E-02
    7.6399800000E-04    1.2265335685E+00    2.7789460327E-01   -7.5678933003E+01    3.9797877623E-02
    7.6799800000E-04    1.1502778792E+00    4.0361992194E-01   -7.6038886968E+01    3.9889132076E-02
    7.7199800000E-04    1.0264595719E+00    4.7271959832E-01   -7.6435054679E+01    4.2279383285E-02
    7.7599800000E-04    8.7264340912E-01    4.6764872596E-01   -7.6873084445E+01    4.6483685317E-02
    7.7999800000E-04    7.2081039369E-01    3.8166380947E-01   -7.7359706631E+01    5.1006888150E-02
    7.8399800000E-04    6.0797742502E-01    2.2578013573E-01   -7.7898024115E+01    5.4384097147E-02
    7.8799800000E-04    5.6242301210E-01    3.3345501337E-02   -7.8475517824E+01    5.5434479571E-02
    7.9199800000E-04    5.9067256017E-01   -1.6222003561E-01   -7.9056111567E+01    5.3637024149E-02
    7.9599800000E-04    6.8618226026E-01   -3.3071267268E-01   -7.9602410714E+01    4.9351975362E-02
    7.9999800000E-04    8.2773224675E-01   -4.3748052949E-01   -8.0099116665E+01    4.3632677028E-02
    8.0399800000E-04    9.7948262279E-01   -4.6715327399E-01   -8.0547253048E+01    3.7960482968E-02
    8.0799800000E-04    1.1097090789E+00   -4.2566592170E-01   -8.0953480167E+01    3.3725389224E-02
    8.1199800000E-04    1.1992609624E+00   -3.2665148161E-01   -8.1323675474E+01    3.1713757211E-02
    8.1599800000E-04    1.2437364048E+00   -1.8632106215E-01   -8.1664201343E+01    3.1721768404E-02
    8.1999800000E-04    1.2498318484E+00   -2.1283165218E-02   -8.1988023680E+01    3.1543192959E-02
    8.2399800000E-04    1.2208769580E+00    1.4073463373E-01   -8.2321848552E+01    2.8757866857E-02
    8.2799800000E-04    1.1527771251E+00    2.6846146649E-01   -8.2687511321E+01    2.5194645266E-02
    8.3199800000E-04    1.0495847374E+00    3.3498577912E-01   -8.3096899714E+01    2.2649331638E-02
    8.3599800000E-04    9.3483025931E-01    3.2435223548E-01   -8.3553980366E+01    2.1658768865E-02
    8.3999800000E-04    8.4409778400E-01    2.4417572087E-01   -8.4053376442E+01    2.1677641461E-02
    8.4399800000E-04    8.0617886953E-01    1.2147633057E-01   -8.4577733117E+01    2.2056396832E-02
    8.4799800000E-04    8.3193963492E-01   -7.2860734047E-03   -8.5099986663E+01    2.2539270003E-02
    8.5199800000E-04    9.0935269303E-01   -1.0523094643E-01   -8.5597133809E+01    2.3303810088E-02
    8.5599800000E-04    1.0076592998E+00   -1.4649695313E-01   -8.6058678687E+01    2.4546107894E-02
    8.5999800000E-04    1.0933481651E+00   -1.3178350061E-01   -8.6481028747E+01    2.5685133616E-02
    8.6399800000E-04    1.1527627882E+00   -8.1462925894E-02   -8.6866197639E+01    2.6296294501E-02
    8.6799800000E-04    1.1880983185E+00   -1.3120576652E-02   -8.7221316089E+01    2.6425776819E-02
    8.7199800000E-04    1.2033173186E+00    6.1735958742E-02   -8.7556812805E+01    2.6764018300E-02
    8.7599800000E-04    1.2001009095E+00    1.3319080606E-01   -8.7886245552E+01    2.8331164881E-02
    8.7999800000E-04    1.1783655450E+00    1.9272140820E-01   -8.8222336570E+01    3.1101764651E-02
    8.8399800000E-04    1.1362824673E+00    2.3893255919E-01   -8.8573950942E+01    3.4567829168E-02
    8.8799800000E-04    1.0721398095E+00    2.7286092914E-01   -8.8948195542E+01    3.8126932000E-02
    8.9199800000E-04    9.8279970505E-01    2.8431586419E-01   -8.9353018084E+01    4.1723807350E-02
    8.9599800000E-04    8.7384311386E-01    2.5067380846E-01   -8.9795115284E+01    4.5346956178E-02
    8.9999800000E-04    7.6894352276E-01    1.5848171170E-01   -9.0277597639E+01    4.9021960676E-02
    9.0399800000E-04    6.9426453896E-01    1.7583019162E-02   -9.0799419872E+01    5.2193123551E-02
    9.0799800000E-04    6.7508171278E-01   -1.4833354576E-01   -9.1351117385E+01    5.4387815954E-02
    9.1199800000E-04    7.3096685252E-01   -3.0585052342E-01   -9.1903887482E+01    5.5163911652E-02
    9.1599800000E-04    8.4910038698E-01   -4.1641708557E-01   -9.2422609818E+01    5.4713455385E-02
    9.1999800000E-04    9.9447982162E-01   -4.5164349503E-01   -9.2892227382E+01    5.4074263069E-02
    9.2399800000E-04    1.1281190383E+00   -4.0092814422E-01   -9.3312989780E+01    5.4803251521E-02
    9.2799800000E-04    1.2193993105E+00   -2.7774559689E-01   -9.3688940984E+01    5.7540296235E-02
    9.3199800000E-04    1.2627464368E+00   -1.0378269804E-01   -9.4027996229E+01    6.1246032625E-02
    9.3599800000E-04    1.2663303146E+00    9.2607202415E-02   -9.4348211055E+01    6.1732940989E-02
    9.3999800000E-04    1.2311005028E+00    2.7194795651E-01   -9.4681774353E+01    5.8598301863E-02
    9.4399800000E-04    1.1474558888E+00    4.0510702181E-01   -9.5048921290E+01    5.6336627671E-02
    9.4799800000E-04    1.0159489549E+00    4.7126866267E-01   -9.5457825740E+01    5.6146871801E-02
    9.5199800000E-04    8.6160200043E-01    4.5294227198E-01   -9.5913618509E+01    5.7509561817E-02
    9.5599800000E-04    7.2310255723E-01    3.5296653259E-01   -9.6420710621E+01    5.8658536257E-02
    9.5999800001E-04    6.3727370232E-01    1.9409889610E-01   -9.6973526191E+01    5.8394440725E-02
    9.6399800001E-04    6.2698132911E-01    1.3405140742E-02   -9.7542480657E+01    5.6136651823E-02
    9.6799800001E-04    6.8168770306E-01   -1.5557055534E-01   -9.8090902161E+01    5.1919242706E-02
    9.7199800001E-04    7.8090121027E-01   -2.8575624299E-01   -9.8600374383E+01    4.6594900662E-02
    9.7599800001E-04    9.0357242548E-01   -3.5622299739E-01   -9.9065634200E+01    4.0979982302E-02
    9.7999800001E-04    1.0190752676E+00   -3.6789384804E-01   -9.9490360314E+01    3.5779850944E-02
    9.8399800001E-04    1.1092393230E+00   -3.4101300893E-01   -9.9880899640E+01    3.1406108401E-02
    9.8799800001E-04    1.1728289152E+00   -2.8827631902E-01   -1.0024515523E+02    2.7498952805E-02
    9.9199800001E-04    1.2110041717E+00   -2.1078003580E-01   -1.0058942442E+02    2.4372536828E-02
    9.9599800001E-04    1.2237020140E+00   -1.1372539233E-01   -1.0092153194E+02    2.2294101753E-02
    9.9999800001E-04    1.2117432627E+00   -7.6070911336E-03   -1.0125628607E+02    2.0585716468E-02
    1.0039980000E-03    1.1736765929E+00    9.2431761058E-02   -1.0161186564E+02    1.8380017575E-02
    1.0079980000E-03    1.1070342893E+00    1.6433925508E-01   -1.0200116803E+02    1.5655707976E-02
    1.0119980000E-03    1.0196437051E+00    1.8287729754E-01   -1.0243096817E+02    1.2873087344E-02
    1.0159980000E-03    9.3432739308E-01    1.3811627731E-01   -1.0289951705E+02    1.0650252917E-02
    1.0199980000E-03    8.7740569725E-01    4.3221728275E-02   -1.0339744905E+02    9.3009404884E-03
    1.0239980000E-03    8.6726206195E-01   -7.3439471676E-02   -1.0390992232E+02    8.9377934674E-03
    1.0279980000E-03    9.0862549594E-01   -1.7764529276E-01   -1.0441737436E+02    9.4767256383E-03
    1.0319980000E-03    9.9002515752E-01   -2.3753559454E-01   -1.0489957099E+02    1.0971579719E-02
    1.0359980000E-03    1.0859746939E+00   -2.3131364047E-01   -1.0534247862E+02    1.3524184629E-02
    1.0399980000E-03    1.1671227723E+00   -1.5859341208E-01   -1.0574158270E+02    1.6734199735E-02
    1.0439980000E-03    1.2170979013E+00   -4.1408006528E-02   -1.0610217792E+02    1.9801556634E-02
    1.0479980000E-03    1.2353494216E+00    9.1392615699E-02   -1.0643670858E+02    2.1837573900E-02
    1.0519980000E-03    1.2241759442E+00    2.1587797693E-01   -1.0676616375E+02    2.3137354060E-02
    1.0559980000E-03    1.1811416616E+00    3.1716481392E-01   -1.0711045851E+02    2.5485957916E-02
    1.0599980000E-03    1.1049654236E+00    3.8528716308E-01   -1.0747852400E+02    2.9243517359E-02
    1.0639980000E-03    9.9813003590E-01    4.1501491297E-01   -1.0787635385E+02    3.4376726254E-02
    1.0679980000E-03    8.6752114331E-01    3.9399868511E-01   -1.0831095820E+02    4.0521864579E-02
    1.0719980000E-03    7.3650056194E-01    3.0691087174E-01   -1.0878871479E+02    4.7142965772E-02
    1.0759980000E-03    6.3801822838E-01    1.5901921352E-01   -1.0931295690E+02    5.3205478952E-02
    1.0799980000E-03    5.9288233899E-01   -2.3231846120E-02   -1.0987581917E+02    5.7612733129E-02
    1.0839980000E-03    6.1753630812E-01   -2.1103051212E-01   -1.1045215225E+02    5.9423476851E-02
    1.0879980000E-03    7.1646540890E-01   -3.7103898003E-01   -1.1100262989E+02    5.8889693886E-02
    1.0919980000E-03    8.6313680704E-01   -4.6706223583E-01   -1.1150324109E+02    5.6956973565E-02
    1.0959980000E-03    1.0206593436E+00   -4.7974132433E-01   -1.1195265007E+02    5.4814349876E-02
    1.0999980000E-03    1.1513977498E+00   -4.0991383389E-01   -1.1235675938E+02    5.4304256564E-02
    1.1039980000E-03    1.2327323683E+00   -2.7585952944E-01   -1.1272094271E+02    5.5959708725E-02
    1.1079980000E-03    1.2656174108E+00   -9.7613840581E-02   -1.1305318007E+02    5.8619126245E-02
    1.1119980000E-03    1.2598870617E+00    9.6528092606E-02   -1.1337389389E+02    5.7874464086E-02
    1.1159980000E-03    1.2144783161E+00    2.6766849536E-01   -1.1371478980E+02    5.3986014535E-02
    1.1199980000E-03    1.1224369610E+00    3.8711601822E-01   -1.1409371882E+02    5.0969399434E-02
    1.1239980000E-03    9.9153731029E-01    4.3264397066E-01   -1.1451874311E+02    4.9909007938E-02
    1.1279980000E-03    8.5382954446E-01    3.9297311622E-01   -1.1499288270E+02    5.0236409270E-02
    1.1319980000E-03    7.4806981156E-01    2.8175982159E-01   -1.1551342988E+02    5.0564446958E-02
    1.1359980000E-03    7.0695144822E-01    1.2929580379E-01   -1.1606117694E+02    4.9935603119E-02
    1.1399980000E-03    7.3907029905E-01   -2.5208927932E-02   -1.1660146661E+02    4.8294938888E-02
    1.1439980000E-03    8.2290925446E-01   -1.4760019078E-01   -1.1710945584E+02    4.6259289516E-02
    1.1479980000E-03    9.2924234562E-01   -2.1581779778E-01   -1.1757840410E+02    4.4031338612E-02
    1.1519980000E-03    1.0283163995E+00   -2.2767741383E-01   -1.1800819134E+02    4.1634296029E-02
    1.1559980000E-03    1.1029578600E+00   -2.0211012465E-01   -1.1840182728E+02    3.8948689485E-02
    1.1599980000E-03    1.1536827299E+00   -1.5970213344E-01   -1.1876600197E+02    3.5725710910E-02
    1.1639980000E-03    1.1851305107E+00   -1.0951545822E-01   -1.1910866134E+02    3.2710477001E-02
    1.1679980000E-03    1.1977203055E+00   -5.3447697809E-02   -1.1943908307E+02    3.0745582145E-02
    1.1719980000E-03    1.1919637578E+00    8.0929507722E-03   -1.1976725383E+02    3.0832375772E-02
    1.1759980000E-03    1.1691376732E+00    7.0360251123E-02   -1.2010495943E+02    3.2450332367E-02
    1.1799980000E-03    1.1275052028E+00    1.2513938051E-01   -1.2046426237E+02    3.4202453542E-02
    1.1839980000E-03    1.0621450474E+00    1.6203465153E-01   -1.2085394820E+02    3.5257431409E-02
    1.1879980000E-03    9.7021628039E-01    1.6360948036E-01   -1.2128039222E+02    3.5786751878E-02
    1.1919980000E-03    8.6588299946E-01    1.0941674741E-01   -1.2174599540E+02    3.6040985990E-02
    1.1959980000E-03    7.8475780273E-01   -1.2495989848E-03   -1.2224947378E+02    3.6270772576E-02
    1.1999980000E-03    7.5901724218E-01   -1.4305527676E-01   -1.2278146013E+02    3.6551580622E-02
    1.2039980000E-03    8.0322982309E-01   -2.7839053043E-01   -1.2331642561E+02    3.6393143208E-02
    1.2079980000E-03    9.0495247347E-01   -3.6910319281E-01   -1.2382377508E+02    3.6016003387E-02
    1.2119980000E-03    1.0323019050E+00   -3.8737665781E-01   -1.2428625539E+02    3.6343236502E-02
    1.2159980000E-03    1.1475123724E+00   -3.2361198413E-01   -1.2470004110E+02    3.8335934408E-02
    1.2199980000E-03    1.2241592997E+00   -1.9305819528E-01   -1.2506866995E+02    4.1903028250E-02
    1.2239980000E-03    1.2579649304E+00   -2.0233400760E-02   -1.2540283893E+02    4.5244039998E-02
    1.2279980000E-03    1.2546087373E+00    1.6269282888E-01   -1.2572457410E+02    4.5035336193E-02
    1.2319980000E-03    1.2111307333E+00    3.2153457071E-01   -1.2606341242E+02    4.3607712596E-02
    1.2359980000E-03    1.1187935829E+00    4.3491902597E-01   -1.2643429703E+02    4.3974936217E-02
    1.2399980000E-03    9.8105195351E-01    4.8407938271E-01   -1.2684378701E+02    4.6653224286E-02
    1.2439980000E-03    8.2245613942E-01    4.5356143516E-01   -1.2729764014E+02    5.0693437711E-02
    1.2479980000E-03    6.7838041639E-01    3.4237473830E-01   -1.2780251273E+02    5.4439307476E-02
    1.2519980000E-03    5.8515167325E-01    1.7014815048E-01   -1.2835754793E+02    5.6653723038E-02
    1.2559980000E-03    5.6474204447E-01   -2.6241336553E-02   -1.2894096013E+02    5.6263575516E-02
    1.2599980000E-03    6.1671276890E-01   -2.1619635681E-01   -1.2951205105E+02    5.2971269571E-02
    1.2639980000E-03    7.2929212719E-01   -3.6751803127E-01   -1.3004106088E+02    4.7659912727E-02
    1.2679980000E-03    8.7653956201E-01   -4.4979425821E-01   -1.3052005592E+02    4.1359817230E-02
    1.2719980000E-03    1.0218926057E+00   -4.5725122119E-01   -1.3095331128E+02    3.5673547843E-02
    1.2759980000E-03    1.1390810787E+00   -3.9992060574E-01   -1.3134730184E+02    3.1653650382E-02
    1.2799980000E-03    1.2142007444E+00   -2.9179623195E-01   -1.3170797221E+02    2.9883195210E-02
    1.2839980000E-03    1.2467186315E+00   -1.4753436444E-01   -1.3204218889E+02    2.9836965673E-02
    1.2879980000E-03    1.2434041042E+00    1.5289791042E-02   -1.3236653189E+02    2.8905292108E-02
    1.2919980000E-03    1.2049375567E+00    1.6789306250E-01   -1.3270802293E+02    2.5702744824E-02
    1.2959980000E-03    1.1279541377E+00    2.7969946859E-01   -1.3308501285E+02    2.2243913589E-02
    1.2999980000E-03    1.0214296776E+00    3.2526095766E-01   -1.3350738567E+02    1.9922849925E-02
    1.3039980000E-03    9.1359101077E-01    2.9430963016E-01   -1.3397636659E+02    1.9059107634E-02
    1.3079980000E-03    8.3900617309E-01    2.0104655951E-01   -1.3448302517E+02    1.9074982956E-02
    1.3119980000E-03    8.2093268837E-01    7.5986298784E-02   -1.3500653631E+02    1.9468574082E-02
    1.3159980000E-03    8.6351524626E-01   -4.3875655655E-02   -1.3552052102E+02    2.0151148806E-02
    1.3199980000E-03    9.4896318865E-01   -1.2359666057E-01   -1.3600631549E+02    2.1472101490E-02
    1.3239980000E-03    1.0442071399E+00   -1.4409635911E-01   -1.3645559447E+02    2.3166074849E-02
    1.3279980000E-03    1.1211727566E+00   -1.1301867446E-01   -1.3686557252E+02    2.4591253670E-02
    1.3319980000E-03    1.1718012152E+00   -5.1549190779E-02   -1.3724002997E+02    2.5466725708E-02
    1.3359980000E-03    1.1993459825E+00    2.3942742715E-02   -1.3758734020E+02    2.5977313450E-02
    1.3399980000E-03    1.2069208543E+00    1.0203261954E-01   -1.3791965177E+02    2.6946114865E-02
    1.3439980000E-03    1.1954963431E+00    1.7301460357E-01   -1.3825105040E+02    2.9253362977E-02
    1.3479980000E-03    1.1647934844E+00    2.2904966546E-01   -1.3859305308E+02    3.2455570225E-02
    1.3519980000E-03    1.1128166098E+00    2.7062922063E-01   -1.3895331678E+02    3.6002077457E-02
    1.3559980000E-03    1.0370884255E+00    2.9698101193E-01   -1.3933894195E+02    3.9709741160E-02
    1.3599980000E-03    9.3624252358E-01    2.9245576225E-01   -1.3975783231E+02    4.3599318789E-02
    1.3639980000E-03    8.2383671444E-01    2.3468207637E-01   -1.4021567431E+02    4.7580884436E-02
    1.3679980000E-03    7.2713773076E-01    1.1936169627E-01   -1.4071469769E+02    5.1524284815E-02
    1.3719980000E-03    6.6965324246E-01   -3.6593057528E-02   -1.4125128893E+02    5.4711375601E-02
    1.3759980000E-03    6.7689346456E-01   -2.0644259957E-01   -1.4180997875E+02    5.6550916114E-02
    1.3799980000E-03    7.5927374272E-01   -3.5415609998E-01   -1.4235575316E+02    5.6902038053E-02
    1.3839980000E-03    8.9287846349E-01   -4.4296421130E-01   -1.4285875539E+02    5.6189182426E-02
    1.3879980000E-03    1.0406538970E+00   -4.5005750336E-01   -1.4331151811E+02    5.5698553967E-02
    1.3919980000E-03    1.1635780054E+00   -3.7308698792E-01   -1.4371671944E+02    5.6998127085E-02
    1.3959980000E-03    1.2391950033E+00   -2.3072209812E-01   -1.4407941962E+02    6.0187425903E-02
    1.3999980000E-03    1.2684966274E+00   -4.5006054947E-02   -1.4440938722E+02    6.3451516473E-02
    1.4039980000E-03    1.2601376652E+00    1.5096820100E-01   -1.4473038385E+02    6.2227519371E-02
    1.4079980000E-03    1.2100532430E+00    3.1858096154E-01   -1.4507368330E+02    5.8896971712E-02
    1.4119980000E-03    1.1099515985E+00    4.3272370282E-01   -1.4545421760E+02    5.7049309861E-02
    1.4159980000E-03    9.6749530920E-01    4.7243239819E-01   -1.4587873431E+02    5.7314013696E-02
    1.4199980000E-03    8.1546432716E-01    4.2574402552E-01   -1.4635205175E+02    5.8578996512E-02
    1.4239980000E-03    6.9225339583E-01    3.0345865766E-01   -1.4687631463E+02    5.9219157382E-02
    1.4279980000E-03    6.3323110174E-01    1.3452884424E-01   -1.4743788511E+02    5.8228024586E-02
    1.4319980000E-03    6.4948902909E-01   -4.2983250716E-02   -1.4800044554E+02    5.5267632644E-02
    1.4359980000E-03    7.2196880584E-01   -1.9816144942E-01   -1.4853349809E+02    5.0809503422E-02
    1.4399980000E-03    8.3102559981E-01   -3.0580503774E-01   -1.4902501581E+02    4.5588110818E-02
    1.4439980000E-03    9.5136328395E-01   -3.5208533952E-01   -1.4947369354E+02    4.0438422525E-02
    1.4479980000E-03    1.0553083265E+00   -3.4739075541E-01   -1.4988424111E+02    3.5756230650E-02
    1.4519980000E-03    1.1325392022E+00   -3.1341801918E-01   -1.5026377392E+02    3.1790351823E-02
    1.4559980000E-03    1.1849452647E+00   -2.5725034259E-01   -1.5061994277E+02    2.8023339725E-02
    1.4599980000E-03    1.2137753638E+00   -1.7922004400E-01   -1.5095905661E+02    2.5065353420E-02
    1.4639980000E-03    1.2190970386E+00   -8.5661911556E-02   -1.5129036844E+02    2.3148981310E-02
    1.4679980000E-03    1.2011562047E+00    1.2983239407E-02   -1.5162932815E+02    2.1506524506E-02
    1.4719980000E-03    1.1577340898E+00    1.0189533260E-01   -1.5199227752E+02    1.9400475119E-02
    1.4759980000E-03    1.0869295659E+00    1.5945481057E-01   -1.5239030573E+02    1.6800532364E-02
    1.4799980000E-03    9.9842104493E-01    1.6227294376E-01   -1.5282852989E+02    1.4163168851E-02
    1.4839980000E-03    9.1617126275E-01    1.0385724070E-01   -1.5330366371E+02    1.2124518451E-02
    1.4879980000E-03    8.6632915661E-01    4.6207196088E-04   -1.5380597416E+02    1.0977542494E-02
    1.4919980000E-03    8.6654915964E-01   -1.1729021139E-01   -1.5432025432E+02    1.0617250951E-02
    1.4959980000E-03    9.1902819152E-01   -2.1494468533E-01   -1.5482541381E+02    1.1057481775E-02
    1.4999980000E-03    1.0085696154E+00   -2.6136971438E-01   -1.5530090881E+02    1.2530995349E-02
    1.5039980000E-03    1.1064459450E+00   -2.3774451858E-01   -1.5573424216E+02    1.5183476135E-02
    1.5079980000E-03    1.1836698363E+00   -1.4893741627E-01   -1.5612333755E+02    1.8503227390E-02
    1.5119980000E-03    1.2273543799E+00   -1.9496657589E-02   -1.5647557687E+02    2.1583961439E-02
    1.5159980000E-03    1.2387786647E+00    1.2121779136E-01   -1.5680554052E+02    2.3314791251E-02
    1.5199980000E-03    1.2191792474E+00    2.4879277390E-01   -1.5713665022E+02    2.4417455178E-02
    1.5239980000E-03    1.1647813815E+00    3.4876464325E-01   -1.5748708623E+02    2.6880454665E-02
    1.5279980000E-03    1.0750680227E+00    4.1092936685E-01   -1.5786424434E+02    3.0973123234E-02
    1.5319980000E-03    9.5477152339E-01    4.2786328209E-01   -1.5827434314E+02    3.6562527766E-02
    1.5359980000E-03    8.1660423924E-01    3.8524574893E-01   -1.5872396273E+02    4.3074294635E-02
    1.5399980000E-03    6.9017280976E-01    2.7350889708E-01   -1.5921937319E+02    4.9752294037E-02
    1.5439980000E-03    6.0666664880E-01    1.0759239264E-01   -1.5976089890E+02    5.5434390530E-02
    1.5479980000E-03    5.8389218890E-01   -8.2376990231E-02   -1.6033502368E+02    5.8888886041E-02
    1.5519980000E-03    6.3534623496E-01   -2.6749288822E-01   -1.6090852937E+02    5.9647388827E-02
    1.5559980000E-03    7.5531877638E-01   -4.1162357910E-01   -1.6144382599E+02    5.8229072218E-02
    1.5599980000E-03    9.1070963118E-01   -4.8286889631E-01   -1.6192679315E+02    5.5759609639E-02
    1.5639980000E-03    1.0644030042E+00   -4.6888829085E-01   -1.6236047570E+02    5.3613088972E-02
    1.5679980000E-03    1.1812231380E+00   -3.7758122793E-01   -1.6275105955E+02    5.3509445126E-02
    1.5719980000E-03    1.2468542675E+00   -2.2890202381E-01   -1.6310414784E+02    5.5469271004E-02
    1.5759980000E-03    1.2669666042E+00   -4.3212823383E-02   -1.6342981346E+02    5.7529516958E-02
    1.5799980000E-03    1.2498950169E+00    1.4703392648E-01   -1.6375382230E+02    5.5337113185E-02
    1.5839980000E-03    1.1908253182E+00    3.0439134076E-01   -1.6410526370E+02    5.1403019486E-02
    1.5879980000E-03    1.0858377232E+00    4.0323449518E-01   -1.6449801550E+02    4.8828899118E-02
    1.5919980000E-03    9.5042944152E-01    4.2238737604E-01   -1.6493847086E+02    4.8214973008E-02
    1.5959980000E-03    8.2131459221E-01    3.5871577965E-01   -1.6542790155E+02    4.8606813507E-02
    1.5999980000E-03    7.3596421627E-01    2.3231901523E-01   -1.6595898169E+02    4.8733930176E-02
    1.6039980000E-03    7.2129955613E-01    7.7642445039E-02   -1.6650569902E+02    4.7902050882E-02
    1.6079980000E-03    7.7494853921E-01   -6.5976386394E-02   -1.6703429500E+02    4.6388345354E-02
    1.6119980000E-03    8.7078498007E-01   -1.6722995841E-01   -1.6752693618E+02    4.4748781794E-02
    1.6159980000E-03    9.7677058712E-01   -2.1021097790E-01   -1.6798037762E+02    4.2959489469E-02
    1.6199980000E-03    1.0655703878E+00   -2.0253995524E-01   -1.6839527980E+02    4.0886723492E-02
    1.6239980000E-03    1.1282767020E+00   -1.6647247316E-01   -1.6877609597E+02    3.8233793667E-02
    1.6279980000E-03    1.1692931690E+00   -1.1817589889E-01   -1.6912995994E+02    3.5099928036E-02
    1.6319980000E-03    1.1921313086E+00   -6.4622671014E-02   -1.6946571020E+02    3.2745235462E-02
    1.6359980000E-03    1.1964675670E+00   -7.7850646883E-03   -1.6979348132E+02    3.1818561108E-02
    1.6399980000E-03    1.1827420449E+00    5.1529905390E-02   -1.7012401378E+02    3.2975875228E-02
    1.6439980000E-03    1.1518009897E+00    1.0855942652E-01   -1.7046891297E+02    3.5384790326E-02
    1.6479980000E-03    1.1008180543E+00    1.5539934017E-01   -1.7083876682E+02    3.7469003276E-02
    1.6519980000E-03    1.0243234069E+00    1.7964625123E-01   -1.7124122353E+02    3.8786268788E-02
    1.6559980000E-03    9.2385125383E-01    1.6062076494E-01   -1.7168165212E+02    3.9647619276E-02
    1.6599980000E-03    8.2205761293E-01    8.2516668961E-02   -1.7216116341E+02    4.0268083145E-02
    1.6639980000E-03    7.5541793490E-01   -4.5636353310E-02   -1.7267756160E+02    4.0947136749E-02
    1.6679980000E-03    7.5193641655E-01   -1.9371135353E-01   -1.7321694407E+02    4.1430994825E-02
    1.6719980000E-03    8.1911508370E-01   -3.2257098516E-01   -1.7374904548E+02    4.1240930772E-02
    1.6759980000E-03    9.3610001617E-01   -3.9602783822E-01   -1.7424530764E+02    4.0911389005E-02
    1.6799980000E-03    1.0672951996E+00   -3.9064504050E-01   -1.7469400749E+02    4.1515092956E-02
    1.6839980000E-03    1.1753565813E+00   -3.0437225926E-01   -1.7509425730E+02    4.3970448087E-02
    1.6879980000E-03    1.2403676980E+00   -1.5704094909E-01   -1.7545160994E+02    4.7818890970E-02
    1.6919980000E-03    1.2632444975E+00    2.5959866064E-02   -1.7577886263E+02    5.0487032455E-02
    1.6959980000E-03    1.2492690850E+00    2.0927803612E-01   -1.7610257243E+02    4.9198508803E-02
    1.6999980000E-03    1.1918858016E+00    3.6042384089E-01   -1.7645001959E+02    4.7713133990E-02
    1.7039980000E-03    1.0838910197E+00    4.5943430177E-01   -1.7683252556E+02    4.8279437410E-02
    1.7079980000E-03    9.3505316369E-01    4.8674134649E-01   -1.7725593408E+02    5.1045575362E-02
    1.7119980000E-03    7.7627885108E-01    4.3067021368E-01   -1.7772645094E+02    5.4569783740E-02
    1.7159980000E-03    6.4437599845E-01    2.9729790064E-01   -1.7824943576E+02    5.7317147150E-02
    1.7199980000E-03    5.7409331510E-01    1.1406545985E-01   -1.7881798617E+02    5.8102824181E-02
    1.7239980000E-03    5.7877240082E-01   -8.1941185975E-02   -1.7940049785E+02    5.6166294683E-02
    1.7279980000E-03    6.5160920872E-01   -2.6165234745E-01   -1.7995741010E+02    5.1488281480E-02
    1.7319980000E-03    7.7653422768E-01   -3.9208670896E-01   -1.8046830681E+02    4.5321558509E-02
    1.7359980000E-03    9.2351790066E-01   -4.5040592706E-01   -1.8093055676E+02    3.8767982133E-02
    1.7399980000E-03    1.0584467698E+00   -4.3944275583E-01   -1.8135017997E+02    3.3173217083E-02
    1.7439980000E-03    1.1614413932E+00   -3.7151299603E-01   -1.8173336525E+02    2.9330705947E-02
    1.7479980000E-03    1.2233379672E+00   -2.5915688802E-01   -1.8208619667E+02    2.7621517052E-02
    1.7519980000E-03    1.2458575374E+00   -1.1546894261E-01   -1.8241636088E+02    2.7284880109E-02
    1.7559980000E-03    1.2346168272E+00    4.1338905838E-02   -1.8274353006E+02    2.5681946298E-02
    1.7599980000E-03    1.1883821788E+00    1.8261743470E-01   -1.8309313615E+02    2.2328363661E-02
    1.7639980000E-03    1.1056056655E+00    2.7827527710E-01   -1.8348073160E+02    1.8985037066E-02
    1.7679980000E-03    9.9977191956E-01    3.0485398987E-01   -1.8391426954E+02    1.6763109493E-02
    1.7719980000E-03    9.0182870668E-01    2.5777420331E-01   -1.8439225990E+02    1.5887645627E-02
    1.7759980000E-03    8.4346753637E-01    1.5627292541E-01   -1.8490240992E+02    1.5850027524E-02
    1.7799980000E-03    8.4215648026E-01    3.2884423455E-02   -1.8542222929E+02    1.6321443063E-02
    1.7839980000E-03    8.9660185878E-01   -7.5779125400E-02   -1.8592766850E+02    1.7442301413E-02
    1.7879980000E-03    9.8471751403E-01   -1.3817480793E-01   -1.8640351581E+02    1.9259345154E-02
    1.7919980000E-03    1.0749062180E+00   -1.4103809413E-01   -1.8684214064E+02    2.1305453232E-02
    1.7959980000E-03    1.1445359968E+00   -9.5100050864E-02   -1.8724159032E+02    2.3113257490E-02
    1.7999980000E-03    1.1879940736E+00   -2.2210922817E-02   -1.8760704907E+02    2.4377097424E-02
    1.8039980000E-03    1.2085357335E+00    6.0893742024E-02   -1.8794837633E+02    2.5359344790E-02
    1.8079980000E-03    1.2085337817E+00    1.4246050678E-01   -1.8827948722E+02    2.6914454191E-02
    1.8119980000E-03    1.1883739377E+00    2.1312639664E-01   -1.8861453596E+02    2.9789288810E-02
    1.8159980000E-03    1.1477907269E+00    2.6602567167E-01   -1.8896362026E+02    3.3261080378E-02
    1.8199980000E-03    1.0845885761E+00    3.0275027055E-01   -1.8933352729E+02    3.6873589936E-02
    1.8239980000E-03    9.9586058014E-01    3.1901025318E-01   -1.8973168551E+02    4.0884582177E-02
    1.8279980000E-03    8.8501022515E-01    2.9430037524E-01   -1.9016569225E+02    4.5156360264E-02
    1.8319980000E-03    7.7360407673E-01    2.1099464309E-01   -1.9064030177E+02    4.9580368933E-02
    1.8359980000E-03    6.8884579067E-01    7.4590685280E-02   -1.9115633343E+02    5.3667089404E-02
    1.8399980000E-03    6.5221728093E-01   -9.3087904737E-02   -1.9170657096E+02    5.6732382437E-02
    1.8439980000E-03    6.8763834940E-01   -2.6257656062E-01   -1.9226774980E+02    5.8132835516E-02
    1.8479980000E-03    7.9363507696E-01   -3.9606906004E-01   -1.9280221889E+02    5.7996331766E-02
    1.8519980000E-03    9.3837037418E-01   -4.6056328448E-01   -1.9328844323E+02    5.7073756840E-02
    1.8559980000E-03    1.0838240034E+00   -4.3948427770E-01   -1.9372479915E+02    5.6848720953E-02
    1.8599980000E-03    1.1933945617E+00   -3.3911795164E-01   -1.9411527805E+02    5.8659179689E-02
    1.8639980000E-03    1.2535202285E+00   -1.8031333504E-01   -1.9446599517E+02    6.2125624412E-02
    1.8679980000E-03    1.2700407257E+00    1.3277753052E-02   -1.9478950640E+02    6.4353860932E-02
    1.8719980000E-03    1.2494459717E+00    2.0446631897E-01   -1.9511486122E+02    6.1756864541E-02
    1.8759980000E-03    1.1839258662E+00    3.5772999617E-01   -1.9546926519E+02    5.8550547043E-02
    1.8799980000E-03    1.0687299837E+00    4.5056814885E-01   -1.9586389976E+02    5.7149322872E-02
    1.8839980000E-03    9.2001818180E-01    4.6257314577E-01   -1.9630450727E+02    5.7729537310E-02
    1.8879980000E-03    7.7534255175E-01    3.8953850155E-01   -1.9679532996E+02    5.8763952917E-02
    1.8919980000E-03    6.7239808528E-01    2.4928312354E-01   -1.9733435433E+02    5.8827146809E-02
    1.8959980000E-03    6.4171158928E-01    7.5921686796E-02   -1.9789848382E+02    5.7224525353E-02
    1.8999980000E-03    6.8174040314E-01   -9.3585863043E-02   -1.9844974791E+02    5.3821483743E-02
    1.9039980000E-03    7.6894998369E-01   -2.3075028323E-01   -1.9896586599E+02    4.9343355808E-02
    1.9079980000E-03    8.8325558750E-01   -3.1353623683E-01   -1.9943959427E+02    4.4513264670E-02
    1.9119980000E-03    9.9651096617E-01   -3.3718524271E-01   -1.9987244881E+02    3.9876427892E-02
    1.9159980000E-03    1.0871694689E+00   -3.1986811062E-01   -2.0026971742E+02    3.5715370030E-02
    1.9199980000E-03    1.1518232496E+00   -2.8087314748E-01   -2.0063919490E+02    3.2037009060E-02
    1.9239980000E-03    1.1935111730E+00   -2.2236522507E-01   -2.0098796265E+02    2.8423742060E-02
    1.9279980000E-03    1.2134849823E+00   -1.4515106154E-01   -2.0132290378E+02    2.5720093088E-02
    1.9319980000E-03    1.2118374101E+00   -5.6648491158E-02   -2.0165469903E+02    2.4096923652E-02
    1.9359980000E-03    1.1881814881E+00    3.2892826715E-02   -2.0199867373E+02    2.2701959933E-02
    1.9399980000E-03    1.1397162368E+00    1.0940180110E-01   -2.0236913696E+02    2.0852588890E-02
    1.9439980000E-03    1.0649457932E+00    1.5230165593E-01   -2.0277559556E+02    1.8522471887E-02
    1.9479980000E-03    9.7479917613E-01    1.4001631102E-01   -2.0322170810E+02    1.6195399205E-02
    1.9519980000E-03    8.9440608217E-01    6.8814142168E-02   -2.0370336953E+02    1.4400013437E-02
    1.9559980000E-03    8.5133872891E-01   -4.2326622193E-02   -2.0421091997E+02    1.3298665755E-02
    1.9599980000E-03    8.6319176595E-01   -1.6100440863E-01   -2.0472766287E+02    1.2922295226E-02
    1.9639980000E-03    9.2785383871E-01   -2.5184537398E-01   -2.0523041926E+02    1.3272959205E-02
    1.9679980000E-03    1.0257471000E+00   -2.8460391472E-01   -2.0569895927E+02    1.4681166016E-02
    1.9719980000E-03    1.1250804514E+00   -2.4430641631E-01   -2.0612290853E+02    1.7382460369E-02
    1.9759980000E-03    1.1983334571E+00   -1.4056634456E-01   -2.0650263030E+02    2.0796341827E-02
    1.9799980000E-03    1.2360439240E+00    4.2983329406E-04   -2.0684735901E+02    2.3816679124E-02
    1.9839980000E-03    1.2408064487E+00    1.4885398726E-01   -2.0717410004E+02    2.5121418077E-02
    1.9879980000E-03    1.2124054652E+00    2.7965457905E-01   -2.0750803980E+02    2.5976209824E-02
    1.9919980000E-03    1.1458793815E+00    3.7842178273E-01   -2.0786520966E+02    2.8493624189E-02
    1.9959980000E-03    1.0419344484E+00    4.3372893966E-01   -2.0825222335E+02    3.2882108232E-02
    1.9999980000E-03    9.0899172198E-01    4.3532763298E-01   -2.0867534729E+02    3.8789594004E-02
