 sig=    1.000000000000000      inputfile=
 /home/rjrj524/Finished/vmec_gc_tracer/revised_251128/nc/wout_pwO_nfp2_A6.nc                                                                                                                             
 dt=   2.0000000000000001E-009
 steps=      1000000
 x0=   5.9999999999999998E-002    0.000000000000000      
    6.410000000000000     
 u=    123000.0000000000     
 v_perp=    66200.00000000000     
 
time(s)         x0(1)       x0(2)        x0(3)      r
    3.9980000000E-06    1.1663902554E+00   -9.2627763868E-02    6.7874759232E+00    5.7489403909E-02
    7.9980000000E-06    1.1335250493E+00   -1.2489024661E-01    7.1798878372E+00    5.4096506289E-02
    1.1998000000E-05    1.0834439901E+00   -1.4788493306E-01    7.5961257018E+00    5.1935425616E-02
    1.5998000000E-05    1.0117136472E+00   -1.4693386037E-01    8.0409732286E+00    5.1022701223E-02
    1.9998000000E-05    9.1927131095E-01   -1.0563929390E-01    8.5158706870E+00    5.0833078023E-02
    2.3998000000E-05    8.3048934148E-01   -1.1328998252E-02    9.0199673569E+00    5.0916786011E-02
    2.7998000000E-05    7.8273593476E-01    1.2234463173E-01    9.5505487486E+00    5.1004910875E-02
    3.1998000000E-05    7.9895847193E-01    2.6265658022E-01    1.0092808886E+01    5.1158537067E-02
    3.5998000000E-05    8.7711925101E-01    3.7322205561E-01    1.0619329628E+01    5.1433942502E-02
    3.9998000000E-05    9.9288383916E-01    4.2429439412E-01    1.1108260845E+01    5.1381643439E-02
    4.3998000000E-05    1.1122853998E+00    3.9918260942E-01    1.1553961818E+01    5.0456311976E-02
    4.7998000000E-05    1.2033357216E+00    3.0199201488E-01    1.1960166809E+01    4.8426462181E-02
    5.1998000000E-05    1.2517556406E+00    1.4922757016E-01    1.2334649926E+01    4.5765488316E-02
    5.5998000000E-05    1.2602234311E+00   -3.6212806249E-02    1.2689574538E+01    4.4836542723E-02
    5.9998000000E-05    1.2321031103E+00   -2.1079387913E-01    1.3051797607E+01    4.7474533271E-02
    6.3998000000E-05    1.1624002803E+00   -3.3881234320E-01    1.3442202238E+01    5.0596791243E-02
    6.7998000000E-05    1.0574452259E+00   -4.0075763793E-01    1.3869916369E+01    5.2814091760E-02
    7.1998000000E-05    9.4298735280E-01   -3.8490440532E-01    1.4339498370E+01    5.3734055288E-02
    7.5998000000E-05    8.5456712295E-01   -3.0116214888E-01    1.4847959050E+01    5.3708800940E-02
    7.9998000000E-05    8.2051013314E-01   -1.7616980380E-01    1.5378568299E+01    5.3192975432E-02
    8.3998000000E-05    8.5040611537E-01   -4.5740023534E-02    1.5905496795E+01    5.2428214192E-02
    8.7998000000E-05    9.2993858552E-01    5.3033713770E-02    1.6410477336E+01    5.1435195911E-02
    9.1998000000E-05    1.0222464970E+00    9.6846637227E-02    1.6887379970E+01    5.0086512915E-02
    9.5998000000E-05    1.0949422681E+00    9.4865959271E-02    1.7334131461E+01    4.9238876917E-02
    9.9998000000E-05    1.1430196143E+00    6.8084962522E-02    1.7752765102E+01    4.9422475016E-02
    1.0399800000E-04    1.1723042416E+00    2.7623828315E-02    1.8148173594E+01    5.0742813697E-02
    1.0799800000E-04    1.1872620114E+00   -1.6320597480E-02    1.8526647636E+01    5.2239850682E-02
    1.1199800000E-04    1.1891099077E+00   -5.2781926685E-02    1.8898600423E+01    5.1840573682E-02
    1.1599800000E-04    1.1741739268E+00   -8.5505307888E-02    1.9273858781E+01    4.9796067510E-02
    1.1999800000E-04    1.1440968455E+00   -1.2051239577E-01    1.9661803538E+01    4.6696491371E-02
    1.2399800000E-04    1.0976138839E+00   -1.4809721748E-01    2.0072276964E+01    4.4429524281E-02
    1.2799800000E-04    1.0306177296E+00   -1.5394412485E-01    2.0510810923E+01    4.3467959610E-02
    1.3199800000E-04    9.4286528775E-01   -1.2248184442E-01    2.0979682097E+01    4.3354716402E-02
    1.3599800000E-04    8.5261690444E-01   -3.9702981401E-02    2.1477940973E+01    4.3612438919E-02
    1.3999800000E-04    7.9576735719E-01    8.6467881889E-02    2.2003153245E+01    4.3893035726E-02
    1.4399800000E-04    7.9808616579E-01    2.2617287151E-01    2.2543506614E+01    4.4160871280E-02
    1.4799800000E-04    8.6294460521E-01    3.4356425748E-01    2.3074003021E+01    4.4495849230E-02
    1.5199800000E-04    9.7077677469E-01    4.0727445364E-01    2.3570886956E+01    4.4534522252E-02
    1.5599800000E-04    1.0895549700E+00    3.9777610347E-01    2.4025219464E+01    4.3833605321E-02
    1.5999800000E-04    1.1862267018E+00    3.1468599672E-01    2.4438961582E+01    4.2085218913E-02
    1.6399800000E-04    1.2425166326E+00    1.7423882441E-01    2.4819305816E+01    3.9627193946E-02
    1.6799800000E-04    1.2582158852E+00   -2.8584331416E-03    2.5177062757E+01    3.8174515113E-02
    1.7199800000E-04    1.2377770765E+00   -1.7812769183E-01    2.5536326027E+01    4.0105443239E-02
    1.7599800000E-04    1.1767981071E+00   -3.1385789066E-01    2.5920543400E+01    4.2954428602E-02
    1.7999800000E-04    1.0780739721E+00   -3.8890577604E-01    2.6340175879E+01    4.5095327082E-02
    1.8399800000E-04    9.6323259475E-01   -3.8831095847E-01    2.6801123009E+01    4.6088502424E-02
    1.8799800000E-04    8.6645145956E-01   -3.1685603953E-01    2.7302598263E+01    4.6171322946E-02
    1.9199800000E-04    8.1801096301E-01   -1.9759703129E-01    2.7831644621E+01    4.5755517234E-02
    1.9599800000E-04    8.3195050533E-01   -6.4123529453E-02    2.8363546969E+01    4.5130568272E-02
    1.9999800000E-04    8.9988157314E-01    4.7157857733E-02    2.8877067263E+01    4.4335748555E-02
    2.0399800000E-04    9.9116773066E-01    1.0871919325E-01    2.9363481352E+01    4.3255273225E-02
    2.0799800000E-04    1.0708603771E+00    1.2034531523E-01    2.9820077032E+01    4.2519013869E-02
    2.1199800000E-04    1.1272166967E+00    1.0058880809E-01    3.0247125735E+01    4.2750853467E-02
    2.1599800000E-04    1.1636463350E+00    6.3277195274E-02    3.0648687867E+01    4.4240274920E-02
    2.1999800000E-04    1.1846330171E+00    1.9722377454E-02    3.1030618622E+01    4.6327626486E-02
    2.2399800000E-04    1.1918097275E+00   -1.9336124046E-02    3.1402884945E+01    4.6820435786E-02
    2.2799800000E-04    1.1819680148E+00   -5.5853875794E-02    3.1775801805E+01    4.5642322508E-02
    2.3199800000E-04    1.1570510696E+00   -9.5383022141E-02    3.2158979474E+01    4.3002246321E-02
    2.3599800000E-04    1.1165118941E+00   -1.2921141359E-01    3.2562726477E+01    4.0888034835E-02
    2.3999800000E-04    1.0561674133E+00   -1.4426462768E-01    3.2993148960E+01    4.0104000367E-02
    2.4399800000E-04    9.7399814441E-01   -1.2594622084E-01    3.3453640103E+01    4.0276390282E-02
    2.4799800000E-04    8.8275469093E-01   -5.8046185637E-02    3.3943884536E+01    4.0864309086E-02
    2.5199800000E-04    8.1667885144E-01    5.7696471962E-02    3.4461510177E+01    4.1385525601E-02
    2.5599800000E-04    8.0495294355E-01    1.9432552911E-01    3.4997360474E+01    4.1831883470E-02
    2.5999800000E-04    8.5564375053E-01    3.1622542815E-01    3.5529382759E+01    4.2215734666E-02
    2.6399800000E-04    9.5426608303E-01    3.9039763274E-01    3.6032739243E+01    4.2259906554E-02
    2.6799800000E-04    1.0708258285E+00    3.9435746835E-01    3.6494972844E+01    4.1568562985E-02
    2.7199800000E-04    1.1715410985E+00    3.2330658237E-01    3.6915848959E+01    3.9829026907E-02
    2.7599800000E-04    1.2345614965E+00    1.9204387659E-01    3.7301535780E+01    3.7342578981E-02
    2.7999800000E-04    1.2567268395E+00    2.0709772941E-02    3.7662071049E+01    3.5470325574E-02
    2.8399800000E-04    1.2427635528E+00   -1.5548562623E-01    3.8019378712E+01    3.6789574596E-02
    2.8799800000E-04    1.1890633705E+00   -2.9767194244E-01    3.8398485899E+01    3.9371600305E-02
    2.9199800000E-04    1.0956188034E+00   -3.8362933568E-01    3.8811008092E+01    4.1359997770E-02
    2.9599800000E-04    9.8011973178E-01   -3.9658381812E-01    3.9263995769E+01    4.2312662237E-02
    2.9999800000E-04    8.7521840011E-01   -3.3641431096E-01    3.9758816187E+01    4.2415341522E-02
    3.0399800000E-04    8.1278475290E-01   -2.2263697547E-01    4.0286123341E+01    4.2067444195E-02
    3.0799800000E-04    8.1136000024E-01   -8.6636506784E-02    4.0822780734E+01    4.1611060388E-02
    3.1199800000E-04    8.6785565652E-01    3.5719976284E-02    4.1344892897E+01    4.1066048986E-02
    3.1599800000E-04    9.5684674841E-01    1.1418582410E-01    4.1840758033E+01    4.0411019008E-02
    3.1999800000E-04    1.0426033717E+00    1.4096789304E-01    4.2307215323E+01    4.0006527734E-02
    3.2399800000E-04    1.1071131473E+00    1.3092889178E-01    4.2743395005E+01    4.0470752133E-02
    3.2799800000E-04    1.1510075567E+00    9.9369395478E-02    4.3152077906E+01    4.2203108592E-02
    3.3199800000E-04    1.1784238583E+00    5.9328371812E-02    4.3538694805E+01    4.4838136233E-02
    3.3599800000E-04    1.1914016687E+00    2.1433630056E-02    4.3912707885E+01    4.6267709189E-02
    3.3999800000E-04    1.1872411165E+00   -1.6213742679E-02    4.4284395243E+01    4.6135697269E-02
    3.4399800000E-04    1.1685130376E+00   -5.9159148822E-02    4.4663411353E+01    4.4099101441E-02
    3.4799800000E-04    1.1350715419E+00   -9.8429351146E-02    4.5060503919E+01    4.2272048556E-02
    3.5199800000E-04    1.0827277947E+00   -1.2225181539E-01    4.5482237016E+01    4.1714183773E-02
    3.5599800000E-04    1.0074095650E+00   -1.1790853376E-01    4.5932978769E+01    4.2204158474E-02
    3.5999800000E-04    9.1625060055E-01   -6.6964535472E-02    4.6413826113E+01    4.3224593271E-02
    3.6399800000E-04    8.4058175742E-01    3.6094859965E-02    4.6922597078E+01    4.4029687963E-02
    3.6799800000E-04    8.1412992469E-01    1.6823863015E-01    4.7452508810E+01    4.4669134186E-02
    3.7199800000E-04    8.5010263226E-01    2.9379818011E-01    4.7984747380E+01    4.5129322895E-02
    3.7599800000E-04    9.3894016794E-01    3.7803921584E-01    4.8493926818E+01    4.5199032619E-02
    3.7999800000E-04    1.0530005745E+00    3.9522978293E-01    4.8963983530E+01    4.4472618595E-02
    3.8399800000E-04    1.1577441021E+00    3.3594633193E-01    4.9392226705E+01    4.2614839293E-02
    3.8799800000E-04    1.2277251889E+00    2.1225839084E-01    4.9783452660E+01    3.9915591499E-02
    3.9199800000E-04    1.2565129830E+00    4.3781145697E-02    5.0146873009E+01    3.7550275719E-02
    3.9599800000E-04    1.2487659585E+00   -1.3619345366E-01    5.0502449339E+01    3.8313680808E-02
    3.9999800000E-04    1.2018743892E+00   -2.8644553583E-01    5.0876739455E+01    4.0789480360E-02
    4.0399800000E-04    1.1134162607E+00   -3.8340108122E-01    5.1282546846E+01    4.2743313924E-02
    4.0799800000E-04    9.9733262897E-01   -4.0973504542E-01    5.1727712281E+01    4.3689644506E-02
    4.1199800000E-04    8.8474900115E-01   -3.6088768541E-01    5.2215557325E+01    4.3780848241E-02
    4.1599800000E-04    8.0889407867E-01   -2.5310201946E-01    5.2740107733E+01    4.3470842548E-02
    4.1999800000E-04    7.9277343243E-01   -1.1565708867E-01    5.3280264966E+01    4.3159270349E-02
    4.2399800000E-04    8.3834590900E-01    1.5830436387E-02    5.3809883213E+01    4.2852235281E-02
    4.2799800000E-04    9.2419101928E-01    1.0911365650E-01    5.4314052466E+01    4.2533060070E-02
    4.3199800000E-04    1.0147021192E+00    1.5031144048E-01    5.4789115996E+01    4.2464355310E-02
    4.3599800000E-04    1.0861874548E+00    1.5060226465E-01    5.5233857273E+01    4.3159042314E-02
    4.3999800000E-04    1.1365689539E+00    1.2596684467E-01    5.5649768373E+01    4.5052775453E-02
    4.4399800000E-04    1.1695844437E+00    9.0834234639E-02    5.6041696869E+01    4.8082162471E-02
    4.4799800000E-04    1.1878447167E+00    5.6676499518E-02    5.6418562076E+01    5.0335886452E-02
    4.5199800000E-04    1.1890930869E+00    2.1535678926E-02    5.6790432444E+01    5.1179846739E-02
    4.5599800000E-04    1.1763969500E+00   -2.1718973789E-02    5.7166523514E+01    4.9834628095E-02
    4.5999800000E-04    1.1499838122E+00   -6.4005533326E-02    5.7557821458E+01    4.8301243049E-02
    4.6399800000E-04    1.1058724005E+00   -9.4242987420E-02    5.7971416299E+01    4.7836396108E-02
    4.6799800000E-04    1.0383382365E+00   -1.0232443907E-01    5.8412298283E+01    4.8471655484E-02
    4.7199800000E-04    9.4863550969E-01   -6.9068234509E-02    5.8883358008E+01    4.9779509742E-02
    4.7599800000E-04    8.6339873695E-01    1.9564534526E-02    5.9383070348E+01    5.0850745857E-02
    4.7999800000E-04    8.2146329570E-01    1.4635666165E-01    5.9906648065E+01    5.1654938042E-02
    4.8399800000E-04    8.4218948132E-01    2.7556311421E-01    6.0438704316E+01    5.2222292325E-02
    4.8799800000E-04    9.2089169583E-01    3.7057835274E-01    6.0953780828E+01    5.2390018406E-02
    4.9199800000E-04    1.0325436859E+00    4.0236271305E-01    6.1432203782E+01    5.1722663441E-02
    4.9599800000E-04    1.1420638842E+00    3.5669632354E-01    6.1868634253E+01    4.9807511373E-02
    4.9999800000E-04    1.2202830110E+00    2.4160874590E-01    6.2266357771E+01    4.6867751308E-02
    5.0399800000E-04    1.2568788784E+00    7.5564693225E-02    6.2633569583E+01    4.3929177574E-02
    5.0799800000E-04    1.2560139499E+00   -1.1064889260E-01    6.2987597189E+01    4.4014795197E-02
    5.1199800000E-04    1.2167569518E+00   -2.7220278749E-01    6.3356618026E+01    4.6574509566E-02
    5.1599800000E-04    1.1344438307E+00   -3.8223577113E-01    6.3755409391E+01    4.8758645068E-02
    5.1999800000E-04    1.0191557297E+00   -4.2367176556E-01    6.4192245807E+01    4.9907641336E-02
    5.2399800000E-04    8.9998545229E-01   -3.8801523277E-01    6.4671983462E+01    5.0081109008E-02
    5.2799800000E-04    8.1158825457E-01   -2.8818564438E-01    6.5191699397E+01    4.9828357327E-02
    5.3199800000E-04    7.8108971073E-01   -1.5146861308E-01    6.5732947067E+01    4.9611968349E-02
    5.3599800000E-04    8.1606886920E-01   -1.3488308700E-02    6.6267917061E+01    4.9516004997E-02
    5.3999800000E-04    8.9844469397E-01    9.1451177758E-02    6.6778345826E+01    4.9399462144E-02
    5.4399800000E-04    9.9279864899E-01    1.4404590649E-01    6.7259770049E+01    4.9478666980E-02
    5.4799800000E-04    1.0695829979E+00    1.5246211640E-01    6.7711272423E+01    5.0208749890E-02
    5.5199800000E-04    1.1242845786E+00    1.3343439173E-01    6.8133435851E+01    5.2042288422E-02
    5.5599800000E-04    1.1607097731E+00    1.0188023295E-01    6.8530400496E+01    5.5283736765E-02
    5.5999800000E-04    1.1825677360E+00    7.1031169685E-02    6.8910249590E+01    5.8085799350E-02
    5.6399800000E-04    1.1878577914E+00    4.1325805544E-02    6.9283286259E+01    5.9579787208E-02
    5.6799800000E-04    1.1792877000E+00    1.8143570200E-03    6.9657895946E+01    5.8679998931E-02
    5.7199800000E-04    1.1580697761E+00   -4.0267033523E-02    7.0045034823E+01    5.7147065852E-02
    5.7599800000E-04    1.1204961340E+00   -7.3239004340E-02    7.0452512648E+01    5.6439852359E-02
    5.7999800000E-04    1.0600683905E+00   -8.9225810332E-02    7.0885475484E+01    5.6853180035E-02
    5.8399800000E-04    9.7274665901E-01   -7.1006443078E-02    7.1348193303E+01    5.8013270519E-02
    5.8799800000E-04    8.7916634142E-01    3.4540746896E-03    7.1840384361E+01    5.9069502070E-02
    5.9199800000E-04    8.2220301776E-01    1.2496488958E-01    7.2358855911E+01    5.9868384164E-02
    5.9599800000E-04    8.2797155459E-01    2.5830933712E-01    7.2891496945E+01    6.0457144719E-02
    5.9999800000E-04    8.9677687900E-01    3.6515099003E-01    7.3413199050E+01    6.0750295125E-02
    6.0399800000E-04    1.0061633945E+00    4.1357319780E-01    7.3900944156E+01    6.0294294799E-02
    6.0799800000E-04    1.1212383211E+00    3.8494376486E-01    7.4346631393E+01    5.8573336306E-02
    6.1199800000E-04    1.2093333182E+00    2.8228598026E-01    7.4752267539E+01    5.5606601361E-02
    6.1599800000E-04    1.2556786288E+00    1.2218855523E-01    7.5125032204E+01    5.2219500115E-02
    6.1999800000E-04    1.2628753034E+00   -6.9013395717E-02    7.5478669316E+01    5.1318653423E-02
    6.2399800000E-04    1.2329035052E+00   -2.4428392199E-01    7.5841750096E+01    5.3970010570E-02
    6.2799800000E-04    1.1594546596E+00   -3.7025410831E-01    7.6232805772E+01    5.6685091824E-02
    6.3199800000E-04    1.0485182625E+00   -4.2964551385E-01    7.6660482111E+01    5.8369550110E-02
    6.3599800000E-04    9.2580014293E-01   -4.1081949899E-01    7.7130559617E+01    5.8862107399E-02
    6.3999800000E-04    8.2722953232E-01   -3.2272554892E-01    7.7642439140E+01    5.8733114316E-02
    6.4399800000E-04    7.8326758766E-01   -1.9069899030E-01    7.8180840469E+01    5.8513667821E-02
    6.4799800000E-04    8.0746165869E-01   -5.0198609682E-02    7.8717649549E+01    5.8448091028E-02
    6.5199800000E-04    8.8601787559E-01    6.1933308057E-02    7.9231430912E+01    5.8326274807E-02
    6.5599800000E-04    9.8379479411E-01    1.2055079691E-01    7.9716197551E+01    5.8262866503E-02
    6.5999800000E-04    1.0642960066E+00    1.3146650528E-01    8.0171313546E+01    5.8666953970E-02
    6.6399800000E-04    1.1200516658E+00    1.1435064062E-01    8.0597305725E+01    6.0004646667E-02
    6.6799800000E-04    1.1564568983E+00    8.2742048759E-02    8.0997925938E+01    6.2931114129E-02
    6.7199800000E-04    1.1785907308E+00    5.0308642276E-02    8.1379825438E+01    6.6039786311E-02
    6.7599800000E-04    1.1859917508E+00    2.4215802641E-02    8.1753683035E+01    6.7294108979E-02
    6.7999800000E-04    1.1779047237E+00   -7.8711285829E-03    8.2127840505E+01    6.6410220338E-02
    6.8399800000E-04    1.1577543522E+00   -4.6747831749E-02    8.2512465865E+01    6.4065208400E-02
    6.8799800000E-04    1.1223725038E+00   -7.9550853170E-02    8.2916703510E+01    6.2539599896E-02
    6.9199800000E-04    1.0656324392E+00   -9.6988737811E-02    8.3345834619E+01    6.2237959920E-02
    6.9599800000E-04    9.8061395229E-01   -8.5392175927E-02    8.3804134259E+01    6.2695575848E-02
    6.9999800000E-04    8.8209652003E-01   -2.0018763267E-02    8.4292268323E+01    6.3297562327E-02
    7.0399800000E-04    8.1333568256E-01    9.7955620534E-02    8.4808543632E+01    6.3786928036E-02
    7.0799800000E-04    8.0580044833E-01    2.3596556272E-01    8.5343640903E+01    6.4149749717E-02
    7.1199800000E-04    8.6534696309E-01    3.5513559279E-01    8.5873194553E+01    6.4462645907E-02
    7.1599800000E-04    9.7220079211E-01    4.2152913497E-01    8.6371346988E+01    6.4303322423E-02
    7.1999800000E-04    1.0927597867E+00    4.1312412683E-01    8.6827204234E+01    6.3095687580E-02
    7.2399800000E-04    1.1917496097E+00    3.2770496325E-01    8.7241953263E+01    6.0537534209E-02
    7.2799800000E-04    1.2497307392E+00    1.7985996082E-01    8.7622108610E+01    5.7180604008E-02
    7.3199800000E-04    1.2661993311E+00   -9.4198082707E-03    8.7978138034E+01    5.5189112939E-02
    7.3599800000E-04    1.2464272664E+00   -1.9635370931E-01    8.8335577112E+01    5.7467898032E-02
    7.3999800000E-04    1.1845199786E+00   -3.3926004044E-01    8.8718420945E+01    6.0757566904E-02
    7.4399800000E-04    1.0823556695E+00   -4.1837323143E-01    8.9136472824E+01    6.3168810330E-02
    7.4799800000E-04    9.6106404963E-01   -4.1979231063E-01    8.9595986339E+01    6.4226146252E-02
    7.5199800000E-04    8.5647112688E-01   -3.4763589859E-01    9.0097629622E+01    6.4312574397E-02
    7.5599800000E-04    8.0145500547E-01   -2.2505068521E-01    9.0629233196E+01    6.3999596653E-02
    7.5999800000E-04    8.1423484267E-01   -8.6630144756E-02    9.1164189001E+01    6.3676122181E-02
    7.6399800000E-04    8.8671490677E-01    2.8847520163E-02    9.1678948803E+01    6.3237145153E-02
    7.6799800000E-04    9.8572424849E-01    9.0350736188E-02    9.2165241054E+01    6.2699850690E-02
    7.7199800000E-04    1.0689713350E+00    9.9666822645E-02    9.2621658057E+01    6.2382923887E-02
    7.7599800000E-04    1.1242365350E+00    8.1311896697E-02    9.3049105023E+01    6.2851592195E-02
    7.7999800000E-04    1.1587584845E+00    4.8043598513E-02    9.3451868027E+01    6.4599941678E-02
    7.8399800000E-04    1.1784245523E+00    9.8596159823E-03    9.3835407031E+01    6.7091456201E-02
    7.8799800000E-04    1.1859075709E+00   -2.0649614395E-02    9.4209318081E+01    6.7831717118E-02
    7.9199800000E-04    1.1774714379E+00   -4.7066512025E-02    9.4583392570E+01    6.6585308900E-02
    7.9599800000E-04    1.1548852210E+00   -8.0408818269E-02    9.4966262052E+01    6.3408377337E-02
    7.9999800000E-04    1.1177910710E+00   -1.1174563971E-01    9.5368463204E+01    6.0675880633E-02
    8.0399800000E-04    1.0608701906E+00   -1.2777457532E-01    9.5796218974E+01    5.9504489211E-02
    8.0799800000E-04    9.7857183314E-01   -1.1493833698E-01    9.6253186981E+01    5.9205167168E-02
    8.1199800000E-04    8.8040815678E-01   -5.2831430236E-02    9.6739776119E+01    5.9317481504E-02
    8.1599800000E-04    8.0467654909E-01    6.2239082861E-02    9.7255273993E+01    5.9463489139E-02
    8.1999800000E-04    7.8547498167E-01    2.0319338834E-01    9.7792786819E+01    5.9546306765E-02
    8.2399800000E-04    8.3451589309E-01    3.3269486509E-01    9.8329724100E+01    5.9780606163E-02
    8.2799800000E-04    9.3623750036E-01    4.1572758250E-01    9.8838349846E+01    5.9866329239E-02
    8.3199800000E-04    1.0593050103E+00    4.2790439536E-01    9.9304751503E+01    5.9258612444E-02
    8.3599800000E-04    1.1677616395E+00    3.6205050640E-01    9.9729060326E+01    5.7418477658E-02
    8.3999800000E-04    1.2374925400E+00    2.3079616407E-01    1.0011734836E+02    5.4584937054E-02
    8.4399800000E-04    1.2640054372E+00    5.1874575670E-02    1.0047852321E+02    5.2045493306E-02
    8.4799800000E-04    1.2537522121E+00   -1.3889878628E-01    1.0083272157E+02    5.3323623930E-02
    8.5199800000E-04    1.2036963211E+00   -2.9513387985E-01    1.0120789796E+02    5.6755509837E-02
    8.5599800000E-04    1.1122474509E+00   -3.9220632074E-01    1.0161666353E+02    5.9643056276E-02
    8.5999800000E-04    9.9584238314E-01   -4.1410198270E-01    1.0206588381E+02    6.1236841726E-02
    8.6399800000E-04    8.8816563749E-01   -3.5967564310E-01    1.0255706843E+02    6.1604968664E-02
    8.6799800000E-04    8.2360558831E-01   -2.4897399778E-01    1.0308095640E+02    6.1275865671E-02
    8.7199800000E-04    8.2329217089E-01   -1.1475203811E-01    1.0361356089E+02    6.0691122277E-02
    8.7599800000E-04    8.8485148980E-01    4.3810775929E-03    1.0413030772E+02    5.9906901145E-02
    8.7999800000E-04    9.8000213745E-01    7.4075527738E-02    1.0462021917E+02    5.8862944025E-02
    8.8399800000E-04    1.0657086054E+00    8.8384673259E-02    1.0508047276E+02    5.7788630029E-02
    8.8799800000E-04    1.1239799060E+00    7.0694762173E-02    1.0551119723E+02    5.7493262472E-02
    8.9199800000E-04    1.1599812282E+00    3.6931765612E-02    1.0591687769E+02    5.8329020175E-02
    8.9599800000E-04    1.1800333676E+00   -5.0710077906E-03    1.0630271579E+02    5.9919016015E-02
    8.9999800000E-04    1.1876887083E+00   -4.3298179904E-02    1.0667688463E+02    6.0689437779E-02
    9.0399800000E-04    1.1811174987E+00   -7.2041122508E-02    1.0705025077E+02    5.9073292298E-02
    9.0799800000E-04    1.1582087954E+00   -1.0299295374E-01    1.0743108077E+02    5.6146352529E-02
    9.1199800000E-04    1.1207132320E+00   -1.3402046667E-01    1.0782982624E+02    5.2953234696E-02
    9.1599800000E-04    1.0645566950E+00   -1.5144879911E-01    1.0825415669E+02    5.1230764998E-02
    9.1999800000E-04    9.8598178670E-01   -1.4038274870E-01    1.0870796252E+02    5.0563051338E-02
    9.2399800000E-04    8.9088052440E-01   -8.3824013570E-02    1.0919157614E+02    5.0505170818E-02
    9.2799800000E-04    8.1077199933E-01    2.4783444773E-02    1.0970413308E+02    5.0610078489E-02
    9.3199800000E-04    7.8047988489E-01    1.6415845280E-01    1.1024050405E+02    5.0686709647E-02
    9.3599800000E-04    8.1633325179E-01    2.9936093799E-01    1.1078114504E+02    5.0908692351E-02
    9.3999800000E-04    9.0863728947E-01    3.9500978077E-01    1.1129815982E+02    5.1138179370E-02
    9.4399800000E-04    1.0291273228E+00    4.2472175674E-01    1.1177440074E+02    5.0901256573E-02
    9.4799800000E-04    1.1428602037E+00    3.7708052650E-01    1.1220790379E+02    4.9640926365E-02
    9.5199800000E-04    1.2219588064E+00    2.6196177658E-01    1.1260393007E+02    4.7359644406E-02
    9.5599800000E-04    1.2578630098E+00    9.6547916910E-02    1.1297092676E+02    4.4822084234E-02
    9.5999800001E-04    1.2558501980E+00   -9.0507614091E-02    1.1332481629E+02    4.5066642614E-02
    9.6399800001E-04    1.2159046479E+00   -2.5382897744E-01    1.1369401598E+02    4.8131524688E-02
    9.6799800001E-04    1.1343948084E+00   -3.6424519232E-01    1.1409459862E+02    5.1051090251E-02
    9.7199800001E-04    1.0232512618E+00   -4.0374355160E-01    1.1453440563E+02    5.2887418143E-02
    9.7599800001E-04    9.1284948884E-01   -3.6603058969E-01    1.1501617934E+02    5.3479306188E-02
    9.7999800001E-04    8.3813461722E-01   -2.6690549983E-01    1.1553357062E+02    5.3262516027E-02
    9.8399800001E-04    8.2284031545E-01   -1.3642570067E-01    1.1606575536E+02    5.2670438104E-02
    9.8799800001E-04    8.6978103158E-01   -1.1604664328E-02    1.1658752805E+02    5.1843078765E-02
    9.9199800001E-04    9.5740517127E-01    7.2266134239E-02    1.1708469365E+02    5.0728936139E-02
    9.9599800001E-04    1.0459875917E+00    1.0060210442E-01    1.1755295469E+02    4.9430674972E-02
    9.9999800001E-04    1.1111499284E+00    8.9676630519E-02    1.1799110327E+02    4.8853486848E-02
    1.0039980000E-03    1.1532104904E+00    5.8046461732E-02    1.1840247050E+02    4.9394728841E-02
    1.0079980000E-03    1.1780072326E+00    1.5280562968E-02    1.1879212582E+02    5.0938219428E-02
    1.0119980000E-03    1.1893690427E+00   -2.7405823900E-02    1.1916744906E+02    5.2131744571E-02
    1.0159980000E-03    1.1866271256E+00   -6.1561614377E-02    1.1953952635E+02    5.1073307506E-02
    1.0199980000E-03    1.1669475204E+00   -9.5383779930E-02    1.1991733376E+02    4.8662350972E-02
    1.0239980000E-03    1.1325368657E+00   -1.2971734701E-01    1.2031107057E+02    4.5619106058E-02
    1.0279980000E-03    1.0804021893E+00   -1.5253968244E-01    1.2072932236E+02    4.3797414059E-02
    1.0319980000E-03    1.0069748234E+00   -1.4922862934E-01    1.2117669315E+02    4.3136771149E-02
    1.0359980000E-03    9.1536966951E-01   -1.0368935523E-01    1.2165430487E+02    4.3202864154E-02
    1.0399980000E-03    8.3133418516E-01   -6.0848012235E-03    1.2216092184E+02    4.3493014033E-02
    1.0439980000E-03    7.9011239106E-01    1.2756352007E-01    1.2269243293E+02    4.3768425984E-02
    1.0479980000E-03    8.1160451900E-01    2.6429383245E-01    1.2323270623E+02    4.4070610912E-02
    1.0519980000E-03    8.9181326603E-01    3.6861414149E-01    1.2375515704E+02    4.4364210548E-02
    1.0559980000E-03    1.0063749281E+00    4.1206798185E-01    1.2423974379E+02    4.4236649595E-02
    1.0599980000E-03    1.1215986118E+00    3.7978662855E-01    1.2468162146E+02    4.3219110002E-02
    1.0639980000E-03    1.2072674797E+00    2.7795317857E-01    1.2508463760E+02    4.1205158249E-02
    1.0679980000E-03    1.2509605315E+00    1.2407392729E-01    1.2545686180E+02    3.8738279456E-02
    1.0719980000E-03    1.2559324260E+00   -5.7106276822E-02    1.2581191275E+02    3.8242718787E-02
    1.0759980000E-03    1.2240792494E+00   -2.2349255212E-01    1.2617694631E+02    4.0764264601E-02
    1.0799980000E-03    1.1509084024E+00   -3.4314479503E-01    1.2657076445E+02    4.3465958428E-02
    1.0839980000E-03    1.0442974690E+00   -3.9680847307E-01    1.2700221695E+02    4.5277129660E-02
    1.0879980000E-03    9.3109577594E-01   -3.7375759411E-01    1.2747559677E+02    4.5948270953E-02
    1.0919980000E-03    8.4586196298E-01   -2.8519875145E-01    1.2798730465E+02    4.5837456095E-02
    1.0959980000E-03    8.1518068664E-01   -1.5793196952E-01    1.2852002737E+02    4.5352966859E-02
    1.0999980000E-03    8.4681580081E-01   -2.7189160769E-02    1.2904831159E+02    4.4680260842E-02
    1.1039980000E-03    9.2553290932E-01    7.1591497631E-02    1.2955448095E+02    4.3820681799E-02
    1.1079980000E-03    1.0162879933E+00    1.1731898550E-01    1.3003246240E+02    4.2754822779E-02
    1.1119980000E-03    1.0893409618E+00    1.1800712281E-01    1.3048027416E+02    4.2280361410E-02
    1.1159980000E-03    1.1394744668E+00    9.2072710307E-02    1.3089944912E+02    4.2881754015E-02
    1.1199980000E-03    1.1710828481E+00    5.1756586715E-02    1.3129456906E+02    4.4721852105E-02
    1.1239980000E-03    1.1882709598E+00    8.7263972884E-03    1.3167245838E+02    4.6611484075E-02
    1.1279980000E-03    1.1907880316E+00   -2.8522927534E-02    1.3204402680E+02    4.6505596832E-02
    1.1319980000E-03    1.1762203822E+00   -6.6264455232E-02    1.3241877312E+02    4.4863380138E-02
    1.1359980000E-03    1.1472147744E+00   -1.0554658819E-01    1.3280708306E+02    4.2173119098E-02
    1.1399980000E-03    1.1013740357E+00   -1.3538066025E-01    1.3321810934E+02    4.0488798418E-02
    1.1439980000E-03    1.0346702259E+00   -1.4247279569E-01    1.3365707313E+02    4.0047010309E-02
    1.1479980000E-03    9.4737061421E-01   -1.1119748151E-01    1.3412637957E+02    4.0434701986E-02
    1.1519980000E-03    8.5964824534E-01   -2.7834556815E-02    1.3462495057E+02    4.1034559124E-02
    1.1559980000E-03    8.0730963020E-01    9.7399799860E-02    1.3514932114E+02    4.1544788034E-02
    1.1599980000E-03    8.1415113152E-01    2.3331366197E-01    1.3568666022E+02    4.1977434411E-02
    1.1639980000E-03    8.8127396507E-01    3.4412959517E-01    1.3621238424E+02    4.2306488675E-02
    1.1679980000E-03    9.8861039254E-01    3.9923204960E-01    1.3670415521E+02    4.2170730245E-02
    1.1719980000E-03    1.1037207428E+00    3.8038615541E-01    1.3715384661E+02    4.1165792495E-02
    1.1759980000E-03    1.1946102372E+00    2.8954345694E-01    1.3756347658E+02    3.9144320882E-02
    1.1799980000E-03    1.2451411867E+00    1.4394739519E-01    1.3794042440E+02    3.6584971332E-02
    1.1839980000E-03    1.2563289873E+00   -3.3389358069E-02    1.3829694747E+02    3.5505583515E-02
    1.1879980000E-03    1.2312485162E+00   -2.0271827699E-01    1.3865883788E+02    3.7544272130E-02
    1.1919980000E-03    1.1650888061E+00   -3.3012788136E-01    1.3904693171E+02    4.0025192657E-02
    1.1959980000E-03    1.0623040600E+00   -3.9585037157E-01    1.3947088944E+02    4.1722143035E-02
    1.1999980000E-03    9.4619113427E-01   -3.8605503224E-01    1.3993644955E+02    4.2366414169E-02
    1.2039980000E-03    8.5077689610E-01   -3.0731682928E-01    1.4044259308E+02    4.2292229552E-02
    1.2079980000E-03    8.0518007247E-01   -1.8325014662E-01    1.4097556472E+02    4.1893995588E-02
    1.2119980000E-03    8.2216359665E-01   -4.7425296146E-02    1.4151015302E+02    4.1417913954E-02
    1.2159980000E-03    8.9169548845E-01    6.4675376202E-02    1.4202532236E+02    4.0857952094E-02
    1.2199980000E-03    9.8322419241E-01    1.2753129029E-01    1.4251283318E+02    4.0220195196E-02
    1.2239980000E-03    1.0634589131E+00    1.4180773151E-01    1.4297046131E+02    4.0045939235E-02
    1.2279980000E-03    1.1216561495E+00    1.2419724602E-01    1.4339821597E+02    4.0863920495E-02
    1.2319980000E-03    1.1603599281E+00    8.8946633783E-02    1.4379979075E+02    4.3016491397E-02
    1.2359980000E-03    1.1837450306E+00    4.8897114689E-02    1.4418154818E+02    4.5545409800E-02
    1.2399980000E-03    1.1919328062E+00    1.2216844670E-02    1.4455401059E+02    4.6508620148E-02
    1.2439980000E-03    1.1831715459E+00   -2.7249249595E-02    1.4492667993E+02    4.5770033077E-02
    1.2479980000E-03    1.1605904476E+00   -7.0456565711E-02    1.4531004749E+02    4.3591629373E-02
    1.2519980000E-03    1.1222052841E+00   -1.0644569707E-01    1.4571378639E+02    4.2140590486E-02
    1.2559980000E-03    1.0635226562E+00   -1.2372487331E-01    1.4614356004E+02    4.1947003859E-02
    1.2599980000E-03    9.8183786803E-01   -1.0784188148E-01    1.4660314125E+02    4.2688662837E-02
    1.2639980000E-03    8.9111558825E-01   -4.0994926746E-02    1.4709238876E+02    4.3707017283E-02
    1.2679980000E-03    8.2709093171E-01    7.3847189725E-02    1.4760837098E+02    4.4459444650E-02
    1.2719980000E-03    8.1861614143E-01    2.0779381391E-01    1.4814138527E+02    4.5052485752E-02
    1.2759980000E-03    8.7205835281E-01    3.2447288910E-01    1.4866927041E+02    4.5440898136E-02
    1.2799980000E-03    9.7173338396E-01    3.9097317954E-01    1.4916782876E+02    4.5311919154E-02
    1.2839980000E-03    1.0865683106E+00    3.8546854739E-01    1.4962539465E+02    4.4257310288E-02
    1.2879980000E-03    1.1828295323E+00    3.0514125469E-01    1.5004193302E+02    4.2081602662E-02
    1.2919980000E-03    1.2404903641E+00    1.6580663970E-01    1.5042376746E+02    3.9259059698E-02
    1.2959980000E-03    1.2579896926E+00   -1.0717138781E-02    1.5078192792E+02    3.7564954039E-02
    1.2999980000E-03    1.2393597137E+00   -1.8565123605E-01    1.5114086195E+02    3.9213852349E-02
    1.3039980000E-03    1.1797976999E+00   -3.2202664250E-01    1.5152354882E+02    4.1641101677E-02
    1.3079980000E-03    1.0806879791E+00   -3.9976796830E-01    1.5194032457E+02    4.3321237402E-02
    1.3119980000E-03    9.6185068179E-01   -4.0318510734E-01    1.5239807052E+02    4.3956050420E-02
    1.3159980000E-03    8.5677875281E-01   -3.3446248543E-01    1.5289808640E+02    4.3886362890E-02
    1.3199980000E-03    7.9683850672E-01   -2.1428974962E-01    1.5343014098E+02    4.3542207024E-02
    1.3239980000E-03    7.9985645390E-01   -7.4716194915E-02    1.5396976775E+02    4.3257433186E-02
    1.3279980000E-03    8.6050599856E-01    4.8513717652E-02    1.5449282112E+02    4.2947299011E-02
    1.3319980000E-03    9.5162216891E-01    1.2667628548E-01    1.5498860057E+02    4.2665713859E-02
    1.3359980000E-03    1.0377848990E+00    1.5414907922E-01    1.5545487726E+02    4.2792271601E-02
    1.3399980000E-03    1.1028513080E+00    1.4566701732E-01    1.5589083712E+02    4.3803427283E-02
    1.3439980000E-03    1.1476866544E+00    1.1659865064E-01    1.5629909407E+02    4.6146053705E-02
    1.3479980000E-03    1.1764371355E+00    8.1065237312E-02    1.5668546804E+02    4.9177035323E-02
    1.3519980000E-03    1.1898650437E+00    4.7914771460E-02    1.5706003003E+02    5.1068649364E-02
    1.3559980000E-03    1.1866100312E+00    1.0379768594E-02    1.5743204346E+02    5.1225251612E-02
    1.3599980000E-03    1.1702775237E+00   -3.3854025326E-02    1.5781160757E+02    4.9636692336E-02
    1.3639980000E-03    1.1392701199E+00   -7.3561780364E-02    1.5820887601E+02    4.8366751955E-02
    1.3679980000E-03    1.0889861968E+00   -9.8652778622E-02    1.5862992120E+02    4.8263465501E-02
    1.3719980000E-03    1.0140054989E+00   -9.7155589018E-02    1.5907951823E+02    4.9166267627E-02
    1.3759980000E-03    9.2144825589E-01   -4.8061982115E-02    1.5955919071E+02    5.0500986492E-02
    1.3799980000E-03    8.4534203726E-01    5.4862098034E-02    1.6006662005E+02    5.1463245493E-02
    1.3839980000E-03    8.2090879210E-01    1.8629706336E-01    1.6059490989E+02    5.2204407629E-02
    1.3879980000E-03    8.6025750735E-01    3.0904242777E-01    1.6112466877E+02    5.2692212668E-02
    1.3919980000E-03    9.5199753577E-01    3.8788836186E-01    1.6163029110E+02    5.2657224880E-02
    1.3959980000E-03    1.0668255227E+00    3.9734105541E-01    1.6209636860E+02    5.1648647118E-02
    1.3999980000E-03    1.1694133593E+00    3.2939013559E-01    1.6252073776E+02    4.9360223157E-02
    1.4039980000E-03    1.2355594614E+00    1.9704817657E-01    1.6290843286E+02    4.6236083845E-02
    1.4079980000E-03    1.2604236558E+00    2.0485205072E-02    1.6326907635E+02    4.3816911812E-02
    1.4119980000E-03    1.2489177361E+00   -1.6297279435E-01    1.6362490865E+02    4.5024043004E-02
    1.4159980000E-03    1.1969329118E+00   -3.1131930775E-01    1.6400175144E+02    4.7640959357E-02
    1.4199980000E-03    1.1028534330E+00   -4.0292107114E-01    1.6441100902E+02    4.9560530659E-02
    1.4239980000E-03    9.8263907101E-01   -4.2146214550E-01    1.6486026167E+02    5.0374500523E-02
    1.4279980000E-03    8.6903491793E-01   -3.6467161343E-01    1.6535271461E+02    5.0375142308E-02
    1.4319980000E-03    7.9544845876E-01   -2.5050114060E-01    1.6588152495E+02    5.0087444313E-02
    1.4359980000E-03    7.8474306390E-01   -1.0947878825E-01    1.6642377268E+02    4.9939829449E-02
    1.4399980000E-03    8.3671910502E-01    2.2018319996E-02    1.6695261458E+02    4.9834218550E-02
    1.4439980000E-03    9.2690434339E-01    1.1225274070E-01    1.6745453220E+02    4.9747520329E-02
    1.4479980000E-03    1.0179694021E+00    1.4992834745E-01    1.6792720724E+02    4.9979747877E-02
    1.4519980000E-03    1.0879697057E+00    1.4857242638E-01    1.6836975362E+02    5.0975640721E-02
    1.4559980000E-03    1.1367076379E+00    1.2431548688E-01    1.6878390232E+02    5.3267115169E-02
    1.4599980000E-03    1.1686087850E+00    9.1878982249E-02    1.6917471925E+02    5.6649747706E-02
    1.4639980000E-03    1.1858215515E+00    6.2493883510E-02    1.6955166007E+02    5.9057454168E-02
    1.4679980000E-03    1.1864235636E+00    3.0626541631E-02    1.6992421176E+02    5.9906319906E-02
    1.4719980000E-03    1.1743639056E+00   -1.0849952711E-02    1.7030144897E+02    5.8587120332E-02
    1.4759980000E-03    1.1487947763E+00   -5.1149851477E-02    1.7069400418E+02    5.7184137028E-02
    1.4799980000E-03    1.1053204861E+00   -7.9942390852E-02    1.7110848970E+02    5.6814559583E-02
    1.4839980000E-03    1.0367532614E+00   -8.8385543344E-02    1.7154996354E+02    5.7487007000E-02
    1.4879980000E-03    9.4361183260E-01   -5.5112709314E-02    1.7202160232E+02    5.8710229459E-02
    1.4919980000E-03    8.5645426373E-01    3.6035771116E-02    1.7252207768E+02    5.9636732373E-02
    1.4959980000E-03    8.1642955364E-01    1.6520506967E-01    1.7304677513E+02    6.0371490947E-02
    1.4999980000E-03    8.4200308803E-01    2.9469773831E-01    1.7357918655E+02    6.0898952386E-02
    1.5039980000E-03    9.2602592147E-01    3.8722216505E-01    1.7409272955E+02    6.1022591257E-02
    1.5079980000E-03    1.0411527548E+00    4.1407636631E-01    1.7456829541E+02    6.0249276203E-02
    1.5119980000E-03    1.1511297226E+00    3.6226356388E-01    1.7500167502E+02    5.8110029520E-02
    1.5159980000E-03    1.2276053212E+00    2.4077056196E-01    1.7539673441E+02    5.4892655323E-02
    1.5199980000E-03    1.2616360593E+00    6.7572368584E-02    1.7576174449E+02    5.1786504549E-02
    1.5239980000E-03    1.2583661641E+00   -1.2426165563E-01    1.7611499866E+02    5.2211091941E-02
    1.5279980000E-03    1.2159897127E+00   -2.8739372011E-01    1.7648519923E+02    5.5162187762E-02
    1.5319980000E-03    1.1300262377E+00   -3.9557272776E-01    1.7688623034E+02    5.7641738120E-02
    1.5359980000E-03    1.0120858050E+00   -4.3242059969E-01    1.7732602271E+02    5.8965942654E-02
    1.5399980000E-03    8.9283641567E-01   -3.9132041275E-01    1.7780896387E+02    5.9220050847E-02
    1.5439980000E-03    8.0773262879E-01   -2.8707668959E-01    1.7833106832E+02    5.9012556861E-02
    1.5479980000E-03    7.8379695882E-01   -1.4863054911E-01    1.7887194652E+02    5.8848694106E-02
    1.5519980000E-03    8.2680250906E-01   -1.2992423556E-02    1.7940325237E+02    5.8757966956E-02
    1.5559980000E-03    9.1562622764E-01    8.4587683929E-02    1.7990843035E+02    5.8639421907E-02
    1.5599980000E-03    1.0110699275E+00    1.2667588413E-01    1.8038433510E+02    5.8645173910E-02
    1.5639980000E-03    1.0837500490E+00    1.2724531836E-01    1.8083041892E+02    5.9245132994E-02
    1.5679980000E-03    1.1329719737E+00    1.0437147790E-01    1.8124830281E+02    6.0993523319E-02
    1.5719980000E-03    1.1644987398E+00    7.0906625825E-02    1.8164240107E+02    6.4248154273E-02
    1.5759980000E-03    1.1825550203E+00    4.0352971380E-02    1.8202076827E+02    6.6816223492E-02
    1.5799980000E-03    1.1848532821E+00    1.4240074881E-02    1.8239393565E+02    6.7594937219E-02
    1.5839980000E-03    1.1729947735E+00   -2.0688577613E-02    1.8277002078E+02    6.5921637714E-02
    1.5879980000E-03    1.1486496105E+00   -5.8902062422E-02    1.8315981988E+02    6.3614580428E-02
    1.5919980000E-03    1.1075815569E+00   -8.7789834159E-02    1.8357108551E+02    6.2450048527E-02
    1.5959980000E-03    1.0426675590E+00   -9.8568309335E-02    1.8400866930E+02    6.2389112511E-02
    1.5999980000E-03    9.5017696872E-01   -7.3049431651E-02    1.8447609143E+02    6.2946575680E-02
    1.6039980000E-03    8.5582823004E-01    1.0326278632E-02    1.8497302631E+02    6.3465195290E-02
    1.6079980000E-03    8.0306886699E-01    1.3844777990E-01    1.8549674924E+02    6.3908427628E-02
    1.6119980000E-03    8.1620029740E-01    2.7507193440E-01    1.8603344118E+02    6.4255247950E-02
    1.6159980000E-03    8.9283888306E-01    3.8186276695E-01    1.8655603985E+02    6.4481668140E-02
    1.6199980000E-03    1.0077838471E+00    4.2786977100E-01    1.8704212922E+02    6.4086636406E-02
    1.6239980000E-03    1.1253433231E+00    3.9593781606E-01    1.8748544902E+02    6.2478001938E-02
    1.6279980000E-03    1.2134204431E+00    2.9045944864E-01    1.8788917714E+02    5.9618680269E-02
    1.6319980000E-03    1.2585299766E+00    1.2757523314E-01    1.8826078989E+02    5.6284645167E-02
    1.6359980000E-03    1.2642781101E+00   -6.6542347701E-02    1.8861383443E+02    5.5519841430E-02
    1.6399980000E-03    1.2328524272E+00   -2.4361056457E-01    1.8897720017E+02    5.8515781373E-02
    1.6439980000E-03    1.1581405965E+00   -3.6949978972E-01    1.8936958493E+02    6.1642831572E-02
    1.6479980000E-03    1.0473066499E+00   -4.2676318767E-01    1.8979942318E+02    6.3691851929E-02
    1.6519980000E-03    9.2719355133E-01   -4.0503659213E-01    1.9027166001E+02    6.4404597948E-02
    1.6559980000E-03    8.3444202819E-01   -3.1506702993E-01    1.9078415913E+02    6.4319754193E-02
    1.6599980000E-03    7.9880832057E-01   -1.8397522901E-01    1.9131963408E+02    6.3978542204E-02
    1.6639980000E-03    8.3145667127E-01   -4.8566283929E-02    1.9185017734E+02    6.3605146687E-02
    1.6679980000E-03    9.1635639329E-01    5.2946942782E-02    1.9235661497E+02    6.3140520775E-02
    1.6719980000E-03    1.0142469147E+00    9.6484509278E-02    1.9283397057E+02    6.2554692314E-02
    1.6759980000E-03    1.0887692540E+00    9.4979604329E-02    1.9328128738E+02    6.2397341957E-02
    1.6799980000E-03    1.1368388019E+00    7.1185476850E-02    1.9370078289E+02    6.3172825543E-02
    1.6839980000E-03    1.1662623362E+00    3.5007988650E-02    1.9409705938E+02    6.5246215416E-02
    1.6879980000E-03    1.1821202473E+00   -2.2322888993E-03    1.9447648570E+02    6.7501131709E-02
    1.6919980000E-03    1.1851903271E+00   -3.0116082050E-02    1.9484962778E+02    6.7413452767E-02
    1.6959980000E-03    1.1719418489E+00   -5.8260537266E-02    1.9522527005E+02    6.5564895944E-02
    1.6999980000E-03    1.1452580607E+00   -9.2308826806E-02    1.9561300720E+02    6.2196358201E-02
    1.7039980000E-03    1.1026448234E+00   -1.2021732032E-01    1.9602243634E+02    5.9930291030E-02
    1.7079980000E-03    1.0384424014E+00   -1.2908687740E-01    1.9645877088E+02    5.9066448106E-02
    1.7119980000E-03    9.4890031410E-01   -1.0340727618E-01    1.9692482733E+02    5.8925748981E-02
    1.7159980000E-03    8.5300682069E-01   -2.3937242390E-02    1.9742031359E+02    5.9044469397E-02
    1.7199980000E-03    7.9150821863E-01    1.0261330550E-01    1.9794387151E+02    5.9173656328E-02
    1.7239980000E-03    7.9270658575E-01    2.4425860127E-01    1.9848437577E+02    5.9276177722E-02
    1.7279980000E-03    8.6008948439E-01    3.6332460860E-01    1.9901555137E+02    5.9520550176E-02
    1.7319980000E-03    9.7181630834E-01    4.2738516937E-01    1.9951234266E+02    5.9468889192E-02
    1.7359980000E-03    1.0942028536E+00    4.1621287872E-01    1.9996593506E+02    5.8541463046E-02
    1.7399980000E-03    1.1928056316E+00    3.2937839032E-01    2.0037879622E+02    5.6375750281E-02
    1.7439980000E-03    1.2494544587E+00    1.8206227782E-01    2.0075803238E+02    5.3403802590E-02
    1.7479980000E-03    1.2645363724E+00   -5.2107572045E-03    2.0111413636E+02    5.1675599908E-02
    1.7519980000E-03    1.2433416009E+00   -1.8963201245E-01    2.0147230898E+02    5.4040342671E-02
    1.7559980000E-03    1.1805622663E+00   -3.3017178425E-01    2.0185653444E+02    5.7441371847E-02
    1.7599980000E-03    1.0791823125E+00   -4.0643561473E-01    2.0227674490E+02    6.0001593372E-02
    1.7639980000E-03    9.6156073040E-01   -4.0478517844E-01    2.0273853851E+02    6.1182761382E-02
    1.7679980000E-03    8.6360797515E-01   -3.3099530545E-01    2.0324106587E+02    6.1293854886E-02
    1.7719980000E-03    8.1690949689E-01   -2.0959827586E-01    2.0377036690E+02    6.0851321229E-02
    1.7759980000E-03    8.3635591890E-01   -7.5895609483E-02    2.0430025446E+02    6.0198723954E-02
    1.7799980000E-03    9.1190513981E-01    3.1404463648E-02    2.0480952571E+02    5.9361654571E-02
    1.7839980000E-03    1.0081855151E+00    8.3329024548E-02    2.0529082867E+02    5.8190285253E-02
    1.7879980000E-03    1.0859683024E+00    8.5488761635E-02    2.0574205436E+02    5.7279295696E-02
    1.7919980000E-03    1.1367537828E+00    6.2062392769E-02    2.0616479626E+02    5.7285330780E-02
    1.7959980000E-03    1.1675450591E+00    2.4807509322E-02    2.0656397447E+02    5.8426832359E-02
    1.7999980000E-03    1.1836380997E+00   -1.7575923955E-02    2.0694525119E+02    5.9970845838E-02
    1.8039980000E-03    1.1876031067E+00   -5.2794902143E-02    2.0731813797E+02    6.0007028041E-02
    1.8079980000E-03    1.1759085049E+00   -8.1187076941E-02    2.0769283076E+02    5.7997677269E-02
    1.8119980000E-03    1.1487132598E+00   -1.1332220976E-01    2.0807786514E+02    5.4738648288E-02
    1.8159980000E-03    1.1061092159E+00   -1.4185107011E-01    2.0848366486E+02    5.1929218757E-02
    1.8199980000E-03    1.0434985487E+00   -1.5235972704E-01    2.0891652644E+02    5.0587913000E-02
    1.8239980000E-03    9.5836578967E-01   -1.2951944161E-01    2.0937938496E+02    5.0143366146E-02
    1.8279980000E-03    8.6366137170E-01   -5.6815461128E-02    2.0987175030E+02    5.0174562458E-02
    1.8319980000E-03    7.9548058422E-01    6.4139214280E-02    2.1039247087E+02    5.0288563199E-02
    1.8359980000E-03    7.8430059217E-01    2.0610057379E-01    2.1093288681E+02    5.0380667695E-02
    1.8399980000E-03    8.3906322069E-01    3.3292486814E-01    2.1146925099E+02    5.0654692310E-02
    1.8439980000E-03    9.4307311315E-01    4.1113497884E-01    2.1197510818E+02    5.0795265928E-02
    1.8479980000E-03    1.0651869237E+00    4.1811081246E-01    2.1243840509E+02    5.0313588194E-02
    1.8519980000E-03    1.1706390327E+00    3.4868470853E-01    2.1286001621E+02    4.8723177699E-02
    1.8559980000E-03    1.2369212663E+00    2.1689315005E-01    2.1324647619E+02    4.6233299041E-02
    1.8599980000E-03    1.2607824853E+00    4.1080344035E-02    2.1360713837E+02    4.4126155653E-02
    1.8639980000E-03    1.2481189449E+00   -1.4321991057E-01    2.1396282615E+02    4.5550068824E-02
    1.8679980000E-03    1.1957215670E+00   -2.9276005856E-01    2.1434034988E+02    4.8747524200E-02
    1.8719980000E-03    1.1032739325E+00   -3.8376379032E-01    2.1475194820E+02    5.1394483611E-02
    1.8759980000E-03    9.8864722833E-01   -3.9986291897E-01    2.1520425374E+02    5.2825793512E-02
    1.8799980000E-03    8.8554641903E-01   -3.4145712924E-01    2.1569790242E+02    5.3129568611E-02
    1.8839980000E-03    8.2681641486E-01   -2.2944032950E-01    2.1622242343E+02    5.2761595937E-02
    1.8879980000E-03    8.3073222073E-01   -9.6676575656E-02    2.1675390667E+02    5.2098269806E-02
    1.8919980000E-03    8.9304747583E-01    1.9283118617E-02    2.1726926752E+02    5.1214324701E-02
    1.8959980000E-03    9.8505858475E-01    8.6724484804E-02    2.1775822201E+02    4.9965558402E-02
    1.8999980000E-03    1.0677906164E+00    1.0111775892E-01    2.1821759313E+02    4.8817370107E-02
    1.9039980000E-03    1.1255741727E+00    8.2751843017E-02    2.1864735710E+02    4.8547431781E-02
    1.9079980000E-03    1.1621026373E+00    4.6872127452E-02    2.1905176907E+02    4.9449876091E-02
    1.9119980000E-03    1.1826903495E+00    2.7901558172E-03    2.1943620230E+02    5.1094097771E-02
    1.9159980000E-03    1.1903541106E+00   -3.7711297967E-02    2.1980938583E+02    5.1735298738E-02
    1.9199980000E-03    1.1825562649E+00   -7.0686419714E-02    2.2018228916E+02    5.0215449329E-02
    1.9239980000E-03    1.1584316415E+00   -1.0564121944E-01    2.2056362289E+02    4.7436019470E-02
    1.9279980000E-03    1.1192695356E+00   -1.3814792365E-01    2.2096397288E+02    4.4652005435E-02
    1.9319980000E-03    1.0610959645E+00   -1.5482488697E-01    2.2139050974E+02    4.3243971913E-02
    1.9359980000E-03    9.8126195404E-01   -1.4080344542E-01    2.2184693615E+02    4.2855481507E-02
    1.9399980000E-03    8.8819917595E-01   -7.9899303490E-02    2.2233328741E+02    4.3051942979E-02
    1.9439980000E-03    8.1374253315E-01    3.1160231841E-02    2.2284806499E+02    4.3357610889E-02
    1.9479980000E-03    7.9012114383E-01    1.6937275472E-01    2.2338450494E+02    4.3630526014E-02
    1.9519980000E-03    8.3056685126E-01    2.9989465592E-01    2.2392221645E+02    4.3965914239E-02
    1.9559980000E-03    9.2407463657E-01    3.8843281493E-01    2.2443469661E+02    4.4173377083E-02
    1.9599980000E-03    1.0424006736E+00    4.0999666314E-01    2.2490649825E+02    4.3832853699E-02
    1.9639980000E-03    1.1512226007E+00    3.5529979466E-01    2.2533611470E+02    4.2488587388E-02
    1.9679980000E-03    1.2247047980E+00    2.3611877459E-01    2.2572900817E+02    4.0244056915E-02
    1.9719980000E-03    1.2560697137E+00    7.0718063725E-02    2.2609407129E+02    3.7993695818E-02
    1.9759980000E-03    1.2504216312E+00   -1.1049820460E-01    2.2644909800E+02    3.8605682643E-02
    1.9799980000E-03    1.2064256260E+00   -2.6512268590E-01    2.2682155078E+02    4.1399539643E-02
    1.9839980000E-03    1.1215701857E+00   -3.6687495760E-01    2.2722584697E+02    4.3876984120E-02
    1.9879980000E-03    1.0094437675E+00   -3.9778130376E-01    2.2766965878E+02    4.5326270729E-02
    1.9919980000E-03    9.0099722111E-01   -3.5312867088E-01    2.2815537440E+02    4.5715569851E-02
    1.9959980000E-03    8.2987133334E-01   -2.4963045628E-01    2.2867590568E+02    4.5448319205E-02
    1.9999980000E-03    8.1782543118E-01   -1.1738909816E-01    2.2921003160E+02    4.4910827556E-02
