 sig=    1.000000000000000      inputfile=
 /home/rjrj524/Finished/vmec_gc_tracer/revised_251128/nc/wout_pwO_nfp2_A6.nc                                                                                                                             
 dt=   2.0000000000000001E-009
 steps=      1000000
 x0=   5.9999999999999998E-002    0.000000000000000      
    6.410000000000000     
 u=    199000.0000000000     
 v_perp=    148000.0000000000     
 
time(s)         x0(1)       x0(2)        x0(3)      r
    3.9980000000E-06    1.1509920360E+00   -1.0415079878E-01    7.0325710009E+00    5.1869907488E-02
    7.9980000000E-06    1.0798712073E+00   -1.3492200406E-01    7.7128374969E+00    4.6228929132E-02
    1.1998000000E-05    9.5651456342E-01   -9.8535425031E-02    8.4721446324E+00    4.6743008860E-02
    1.5998000000E-05    8.3043334242E-01    6.1733941952E-02    9.3121787023E+00    4.8938460245E-02
    1.9998000000E-05    8.3537466122E-01    2.8304489141E-01    1.0203427003E+01    5.0547310408E-02
    2.3998000000E-05    9.8682191933E-01    4.1318568913E-01    1.1048166856E+01    5.0559390576E-02
    2.7998000000E-05    1.1645704698E+00    3.5451404553E-01    1.1779883452E+01    4.6873445745E-02
    3.1998000000E-05    1.2524577942E+00    1.3360718992E-01    1.2410872626E+01    4.0317062852E-02
    3.5998000000E-05    1.2409896090E+00   -1.5082766340E-01    1.2998125700E+01    4.2639867267E-02
    3.9998000000E-05    1.1314196255E+00   -3.4595400395E-01    1.3651958365E+01    5.2875262355E-02
    4.3998000000E-05    9.6687928591E-01   -3.5524084745E-01    1.4416273858E+01    5.8933101564E-02
    4.7998000000E-05    8.8355762456E-01   -1.9728789856E-01    1.5267222661E+01    5.8550099654E-02
    5.1998000000E-05    9.4440019522E-01   -7.9462358493E-03    1.6115653906E+01    5.3180772009E-02
    5.5998000000E-05    1.0639534905E+00    7.9642025079E-02    1.6904784687E+01    4.4449368388E-02
    5.9998000000E-05    1.1514685575E+00    5.1617737741E-02    1.7612599374E+01    3.8756701584E-02
    6.3998000000E-05    1.1898963294E+00   -1.9576121164E-02    1.8254208302E+01    3.8418800060E-02
    6.7998000000E-05    1.1937349364E+00   -9.1369530418E-02    1.8860262115E+01    3.6834962649E-02
    7.1998000000E-05    1.1586472909E+00   -1.4485029997E-01    1.9478664863E+01    2.9478571710E-02
    7.5998000000E-05    1.0815294268E+00   -1.8171957724E-01    2.0154164299E+01    2.3725753903E-02
    7.9998000000E-05    9.6131756924E-01   -1.4610806565E-01    2.0912438822E+01    2.3734030967E-02
    8.3998000000E-05    8.4400946818E-01    7.7078227415E-03    2.1751433004E+01    2.6317278696E-02
    8.7998000000E-05    8.3560931696E-01    2.2511002395E-01    2.2639886576E+01    2.7862816723E-02
    9.1998000000E-05    9.6493266828E-01    3.7027986779E-01    2.3492334178E+01    2.8106720680E-02
    9.5998000000E-05    1.1366031412E+00    3.4280713631E-01    2.4238379296E+01    2.6033089844E-02
    9.9998000000E-05    1.2354575051E+00    1.5944173294E-01    2.4882246746E+01    2.1891163835E-02
    1.0399800000E-04    1.2389341359E+00   -9.2655516981E-02    2.5472160607E+01    2.2162154820E-02
    1.0799800000E-04    1.1511735602E+00   -2.9372423685E-01    2.6108895184E+01    2.9979919415E-02
    1.1199800000E-04    9.9660721805E-01   -3.3544591069E-01    2.6850738443E+01    3.6388760396E-02
    1.1599800000E-04    8.9277917403E-01   -2.0355687797E-01    2.7688035713E+01    3.7809488141E-02
    1.1999800000E-04    9.1649860654E-01   -8.0554774287E-03    2.8546018853E+01    3.4369331231E-02
    1.2399800000E-04    1.0217728491E+00    1.1855214589E-01    2.9359103078E+01    2.7277943609E-02
    1.2799800000E-04    1.1262161572E+00    1.1745240118E-01    3.0092752659E+01    2.1294170039E-02
    1.3199800000E-04    1.1845353708E+00    4.4622090621E-02    3.0749552761E+01    2.0870770228E-02
    1.3599800000E-04    1.2017048161E+00   -4.1432269319E-02    3.1358547125E+01    2.1828960639E-02
    1.3999800000E-04    1.1758398060E+00   -1.1753756718E-01    3.1968959496E+01    1.7430454702E-02
    1.4399800000E-04    1.1056234325E+00   -1.7574940667E-01    3.2632079011E+01    1.3666783666E-02
    1.4799800000E-04    9.9182412791E-01   -1.6235612789E-01    3.3376043342E+01    1.5458907388E-02
    1.5199800000E-04    8.7930051347E-01   -2.7350046470E-02    3.4201894902E+01    1.9906102994E-02
    1.5599800000E-04    8.5562422111E-01    1.7949430406E-01    3.5077022822E+01    2.2073496214E-02
    1.5999800000E-04    9.6091369777E-01    3.3140115511E-01    3.5929604356E+01    2.1597877048E-02
    1.6399800000E-04    1.1223447058E+00    3.2189456286E-01    3.6686019715E+01    1.8595937951E-02
    1.6799800000E-04    1.2252682188E+00    1.5658597274E-01    3.7338385746E+01    1.4164962473E-02
    1.7199800000E-04    1.2374313051E+00   -7.6018357772E-02    3.7931109823E+01    1.3267492997E-02
    1.7599800000E-04    1.1623418466E+00   -2.7399584623E-01    3.8558802225E+01    1.8604502912E-02
    1.7999800000E-04    1.0121368072E+00   -3.3538038676E-01    3.9284519492E+01    2.3664895897E-02
    1.8399800000E-04    8.8801049046E-01   -2.2260560432E-01    4.0112706157E+01    2.5534089829E-02
    1.8799800000E-04    8.8262120595E-01   -2.2970585066E-02    4.0981699987E+01    2.3739212131E-02
    1.9199800000E-04    9.7799460703E-01    1.3232797886E-01    4.1816532870E+01    1.8614119377E-02
    1.9599800000E-04    1.0940819297E+00    1.6365267266E-01    4.2575201905E+01    1.4026002783E-02
    1.9999800000E-04    1.1705401689E+00    1.0583697961E-01    4.3251237785E+01    1.4520817356E-02
    2.0399800000E-04    1.2022461886E+00    2.2301080038E-02    4.3868237986E+01    1.7805581522E-02
    2.0799800000E-04    1.1890493816E+00   -6.3458627115E-02    4.4473343460E+01    1.6417326971E-02
    2.1199800000E-04    1.1332001719E+00   -1.3923396239E-01    4.5121136872E+01    1.4357560396E-02
    2.1599800000E-04    1.0304948227E+00   -1.5474565693E-01    4.5843345179E+01    1.7730492112E-02
    2.1999800000E-04    9.1788482356E-01   -4.7336071803E-02    4.6649589217E+01    2.3667644183E-02
    2.2399800000E-04    8.7495610235E-01    1.4823011240E-01    4.7509442810E+01    2.7204753824E-02
    2.2799800000E-04    9.5597218478E-01    3.0919498698E-01    4.8362608730E+01    2.6706523946E-02
    2.3199800000E-04    1.1108036451E+00    3.1737534053E-01    4.9130920832E+01    2.2383210731E-02
    2.3599800000E-04    1.2205975346E+00    1.5877014157E-01    4.9792073315E+01    1.6138839791E-02
    2.3999800000E-04    1.2403376312E+00   -7.5889130998E-02    5.0385773204E+01    1.3803299216E-02
    2.4399800000E-04    1.1724005395E+00   -2.7887594554E-01    5.1007825380E+01    1.7729439172E-02
    2.4799800000E-04    1.0210042888E+00   -3.5532456835E-01    5.1722146664E+01    2.1192898743E-02
    2.5199800000E-04    8.7721961863E-01   -2.5608566827E-01    5.2544499679E+01    2.2342344490E-02
    2.5599800000E-04    8.4892425171E-01   -5.2334425220E-02    5.3424356497E+01    2.1293801482E-02
    2.5999800000E-04    9.3879216264E-01    1.2450095520E-01    5.4276869791E+01    1.7660189716E-02
    2.6399800000E-04    1.0623464038E+00    1.8501425089E-01    5.5055738150E+01    1.4661783788E-02
    2.6799800000E-04    1.1514617585E+00    1.4971094979E-01    5.5749540858E+01    1.6929885056E-02
    2.7199800000E-04    1.1957501578E+00    8.1554324944E-02    5.6375978608E+01    2.2600836211E-02
    2.7599800000E-04    1.1957200940E+00    1.1142069694E-03    5.6978828972E+01    2.4243882529E-02
    2.7999800000E-04    1.1576116346E+00   -8.1048739415E-02    5.7611478208E+01    2.3335341983E-02
    2.8399800000E-04    1.0721339522E+00   -1.2214734173E-01    5.8309491459E+01    2.7517836371E-02
    2.8799800000E-04    9.5881264027E-01   -4.9971838183E-02    5.9091208581E+01    3.5313039991E-02
    2.9199800000E-04    8.8901758892E-01    1.3058351972E-01    5.9934330622E+01    4.0907412766E-02
    2.9599800000E-04    9.4243875830E-01    3.0466517316E-01    6.0790459053E+01    4.1573412678E-02
    2.9999800000E-04    1.0940116212E+00    3.3819659635E-01    6.1575707773E+01    3.6972532481E-02
    3.0399800000E-04    1.2179782895E+00    1.8697081828E-01    6.2251140903E+01    2.8460265137E-02
    3.0799800000E-04    1.2489544827E+00   -6.6750951917E-02    6.2846475997E+01    2.3909441059E-02
    3.1199800000E-04    1.1883110546E+00   -2.9326359275E-01    6.3460858651E+01    2.8082148928E-02
    3.1599800000E-04    1.0326348162E+00   -3.9072002492E-01    6.4164227804E+01    3.1218286050E-02
    3.1999800000E-04    8.6808180859E-01   -3.0446895906E-01    6.4980607219E+01    3.1631278733E-02
    3.2399800000E-04    8.1868714910E-01   -9.6186161129E-02    6.5869395711E+01    3.0411531708E-02
    3.2799800000E-04    9.0833759682E-01    9.6391452488E-02    6.6734127341E+01    2.8329916177E-02
    3.3199800000E-04    1.0392932742E+00    1.7498234267E-01    6.7524318468E+01    2.6995293470E-02
    3.3599800000E-04    1.1326595911E+00    1.5990977305E-01    6.8230164687E+01    3.0926751747E-02
    3.3999800000E-04    1.1834228783E+00    1.1322276164E-01    6.8866198819E+01    3.9031030566E-02
    3.4399800000E-04    1.1935121102E+00    5.5161303752E-02    6.9472095468E+01    4.3518692840E-02
    3.4799800000E-04    1.1714849586E+00   -1.7194043173E-02    7.0095154125E+01    4.3254957705E-02
    3.5199800000E-04    1.1069624079E+00   -6.7752751803E-02    7.0772658845E+01    4.6384344588E-02
    3.5599800000E-04    9.9264809249E-01   -3.6341438857E-02    7.1528628362E+01    5.4468448115E-02
    3.5999800000E-04    8.8782774795E-01    1.2288752257E-01    7.2356829004E+01    6.1726804274E-02
    3.6399800000E-04    9.1247985127E-01    3.1443760765E-01    7.3219954996E+01    6.4282024175E-02
    3.6799800000E-04    1.0644900979E+00    3.8442232201E-01    7.4027556955E+01    6.1199958330E-02
    3.7199800000E-04    1.2108199509E+00    2.5579666296E-01    7.4724614785E+01    5.1697725408E-02
    3.7599800000E-04    1.2608001730E+00   -1.4029328914E-02    7.5327697200E+01    4.3702651770E-02
    3.7999800000E-04    1.2156765714E+00   -2.8279773413E-01    7.5929241824E+01    4.9541208481E-02
    3.8399800000E-04    1.0651660592E+00   -4.1779902308E-01    7.6617106460E+01    5.5616608193E-02
    3.8799800000E-04    8.8489203396E-01   -3.5779681229E-01    7.7419557805E+01    5.7212347262E-02
    3.9199800000E-04    8.1658210410E-01   -1.5525739837E-01    7.8304529768E+01    5.5950423080E-02
    3.9599800000E-04    9.0832189722E-01    4.2127701838E-02    7.9167820393E+01    5.3672846439E-02
    3.9999800000E-04    1.0480391508E+00    1.1498814229E-01    7.9954812262E+01    5.1302246135E-02
    4.0399800000E-04    1.1338163463E+00    9.8921780139E-02    8.0660534133E+01    5.3388786950E-02
    4.0799800000E-04    1.1764481241E+00    5.2748784833E-02    8.1299684209E+01    6.1716930641E-02
    4.1199800000E-04    1.1850305191E+00    1.7064538800E-02    8.1908062079E+01    6.4912378986E-02
    4.1599800000E-04    1.1616589668E+00   -3.5725759319E-02    8.2529541054E+01    5.9889973324E-02
    4.1999800000E-04    1.1019303096E+00   -7.4661310318E-02    8.3204178362E+01    5.8188435732E-02
    4.2399800000E-04    9.8144998378E-01   -5.5404630668E-02    8.3954131553E+01    6.2019015051E-02
    4.2799800000E-04    8.5122609817E-01    9.6038226876E-02    8.4784754937E+01    6.6100621019E-02
    4.3199800000E-04    8.5957731522E-01    3.0949151963E-01    8.5665730919E+01    6.8421878412E-02
    4.3599800000E-04    1.0152606391E+00    4.2171500983E-01    8.6498857161E+01    6.7500565919E-02
    4.3999800000E-04    1.1864572005E+00    3.3690868517E-01    8.7219561767E+01    6.0925231446E-02
    4.4399800000E-04    1.2617346130E+00    8.8273729003E-02    8.7840209073E+01    5.2013719523E-02
    4.4799800000E-04    1.2388424037E+00   -2.0716782863E-01    8.8429028306E+01    5.6453566983E-02
    4.5199800000E-04    1.1130932494E+00   -3.8755783638E-01    8.9095389452E+01    6.6708158740E-02
    4.5599800000E-04    9.3905145038E-01   -3.7242039610E-01    8.9873863191E+01    7.1454591218E-02
    4.5999800000E-04    8.6131730493E-01   -1.9636036985E-01    9.0736652459E+01    7.0116534800E-02
    4.6399800000E-04    9.4209460254E-01   -7.3348277654E-03    9.1586233354E+01    6.5079622639E-02
    4.6799800000E-04    1.0741704650E+00    5.9586376589E-02    9.2366832233E+01    5.7340195052E-02
    4.7199800000E-04    1.1538655672E+00    2.8882169264E-02    9.3066498779E+01    5.3446823489E-02
    4.7599800000E-04    1.1857133896E+00   -3.2200978111E-02    9.3704868289E+01    5.4412282964E-02
    4.7999800000E-04    1.1872265953E+00   -8.6929470338E-02    9.4312274194E+01    5.2615424460E-02
    4.8399800000E-04    1.1521337614E+00   -1.2792370436E-01    9.4933913860E+01    4.4301057770E-02
    4.8799800000E-04    1.0781002022E+00   -1.5859085134E-01    9.5612393101E+01    3.7858242576E-02
    4.9199800000E-04    9.5651009969E-01   -1.2089092018E-01    9.6371458946E+01    3.7577883090E-02
    4.9599800000E-04    8.3222811165E-01    3.6649981613E-02    9.7211283060E+01    3.9588277747E-02
    4.9999800000E-04    8.2916033802E-01    2.5853743269E-01    9.8103373807E+01    4.1143064807E-02
    5.0399800000E-04    9.7157755035E-01    3.9919094444E-01    9.8954468739E+01    4.1470400811E-02
    5.0799800000E-04    1.1498352122E+00    3.5764863446E-01    9.9694516679E+01    3.8833884189E-02
    5.1199800000E-04    1.2454338444E+00    1.5418072472E-01    1.0033253585E+02    3.3414670953E-02
    5.1599800000E-04    1.2419298742E+00   -1.1982628424E-01    1.0092025986E+02    3.4507665652E-02
    5.1999800000E-04    1.1428659083E+00   -3.2248033159E-01    1.0156523510E+02    4.4071708341E-02
    5.2399800000E-04    9.8224157901E-01   -3.4890172629E-01    1.0231894106E+02    5.0635688097E-02
    5.2799800000E-04    8.8942935530E-01   -2.0309804890E-01    1.0316357462E+02    5.1068946168E-02
    5.3199800000E-04    9.3454701472E-01   -1.0799068263E-02    1.0401547421E+02    4.6357716355E-02
    5.3599800000E-04    1.0485581857E+00    9.3789073454E-02    1.0481404031E+02    3.7975707161E-02
    5.3999800000E-04    1.1431131269E+00    7.5115021643E-02    1.0553184805E+02    3.1780195086E-02
    5.4399800000E-04    1.1887917664E+00    1.7999920061E-03    1.0617900973E+02    3.1198864686E-02
    5.4799800000E-04    1.1973371256E+00   -7.6956791622E-02    1.0678571289E+02    3.0543467372E-02
    5.5199800000E-04    1.1656350549E+00   -1.3904063812E-01    1.0740054534E+02    2.4177843404E-02
    5.5599800000E-04    1.0907778600E+00   -1.8346998785E-01    1.0807067584E+02    1.8941427883E-02
    5.5999800000E-04    9.7304303439E-01   -1.5630903474E-01    1.0882333215E+02    1.9372313999E-02
    5.6399800000E-04    8.5672054227E-01   -1.0375529062E-02    1.0965725821E+02    2.2606901510E-02
    5.6799800000E-04    8.4023291163E-01    2.0349941552E-01    1.1054143335E+02    2.4259556845E-02
    5.7199800000E-04    9.5902604532E-01    3.5405092281E-01    1.1139603888E+02    2.4319920469E-02
    5.7599800000E-04    1.1274763599E+00    3.3753600674E-01    1.1214828982E+02    2.2154829929E-02
    5.7999800000E-04    1.2300491059E+00    1.6480062210E-01    1.1279725161E+02    1.8185025410E-02
    5.8399800000E-04    1.2388391154E+00   -7.8021154432E-02    1.1338863186E+02    1.7857023422E-02
    5.8799800000E-04    1.1583846847E+00   -2.8034241118E-01    1.1401968467E+02    2.4713604174E-02
    5.9199800000E-04    1.0065568779E+00   -3.3395759075E-01    1.1475289542E+02    3.0875192142E-02
    5.9599800000E-04    8.9352033785E-01   -2.1236724016E-01    1.1558503868E+02    3.2718536405E-02
    5.9999800000E-04    9.0380581042E-01   -1.5484319344E-02    1.1644699392E+02    3.0029280199E-02
    6.0399800000E-04    1.0042239318E+00    1.2423089230E-01    1.1726916389E+02    2.3704634698E-02
    6.0799800000E-04    1.1137528245E+00    1.3666589274E-01    1.1801354012E+02    1.7986749734E-02
    6.1199800000E-04    1.1797077501E+00    6.8287782687E-02    1.1867812438E+02    1.7622613184E-02
    6.1599800000E-04    1.2026713895E+00   -1.8682511581E-02    1.1929020783E+02    1.9450857895E-02
    6.1999800000E-04    1.1818492020E+00   -9.9845360757E-02    1.1989802231E+02    1.6154660740E-02
    6.2399800000E-04    1.1167970241E+00   -1.6558147553E-01    1.2055479854E+02    1.2922705465E-02
    6.2799800000E-04    1.0068061005E+00   -1.6388331954E-01    1.2129020662E+02    1.5168457916E-02
    6.3199800000E-04    8.9367676540E-01   -3.9901568568E-02    1.2210862653E+02    2.0056319596E-02
    6.3599800000E-04    8.6174138349E-01    1.6296970181E-01    1.2297831795E+02    2.2708407900E-02
    6.3999800000E-04    9.5659249323E-01    3.1994715117E-01    1.2383222537E+02    2.2164930453E-02
    6.4399800000E-04    1.1153629451E+00    3.1991231902E-01    1.2459465381E+02    1.8748812993E-02
    6.4799800000E-04    1.2219084560E+00    1.6028052315E-01    1.2525171476E+02    1.3839291783E-02
    6.5199800000E-04    1.2383521277E+00   -7.0067692581E-02    1.2584544981E+02    1.2355274475E-02
    6.5599800000E-04    1.1681127351E+00   -2.6993879197E-01    1.2646957196E+02    1.7016740225E-02
    6.5999800000E-04    1.0191581648E+00   -3.4018608743E-01    1.2718873013E+02    2.1545874386E-02
    6.6399800000E-04    8.8677185866E-01   -2.3583544444E-01    1.2801273907E+02    2.3344032499E-02
    6.6799800000E-04    8.7036411914E-01   -3.5625188763E-02    1.2888525335E+02    2.1980815554E-02
    6.7199800000E-04    9.6159710057E-01    1.2970882601E-01    1.2972777345E+02    1.7394686520E-02
    6.7599800000E-04    1.0808315436E+00    1.7416019264E-01    1.3049583549E+02    1.3277121969E-02
    6.7999800000E-04    1.1633510469E+00    1.2467735903E-01    1.3117993792E+02    1.4148442907E-02
    6.8399800000E-04    1.2005851788E+00    4.5047658823E-02    1.3180097583E+02    1.8215992064E-02
    6.8799800000E-04    1.1927557436E+00   -4.0778835821E-02    1.3240463021E+02    1.7942240188E-02
    6.9199800000E-04    1.1435081263E+00   -1.2086555124E-01    1.3304588434E+02    1.6247830223E-02
    6.9599800000E-04    1.0466912419E+00   -1.4773884521E-01    1.3375835183E+02    1.9921494552E-02
    6.9999800000E-04    9.3351178190E-01   -5.3848648576E-02    1.3455536630E+02    2.6501619845E-02
    7.0399800000E-04    8.8043205017E-01    1.3638218498E-01    1.3540905619E+02    3.0714064596E-02
    7.0799800000E-04    9.5004533352E-01    3.0322407386E-01    1.3626379192E+02    3.0555998443E-02
    7.1199800000E-04    1.1029289649E+00    3.2265543459E-01    1.3703935436E+02    2.6045112836E-02
    7.1599800000E-04    1.2182272963E+00    1.6873903768E-01    1.3770657830E+02    1.9039683529E-02
    7.1999800000E-04    1.2428826470E+00   -7.0238136424E-02    1.3830118331E+02    1.5905004156E-02
    7.2399800000E-04    1.1790633302E+00   -2.8024646086E-01    1.3891968057E+02    1.9643257562E-02
    7.2799800000E-04    1.0275476366E+00   -3.6596420129E-01    1.3962824091E+02    2.2801353337E-02
    7.3199800000E-04    8.7550252384E-01   -2.7414071735E-01    1.4044678397E+02    2.3662477226E-02
    7.3599800000E-04    8.3699982619E-01   -6.9688184647E-02    1.4132982772E+02    2.2656217926E-02
    7.3999800000E-04    9.2451870645E-01    1.1472354363E-01    1.4218853910E+02    1.9687389633E-02
    7.4399800000E-04    1.0506202235E+00    1.8547210079E-01    1.4297420652E+02    1.7200829459E-02
    7.4799800000E-04    1.1431779267E+00    1.5920935620E-01    1.4367456608E+02    2.0013774834E-02
    7.5199800000E-04    1.1914958852E+00    9.8646085355E-02    1.4430546960E+02    2.6537993675E-02
    7.5599800000E-04    1.1963787455E+00    2.4306582479E-02    1.4490882385E+02    2.9364545505E-02
    7.5999800000E-04    1.1650894815E+00   -5.6609877645E-02    1.4553642107E+02    2.8728607080E-02
    7.6399800000E-04    1.0877432123E+00   -1.0481238367E-01    1.4622508495E+02    3.2688452497E-02
    7.6799800000E-04    9.7437444375E-01   -4.9101170515E-02    1.4699614992E+02    4.0866515682E-02
    7.7199800000E-04    8.9184587164E-01    1.2337236020E-01    1.4783266541E+02    4.7326710382E-02
    7.7599800000E-04    9.3235408626E-01    3.0417120403E-01    1.4869091898E+02    4.8721306403E-02
    7.7999800000E-04    1.0825205176E+00    3.5255859508E-01    1.4948525920E+02    4.4576420804E-02
    7.8399800000E-04    1.2147936265E+00    2.0998850302E-01    1.5016949176E+02    3.5513170764E-02
    7.8799800000E-04    1.2531205176E+00   -5.0027641907E-02    1.5076742438E+02    2.9704366569E-02
    7.9199800000E-04    1.1985046866E+00   -2.9106714818E-01    1.5137685697E+02    3.4304002962E-02
    7.9599800000E-04    1.0441382175E+00   -4.0248213630E-01    1.5207363158E+02    3.8039520123E-02
    7.9999800000E-04    8.7189153238E-01   -3.2638461604E-01    1.5288442848E+02    3.8603835880E-02
    8.0399800000E-04    8.1248758939E-01   -1.1939170898E-01    1.5377356368E+02    3.7372560022E-02
    8.0799800000E-04    9.0034392403E-01    7.8446399405E-02    1.5464117876E+02    3.5474029266E-02
    8.1199800000E-04    1.0344975747E+00    1.6131926848E-01    1.5543400590E+02    3.4237976356E-02
    8.1599800000E-04    1.1278774026E+00    1.5061130273E-01    1.5614347093E+02    3.8069723886E-02
    8.1999800000E-04    1.1789426122E+00    1.0809167771E-01    1.5678278776E+02    4.6707364564E-02
    8.2399800000E-04    1.1907648268E+00    5.9996401569E-02    1.5739040541E+02    5.1734229176E-02
    8.2799800000E-04    1.1720060342E+00   -6.3433258719E-03    1.5801150545E+02    5.1051946429E-02
    8.3199800000E-04    1.1134979833E+00   -5.5033971628E-02    1.5868417386E+02    5.3061926667E-02
    8.3599800000E-04    9.9906815405E-01   -3.6112967911E-02    1.5943276125E+02    6.0331305667E-02
    8.3999800000E-04    8.8122950909E-01    1.1439670697E-01    1.6025757072E+02    6.7257778176E-02
    8.4399800000E-04    8.9509404597E-01    3.1369792877E-01    1.6112507481E+02    7.0226158762E-02
    8.4799800000E-04    1.0467661437E+00    4.0141179559E-01    1.6194293207E+02    6.8026258702E-02
    8.5199800000E-04    1.2030498432E+00    2.8940865840E-01    1.6265033753E+02    5.9066848260E-02
    8.5599800000E-04    1.2631033243E+00    2.3413108482E-02    1.6325987660E+02    4.9910992979E-02
    8.5999800000E-04    1.2273075202E+00   -2.6043940917E-01    1.6385537780E+02    5.5667044001E-02
    8.6399800000E-04    1.0853029998E+00   -4.1473523137E-01    1.6453444554E+02    6.3476636800E-02
    8.6799800000E-04    9.0362905220E-01   -3.7244038400E-01    1.6532724152E+02    6.6154671438E-02
    8.7199800000E-04    8.2777468771E-01   -1.7843242263E-01    1.6620527977E+02    6.4851311316E-02
    8.7599800000E-04    9.1620115637E-01    1.8080127081E-02    1.6706530658E+02    6.1861351916E-02
    8.7999800000E-04    1.0574768453E+00    8.6751074495E-02    1.6785012810E+02    5.7865771679E-02
    8.8399800000E-04    1.1401853922E+00    6.6121716278E-02    1.6855398351E+02    5.7856585620E-02
    8.8799800000E-04    1.1776524545E+00    1.5034032165E-02    1.6919372427E+02    6.3774387172E-02
    8.9199800000E-04    1.1846422258E+00   -2.3066628715E-02    1.6980204866E+02    6.5097238476E-02
    8.9599800000E-04    1.1565658525E+00   -6.8288872654E-02    1.7042311157E+02    5.8069140735E-02
    8.9999800000E-04    1.0928204557E+00   -1.0393268773E-01    1.7109879646E+02    5.3835727404E-02
    9.0399800000E-04    9.7201071562E-01   -7.9129113313E-02    1.7185100313E+02    5.5546841476E-02
    9.0799800000E-04    8.4039674388E-01    7.3153962977E-02    1.7268446212E+02    5.8426729307E-02
    9.1199800000E-04    8.4180545273E-01    2.9227502527E-01    1.7357138832E+02    6.0328659416E-02
    9.1599800000E-04    9.9356357241E-01    4.1973903698E-01    1.7441420800E+02    6.0041391516E-02
    9.1999800000E-04    1.1711079483E+00    3.5486528814E-01    1.7514442331E+02    5.5170653126E-02
    9.2399800000E-04    1.2568126031E+00    1.2372592193E-01    1.7577317650E+02    4.7319785946E-02
    9.2799800000E-04    1.2427459613E+00   -1.6930365590E-01    1.7636002835E+02    5.0125794039E-02
    9.3199800000E-04    1.1283912935E+00   -3.6364151819E-01    1.7701684249E+02    6.0685155646E-02
    9.3599800000E-04    9.5895124752E-01   -3.6769363353E-01    1.7778473994E+02    6.6434037312E-02
    9.3999800000E-04    8.7473294145E-01   -2.0423500812E-01    1.7863969855E+02    6.5628707404E-02
    9.4399800000E-04    9.4261197981E-01   -1.4193809873E-02    1.7948899831E+02    6.0292480729E-02
    9.4799800000E-04    1.0685012685E+00    6.5785081650E-02    1.8027497410E+02    5.1698209858E-02
    9.5199800000E-04    1.1529248221E+00    3.6610853295E-02    1.8097975950E+02    4.6505971378E-02
    9.5599800000E-04    1.1881275246E+00   -2.9439568785E-02    1.8162065228E+02    4.6457696767E-02
    9.5999800001E-04    1.1906769353E+00   -9.3914055379E-02    1.8222764537E+02    4.4655458526E-02
    9.6399800001E-04    1.1561219280E+00   -1.3999355644E-01    1.8284708756E+02    3.6688438259E-02
    9.6799800001E-04    1.0809933241E+00   -1.7350531562E-01    1.8352244104E+02    3.0251891025E-02
    9.7199800001E-04    9.6105915843E-01   -1.3830445155E-01    1.8427944958E+02    2.9751515383E-02
    9.7599800001E-04    8.3881443774E-01    1.4768743883E-02    1.8511750483E+02    3.1908169018E-02
    9.7999800001E-04    8.2863973777E-01    2.3503982892E-01    1.8600813826E+02    3.3474837722E-02
    9.8399800001E-04    9.6143026521E-01    3.8291366389E-01    1.8686318414E+02    3.3899411583E-02
    9.8799800001E-04    1.1377156229E+00    3.5507821841E-01    1.8761008926E+02    3.1814613219E-02
    9.9199800001E-04    1.2386700815E+00    1.6634298682E-01    1.8825396144E+02    2.7230346598E-02
    9.9599800001E-04    1.2417335226E+00   -9.5988079506E-02    1.8884301014E+02    2.7500095194E-02
    9.9999800001E-04    1.1516966881E+00   -3.0229248650E-01    1.8948071421E+02    3.6161715113E-02
    1.0039980000E-03    9.9483681714E-01   -3.4298060802E-01    1.9022486571E+02    4.2904303017E-02
    1.0079980000E-03    8.9310546919E-01   -2.0838954787E-01    1.9106373071E+02    4.4048840004E-02
    1.0119980000E-03    9.2350191915E-01   -1.4011831123E-02    1.9191930392E+02    4.0116428665E-02
    1.0159980000E-03    1.0320088181E+00    1.0581700704E-01    1.9272717135E+02    3.2376232451E-02
    1.0199980000E-03    1.1328531059E+00    9.8636544977E-02    1.9345541797E+02    2.6032396925E-02
    1.0239980000E-03    1.1862209618E+00    2.5495209848E-02    1.9410895875E+02    2.5332000994E-02
    1.0279980000E-03    1.2000325057E+00   -5.8021884521E-02    1.9471723542E+02    2.5625495183E-02
    1.0319980000E-03    1.1723348744E+00   -1.2805065449E-01    1.9532886328E+02    2.0332867306E-02
    1.0359980000E-03    1.1006813644E+00   -1.8047972070E-01    1.9599357404E+02    1.5698599452E-02
    1.0399980000E-03    9.8567544322E-01   -1.6273663719E-01    1.9673985944E+02    1.6663949457E-02
    1.0439980000E-03    8.7027329595E-01   -2.5179939121E-02    1.9756805264E+02    2.0577386518E-02
    1.0479980000E-03    8.4645122143E-01    1.8479629480E-01    1.9844727244E+02    2.2502112683E-02
    1.0519980000E-03    9.5519543004E-01    3.3954746725E-01    1.9930302314E+02    2.2340466427E-02
    1.0559980000E-03    1.1202661140E+00    3.3204961493E-01    2.0006068459E+02    1.9875633806E-02
    1.0599980000E-03    1.2256911041E+00    1.6717387729E-01    2.0071406116E+02    1.5782849471E-02
    1.0639980000E-03    1.2387790417E+00   -6.8870383911E-02    2.0130681683E+02    1.4952199835E-02
    1.0679980000E-03    1.1640635776E+00   -2.7145828649E-01    2.0193365792E+02    2.0929288789E-02
    1.0719980000E-03    1.0143841682E+00   -3.3452956014E-01    2.0265965486E+02    2.6652005278E-02
    1.0759980000E-03    8.9310359533E-01   -2.2190013928E-01    2.0348734973E+02    2.8694082874E-02
    1.0799980000E-03    8.9154880143E-01   -2.4135365338E-02    2.0435300983E+02    2.6619374401E-02
    1.0839980000E-03    9.8758195128E-01    1.2670179891E-01    2.0518342172E+02    2.0995152778E-02
    1.0879980000E-03    1.1011969356E+00    1.5218829639E-01    2.0593766663E+02    1.5716180266E-02
    1.0919980000E-03    1.1740198491E+00    8.9999626775E-02    2.0661003960E+02    1.5567172374E-02
    1.0959980000E-03    1.2025746662E+00    4.1855607393E-03    2.0722563178E+02    1.8195787492E-02
    1.0999980000E-03    1.1867885289E+00   -8.0029375907E-02    2.0783147756E+02    1.5986231262E-02
    1.1039980000E-03    1.1274044534E+00   -1.5206647229E-01    2.0848208296E+02    1.3239288997E-02
    1.1079980000E-03    1.0218478196E+00   -1.6177305592E-01    2.0920870337E+02    1.5922128676E-02
    1.1119980000E-03    9.0811639632E-01   -4.9303816662E-02    2.1001927055E+02    2.1293441768E-02
    1.1159980000E-03    8.6790263745E-01    1.4921081303E-01    2.1088337778E+02    2.4463941795E-02
    1.1199980000E-03    9.5264590995E-01    3.1092538935E-01    2.1173833567E+02    2.3984734884E-02
    1.1239980000E-03    1.1090063510E+00    3.1987297894E-01    2.1250658370E+02    2.0175715956E-02
    1.1279980000E-03    1.2192821067E+00    1.6453033148E-01    2.1316822670E+02    1.4644161349E-02
    1.1319980000E-03    1.2396586388E+00   -6.6322793963E-02    2.1376274676E+02    1.2553260842E-02
    1.1359980000E-03    1.1733097803E+00   -2.6914348761E-01    2.1438394631E+02    1.6711940961E-02
    1.1399980000E-03    1.0248643229E+00   -3.4708120934E-01    2.1509759516E+02    2.0725143718E-02
    1.1439980000E-03    8.8483296314E-01   -2.4988926776E-01    2.1591809690E+02    2.2305248321E-02
    1.1479980000E-03    8.5862485171E-01   -4.9109839892E-02    2.1679397907E+02    2.1229284945E-02
    1.1519980000E-03    9.4656559586E-01    1.2474141342E-01    2.1764329356E+02    1.7138450610E-02
    1.1559980000E-03    1.0683068298E+00    1.8107340894E-01    2.1841953662E+02    1.3477966630E-02
    1.1599980000E-03    1.1558123747E+00    1.4030446610E-01    2.1911098858E+02    1.4850502949E-02
    1.1639980000E-03    1.1979953546E+00    6.6105976424E-02    2.1973605102E+02    1.9707059229E-02
    1.1679980000E-03    1.1952612545E+00   -1.7683842561E-02    2.2033894010E+02    2.0542892160E-02
    1.1719980000E-03    1.1526393531E+00   -1.0013034180E-01    2.2097430250E+02    1.9178374290E-02
    1.1759980000E-03    1.0624001401E+00   -1.3687257191E-01    2.2167739112E+02    2.3030649494E-02
    1.1799980000E-03    9.4897489963E-01   -5.6945966126E-02    2.2246493272E+02    3.0245823415E-02
    1.1839980000E-03    8.8549278023E-01    1.2725556130E-01    2.2331232945E+02    3.5220902327E-02
    1.1879980000E-03    9.4369117169E-01    2.9969024508E-01    2.2416849070E+02    3.5540698504E-02
    1.1919980000E-03    1.0947748606E+00    3.3062395671E-01    2.2495141310E+02    3.1025412582E-02
    1.1959980000E-03    1.2161041996E+00    1.8161938770E-01    2.2562516676E+02    2.3266397493E-02
    1.1999980000E-03    1.2459412291E+00   -6.3297591381E-02    2.2622098009E+02    1.9238935527E-02
    1.2039980000E-03    1.1860654435E+00   -2.8253124093E-01    2.2683594060E+02    2.3015911170E-02
    1.2079980000E-03    1.0341527597E+00   -3.7782948414E-01    2.2753921982E+02    2.6086370388E-02
    1.2119980000E-03    8.7427153068E-01   -2.9298752618E-01    2.2835412316E+02    2.6713362816E-02
    1.2159980000E-03    8.2627648558E-01   -8.7909292973E-02    2.2923983051E+02    2.5630579612E-02
    1.2199980000E-03    9.1206084660E-01    1.0302841052E-01    2.3010368677E+02    2.3229788650E-02
    1.2239980000E-03    1.0408343571E+00    1.8175876690E-01    2.3089449662E+02    2.1294836827E-02
    1.2279980000E-03    1.1355241730E+00    1.6353088479E-01    2.3160025611E+02    2.4603202117E-02
    1.2319980000E-03    1.1867075752E+00    1.1066381625E-01    2.3223535188E+02    3.1948357100E-02
    1.2359980000E-03    1.1956803272E+00    4.4406273590E-02    2.3284001857E+02    3.5876534580E-02
    1.2399980000E-03    1.1704540949E+00   -3.3126226387E-02    2.3346381753E+02    3.5511518511E-02
    1.2439980000E-03    1.1011897362E+00   -8.5169315578E-02    2.3414444613E+02    3.9033453222E-02
    1.2479980000E-03    9.8817507091E-01   -4.5412659668E-02    2.3490535759E+02    4.7284537099E-02
    1.2519980000E-03    8.9270460404E-01    1.1806138267E-01    2.3573575849E+02    5.4444925810E-02
    1.2559980000E-03    9.2092450483E-01    3.0529456014E-01    2.3659626788E+02    5.6582261761E-02
    1.2599980000E-03    1.0699989256E+00    3.6876045042E-01    2.3739963034E+02    5.3080883626E-02
    1.2639980000E-03    1.2109003919E+00    2.3662718197E-01    2.3809295109E+02    4.3725030045E-02
    1.2679980000E-03    1.2571717305E+00   -2.7860219016E-02    2.3869451054E+02    3.6561499102E-02
    1.2719980000E-03    1.2093391384E+00   -2.8476046368E-01    2.3929875183E+02    4.1654198357E-02
    1.2759980000E-03    1.0579346989E+00   -4.1150318948E-01    2.3998878820E+02    4.6447588183E-02
    1.2799980000E-03    8.7954008000E-01   -3.4705307850E-01    2.4079322987E+02    4.7465723289E-02
    1.2839980000E-03    8.1128658747E-01   -1.4305138956E-01    2.4168066056E+02    4.6260344997E-02
    1.2879980000E-03    8.9804696524E-01    5.7677751402E-02    2.4254876946E+02    4.4323265745E-02
    1.2919980000E-03    1.0357194851E+00    1.4043932812E-01    2.4334166839E+02    4.2739063288E-02
    1.2959980000E-03    1.1272378390E+00    1.3012263837E-01    2.4405228622E+02    4.5883490858E-02
    1.2999980000E-03    1.1760138017E+00    8.7591528283E-02    2.4469340780E+02    5.4743970769E-02
    1.3039980000E-03    1.1876100852E+00    4.7936757799E-02    2.4530209541E+02    5.9525140525E-02
    1.3079980000E-03    1.1687915354E+00   -1.1663417364E-02    2.4592234441E+02    5.7226971370E-02
    1.3119980000E-03    1.1127431621E+00   -5.6189621440E-02    2.4659338178E+02    5.7520838571E-02
    1.3159980000E-03    9.9703815652E-01   -4.2935158872E-02    2.4733879723E+02    6.3283955489E-02
    1.3199980000E-03    8.6912583921E-01    1.0269532457E-01    2.4816354095E+02    6.9010079241E-02
    1.3239980000E-03    8.7520185008E-01    3.0985944503E-01    2.4903716108E+02    7.1884370005E-02
    1.3279980000E-03    1.0270761479E+00    4.1445997425E-01    2.4986512118E+02    7.0503509517E-02
    1.3319980000E-03    1.1928285175E+00    3.2051983500E-01    2.5058222249E+02    6.2665146987E-02
    1.3359980000E-03    1.2631338066E+00    6.3923416974E-02    2.5119915553E+02    5.3124723439E-02
    1.3399980000E-03    1.2362975704E+00   -2.3000786287E-01    2.5178976464E+02    5.8105525453E-02
    1.3439980000E-03    1.1044968395E+00   -4.0247661947E-01    2.5246007515E+02    6.7480095935E-02
    1.3479980000E-03    9.2519152847E-01   -3.7867744336E-01    2.5324303240E+02    7.1397664638E-02
    1.3519980000E-03    8.4435236440E-01   -1.9548566927E-01    2.5411246100E+02    7.0074128933E-02
    1.3559980000E-03    9.2740388359E-01   -1.4588287748E-03    2.5496799618E+02    6.6060030876E-02
    1.3599980000E-03    1.0661735721E+00    6.6199333322E-02    2.5575123846E+02    5.9990382596E-02
    1.3639980000E-03    1.1473367681E+00    4.0636572372E-02    2.5645344356E+02    5.7679445255E-02
    1.3679980000E-03    1.1811785903E+00   -1.5016714741E-02    2.5709341818E+02    6.0547748512E-02
    1.3719980000E-03    1.1856649934E+00   -6.1239390177E-02    2.5770164007E+02    6.0073551757E-02
    1.3759980000E-03    1.1538951100E+00   -1.0165377286E-01    2.5832252263E+02    5.2191743215E-02
    1.3799980000E-03    1.0852885931E+00   -1.3463782628E-01    2.5899875043E+02    4.6133700426E-02
    1.3839980000E-03    9.6497620342E-01   -1.0383599992E-01    2.5975338700E+02    4.6406327518E-02
    1.3879980000E-03    8.3529703840E-01    4.9298388186E-02    2.6058915350E+02    4.8630571925E-02
    1.3919980000E-03    8.3063561018E-01    2.7112356312E-01    2.6147960898E+02    5.0291891064E-02
    1.3959980000E-03    9.7601168187E-01    4.1009454722E-01    2.6232980572E+02    5.0452927298E-02
    1.3999980000E-03    1.1561586669E+00    3.6267990683E-01    2.6306822008E+02    4.7011900242E-02
    1.4039980000E-03    1.2502975905E+00    1.4907284652E-01    2.6370408595E+02    4.0486415133E-02
    1.4079980000E-03    1.2440469449E+00   -1.3567890859E-01    2.6429089546E+02    4.1934075970E-02
    1.4119980000E-03    1.1400861070E+00   -3.3909011079E-01    2.6493913858E+02    5.2143682727E-02
    1.4159980000E-03    9.7535429522E-01   -3.5994583078E-01    2.6569714461E+02    5.8576239071E-02
    1.4199980000E-03    8.8417264789E-01   -2.0844564882E-01    2.6654535045E+02    5.8504126652E-02
    1.4239980000E-03    9.3784890139E-01   -1.6658588073E-02    2.6739626604E+02    5.3445546417E-02
    1.4279980000E-03    1.0573223506E+00    7.8731745427E-02    2.6818976097E+02    4.4749830495E-02
    1.4319980000E-03    1.1477942150E+00    5.5439693254E-02    2.6890230656E+02    3.8764162192E-02
    1.4359980000E-03    1.1886947949E+00   -1.4622113575E-02    2.6954711444E+02    3.8249842856E-02
    1.4399980000E-03    1.1944445752E+00   -8.7448854225E-02    2.7015407244E+02    3.7023577333E-02
    1.4439980000E-03    1.1618146562E+00   -1.4160488214E-01    2.7077060086E+02    2.9845052236E-02
    1.4479980000E-03    1.0872052051E+00   -1.8070880700E-01    2.7144199093E+02    2.3838317900E-02
    1.4519980000E-03    9.6902190942E-01   -1.5091658117E-01    2.7219550139E+02    2.3581014504E-02
    1.4559980000E-03    8.4884358077E-01   -3.5700289199E-03    2.7303044973E+02    2.6196279952E-02
    1.4599980000E-03    8.3235985899E-01    2.1357095004E-01    2.7391789956E+02    2.7805309196E-02
    1.4639980000E-03    9.5555898575E-01    3.6610408695E-01    2.7477489505E+02    2.8138006759E-02
    1.4679980000E-03    1.1283740167E+00    3.4886112746E-01    2.7552731884E+02    2.6194991069E-02
    1.4719980000E-03    1.2326909546E+00    1.7193878692E-01    2.7617596972E+02    2.2091332998E-02
    1.4759980000E-03    1.2409328203E+00   -7.9193731873E-02    2.7676662704E+02    2.1815143251E-02
    1.4799980000E-03    1.1583456680E+00   -2.8620156298E-01    2.7739867213E+02    2.9483690862E-02
    1.4839980000E-03    1.0048913228E+00   -3.3829003850E-01    2.7813449281E+02    3.6098695774E-02
    1.4879980000E-03    8.9503346701E-01   -2.1372044080E-01    2.7896820217E+02    3.7782470728E-02
    1.4919980000E-03    9.1199997525E-01   -1.7984976376E-02    2.7982742206E+02    3.4619171624E-02
    1.4959980000E-03    1.0152376929E+00    1.1508189137E-01    2.8064415642E+02    2.7648485818E-02
    1.4999980000E-03    1.1214635937E+00    1.2031488751E-01    2.8138268579E+02    2.1458496994E-02
    1.5039980000E-03    1.1824522504E+00    4.9615593943E-02    2.8204315546E+02    2.0769085238E-02
    1.5079980000E-03    1.2017495571E+00   -3.6533172442E-02    2.8265381907E+02    2.1955060157E-02
    1.5119980000E-03    1.1784108997E+00   -1.1316042499E-01    2.8326281000E+02    1.7772463990E-02
    1.5159980000E-03    1.1107681679E+00   -1.7338869657E-01    2.8392215538E+02    1.3779066472E-02
    1.5199980000E-03    9.9886880511E-01   -1.6570906398E-01    2.8466143782E+02    1.5316810067E-02
    1.5239980000E-03    8.8408615777E-01   -3.7213116868E-02    2.8548340597E+02    1.9784500094E-02
    1.5279980000E-03    8.5366401679E-01    1.6869950123E-01    2.8635729851E+02    2.2128597280E-02
    1.5319980000E-03    9.5283507913E-01    3.2685088984E-01    2.8721343502E+02    2.1782589769E-02
    1.5359980000E-03    1.1145338614E+00    3.2696792903E-01    2.8797584529E+02    1.8894584489E-02
    1.5399980000E-03    1.2222685097E+00    1.6774970402E-01    2.8863306220E+02    1.4450658017E-02
    1.5439980000E-03    1.2388770131E+00   -6.3966982728E-02    2.8922694394E+02    1.3148248891E-02
    1.5479980000E-03    1.1685975117E+00   -2.6650504182E-01    2.8985074354E+02    1.8345914193E-02
    1.5519980000E-03    1.0204036331E+00   -3.3703611530E-01    2.9057080275E+02    2.3506711031E-02
    1.5559980000E-03    8.9165862620E-01   -2.3200885295E-01    2.9139476237E+02    2.5548865221E-02
    1.5599980000E-03    8.7959181708E-01   -3.3535324483E-02    2.9226397753E+02    2.3958508365E-02
    1.5639980000E-03    9.7166626682E-01    1.2698168195E-01    2.9310197764E+02    1.8945156712E-02
    1.5679980000E-03    1.0886755001E+00    1.6484489557E-01    2.9386530138E+02    1.4202953506E-02
    1.5719980000E-03    1.1676614348E+00    1.1002095219E-01    2.9454531260E+02    1.4423357098E-02
    1.5759980000E-03    1.2015940872E+00    2.7023385653E-02    2.9516457971E+02    1.7825364668E-02
    1.5799980000E-03    1.1907680576E+00   -5.8572723055E-02    2.9576895250E+02    1.6712796075E-02
    1.5839980000E-03    1.1373675950E+00   -1.3570158003E-01    2.9641360700E+02    1.4440207518E-02
    1.5879980000E-03    1.0368792918E+00   -1.5624602523E-01    2.9713139933E+02    1.7554540714E-02
    1.5919980000E-03    9.2291175651E-01   -5.5612786792E-02    2.9793374392E+02    2.3518904757E-02
    1.5959980000E-03    8.7427583140E-01    1.3803631760E-01    2.9879197904E+02    2.7264013481E-02
    1.5999980000E-03    9.4899057806E-01    3.0414923659E-01    2.9964769675E+02    2.6974020825E-02
    1.6039980000E-03    1.1030985309E+00    3.2178547416E-01    3.0042164806E+02    2.2830587998E-02
    1.6079980000E-03    1.2173067661E+00    1.6977725517E-01    3.0108789797E+02    1.6565832924E-02
    1.6119980000E-03    1.2414122482E+00   -6.4020416349E-02    3.0168305537E+02    1.3818202036E-02
    1.6159980000E-03    1.1782025429E+00   -2.7123350377E-01    3.0230169823E+02    1.7645569751E-02
    1.6199980000E-03    1.0294667469E+00   -3.5612838294E-01    3.0301068007E+02    2.1202205038E-02
    1.6239980000E-03    8.8204144952E-01   -2.6490870668E-01    3.0382831719E+02    2.2462248495E-02
    1.6279980000E-03    8.4688469380E-01   -6.3230604050E-02    3.0470763305E+02    2.1518691079E-02
    1.6319980000E-03    9.3269858237E-01    1.1785063104E-01    3.0556304194E+02    1.8000061348E-02
    1.6359980000E-03    1.0567455122E+00    1.8449004799E-01    3.0634617017E+02    1.4832065830E-02
    1.6399980000E-03    1.1480860664E+00    1.5250689250E-01    3.0704407887E+02    1.6824663720E-02
    1.6439980000E-03    1.1945089194E+00    8.5170147110E-02    3.0767311551E+02    2.2520949751E-02
    1.6479980000E-03    1.1965659134E+00    5.6642607248E-03    3.0827599192E+02    2.4486766510E-02
    1.6519980000E-03    1.1605463191E+00   -7.7030378052E-02    3.0890621607E+02    2.3451451709E-02
    1.6559980000E-03    1.0776124580E+00   -1.2175574093E-01    3.0960035622E+02    2.7328612471E-02
    1.6599980000E-03    9.6422333494E-01   -5.6393016531E-02    3.1037812415E+02    3.5094362166E-02
    1.6639980000E-03    8.8978511955E-01    1.2091035852E-01    3.1121912282E+02    4.0907324900E-02
    1.6679980000E-03    9.3649803117E-01    2.9877718401E-01    3.1207668363E+02    4.1826749150E-02
    1.6719980000E-03    1.0860775600E+00    3.4159865008E-01    3.1286714372E+02    3.7515957694E-02
    1.6759980000E-03    1.2140766244E+00    1.9815322094E-01    3.1354793443E+02    2.9060382604E-02
    1.6799980000E-03    1.2495705909E+00   -5.3750522200E-02    3.1414541875E+02    2.4008148881E-02
    1.6839980000E-03    1.1937936111E+00   -2.8468877477E-01    3.1475668826E+02    2.8058820194E-02
    1.6879980000E-03    1.0415371263E+00   -3.9046489192E-01    3.1545495789E+02    3.1349456564E-02
    1.6919980000E-03    8.7416837178E-01   -3.1267627646E-01    3.1626618775E+02    3.1884764340E-02
    1.6959980000E-03    8.1749270375E-01   -1.0730725184E-01    3.1715377243E+02    3.0712504430E-02
    1.6999980000E-03    9.0223027916E-01    8.9090823461E-02    3.1802135684E+02    2.8667113637E-02
    1.7039980000E-03    1.0338836923E+00    1.7327750776E-01    3.1881546443E+02    2.7171919621E-02
    1.7079980000E-03    1.1293113257E+00    1.6124165498E-01    3.1952524136E+02    3.0803088459E-02
    1.7119980000E-03    1.1818778051E+00    1.1495586283E-01    3.2016388755E+02    3.8878059933E-02
    1.7159980000E-03    1.1936710885E+00    5.8237444950E-02    3.2077033046E+02    4.3683745197E-02
    1.7199980000E-03    1.1732050232E+00   -1.4074227831E-02    3.2139165697E+02    4.3419916839E-02
    1.7239980000E-03    1.1111750269E+00   -6.6344553549E-02    3.2206612850E+02    4.6238093450E-02
    1.7279980000E-03    9.9849747258E-01   -4.0743798583E-02    3.2281825329E+02    5.4150189559E-02
    1.7319980000E-03    8.9009044241E-01    1.1355791163E-01    3.2364378994E+02    6.1584146041E-02
    1.7359980000E-03    9.0737988925E-01    3.0731626139E-01    3.2450725397E+02    6.4355015377E-02
    1.7399980000E-03    1.0560680228E+00    3.8602391947E-01    3.2531959105E+02    6.1616084835E-02
    1.7439980000E-03    1.2058597383E+00    2.6635022402E-01    3.2602205706E+02    5.2334253413E-02
    1.7479980000E-03    1.2606304186E+00    5.8475253953E-04    3.2662839177E+02    4.3870712633E-02
    1.7519980000E-03    1.2203227120E+00   -2.7224101109E-01    3.2722729628E+02    4.9314950292E-02
    1.7559980000E-03    1.0741383189E+00   -4.1553051002E-01    3.2791029710E+02    5.5606179155E-02
    1.7599980000E-03    8.9208425702E-01   -3.6465547405E-01    3.2870743478E+02    5.7425427742E-02
    1.7639980000E-03    8.1647526290E-01   -1.6595774328E-01    3.2959062555E+02    5.6231756528E-02
    1.7679980000E-03    9.0241169491E-01    3.4956017979E-02    3.3045659346E+02    5.3956725585E-02
    1.7719980000E-03    1.0432994480E+00    1.1332648740E-01    3.3124720721E+02    5.1447445663E-02
    1.7759980000E-03    1.1313796974E+00    9.9528478042E-02    3.3195630923E+02    5.3175322477E-02
    1.7799980000E-03    1.1753022808E+00    5.3262417428E-02    3.3259792288E+02    6.1330311895E-02
    1.7839980000E-03    1.1854650488E+00    1.7366431779E-02    3.3320677579E+02    6.4849655598E-02
    1.7879980000E-03    1.1630865792E+00   -3.4710311291E-02    3.3382680300E+02    5.9892266607E-02
    1.7919980000E-03    1.1052062692E+00   -7.4958820164E-02    3.3449881877E+02    5.7835600633E-02
    1.7959980000E-03    9.8745960512E-01   -5.9529593471E-02    3.3524542703E+02    6.1429303987E-02
    1.7999980000E-03    8.5436100397E-01    8.6285595016E-02    3.3607308516E+02    6.5554494166E-02
    1.8039980000E-03    8.5502823220E-01    3.0069527781E-01    3.3695381868E+02    6.7950228168E-02
    1.8079980000E-03    1.0064231624E+00    4.2053665958E-01    3.3779141637E+02    6.7249864112E-02
    1.8119980000E-03    1.1802209911E+00    3.4487742907E-01    3.3851736912E+02    6.0973044259E-02
    1.8159980000E-03    1.2605034065E+00    1.0215498196E-01    3.3914185561E+02    5.1991069970E-02
    1.8199980000E-03    1.2418771639E+00   -1.9485445250E-01    3.3972941272E+02    5.5660693410E-02
    1.8239980000E-03    1.1206780020E+00   -3.8264528139E-01    3.4039120366E+02    6.6007962056E-02
    1.8279980000E-03    9.4607984875E-01   -3.7675274653E-01    3.4116467085E+02    7.1087667060E-02
    1.8319980000E-03    8.6170113386E-01   -2.0533371632E-01    3.4202550173E+02    6.9960224222E-02
    1.8359980000E-03    9.3644354097E-01   -1.3404843120E-02    3.4287740123E+02    6.5063420567E-02
    1.8399980000E-03    1.0692336329E+00    5.9841009115E-02    3.4366163289E+02    5.7285200215E-02
    1.8439980000E-03    1.1516036035E+00    3.1508691367E-02    3.4436469918E+02    5.3110871892E-02
    1.8479980000E-03    1.1851409645E+00   -2.9110457482E-02    3.4500534003E+02    5.3962723718E-02
    1.8519980000E-03    1.1879257254E+00   -8.5334659507E-02    3.4561317611E+02    5.2502930045E-02
    1.8559980000E-03    1.1544756764E+00   -1.2642886027E-01    3.4623339583E+02    4.4324968940E-02
    1.8599980000E-03    1.0821757546E+00   -1.5872871533E-01    3.4690885884E+02    3.7636441621E-02
    1.8639980000E-03    9.6251351938E-01   -1.2512554096E-01    3.4766451708E+02    3.7163930687E-02
    1.8679980000E-03    8.3601976537E-01    2.7361564054E-02    3.4850128713E+02    3.9188212327E-02
    1.8719980000E-03    8.2622088295E-01    2.4926522184E-01    3.4939265755E+02    4.0774615584E-02
    1.8759980000E-03    9.6386763555E-01    3.9601974845E-01    3.5024756997E+02    4.1186770660E-02
    1.8799980000E-03    1.1433646474E+00    3.6271908896E-01    3.5099258813E+02    3.8708946985E-02
    1.8839980000E-03    1.2434312710E+00    1.6475604182E-01    3.5163429120E+02    3.3359345238E-02
    1.8879980000E-03    1.2437470255E+00   -1.0857131142E-01    3.5222221494E+02    3.3889301962E-02
    1.8919980000E-03    1.1488706763E+00   -3.1661971394E-01    3.5286323275E+02    4.3360011038E-02
    1.8959980000E-03    9.8863880474E-01   -3.5147002669E-01    3.5361223356E+02    5.0157333833E-02
    1.8999980000E-03    8.9048192767E-01   -2.1090926364E-01    3.5445449563E+02    5.0829061969E-02
    1.9039980000E-03    9.3014889439E-01   -1.7493296826E-02    3.5530795034E+02    4.6362307093E-02
    1.9079980000E-03    1.0433626465E+00    9.2786121341E-02    3.5610970992E+02    3.8054080147E-02
    1.9119980000E-03    1.1399090002E+00    7.8365775046E-02    3.5683128671E+02    3.1665003660E-02
    1.9159980000E-03    1.1876550340E+00    6.0608316131E-03    3.5748105195E+02    3.0919317369E-02
    1.9199980000E-03    1.1977604177E+00   -7.3339356953E-02    3.5808866931E+02    3.0506725749E-02
    1.9239980000E-03    1.1679412408E+00   -1.3619773222E-01    3.5870221387E+02    2.4310982407E-02
    1.9279980000E-03    1.0949543602E+00   -1.8237252920E-01    3.5936937775E+02    1.8924631795E-02
    1.9319980000E-03    9.7865899741E-01   -1.5956243197E-01    3.6011852146E+02    1.9177963080E-02
    1.9359980000E-03    8.6055266544E-01   -1.8416965161E-02    3.6094949682E+02    2.2455719617E-02
    1.9399980000E-03    8.3849894775E-01    1.9493276157E-01    3.6183275769E+02    2.4185342231E-02
    1.9439980000E-03    9.5264122716E-01    3.5046527866E-01    3.6269035499E+02    2.4305090141E-02
    1.9479980000E-03    1.1215154656E+00    3.4126081106E-01    3.6344720006E+02    2.2214887075E-02
    1.9519980000E-03    1.2278399214E+00    1.7321928022E-01    3.6409971559E+02    1.8260895184E-02
    1.9559980000E-03    1.2400307664E+00   -6.8617793995E-02    3.6469188755E+02    1.7586147405E-02
    1.9599980000E-03    1.1632900192E+00   -2.7465145547E-01    3.6531977580E+02    2.4301858836E-02
    1.9639980000E-03    1.0126259976E+00   -3.3551141674E-01    3.6604864061E+02    3.0562142932E-02
    1.9679980000E-03    8.9552885192E-01   -2.1952830755E-01    3.6687793895E+02    3.2578132123E-02
    1.9719980000E-03    9.0073323564E-01   -2.2910152563E-02    3.6774059509E+02    3.0086025208E-02
    1.9759980000E-03    9.9920785102E-01    1.2130872054E-01    3.6856543856E+02    2.3871729848E-02
    1.9799980000E-03    1.1098414974E+00    1.3872466691E-01    3.6931351615E+02    1.8043163342E-02
    1.9839980000E-03    1.1778628324E+00    7.2280577390E-02    3.6998102135E+02    1.7492957690E-02
    1.9879980000E-03    1.2025103789E+00   -1.4543295732E-02    3.7059458703E+02    1.9471162167E-02
    1.9919980000E-03    1.1835801396E+00   -9.6025643499E-02    3.7120155604E+02    1.6373463223E-02
    1.9959980000E-03    1.1204709863E+00   -1.6320591690E-01    3.7185569389E+02    1.2999635173E-02
    1.9999980000E-03    1.0120108392E+00   -1.6567155159E-01    3.7258766092E+02    1.5084381826E-02
