 sig=    1.000000000000000      inputfile=
 /home/rjrj524/Finished/vmec_gc_tracer/revised_251128/nc/wout_pwO_nfp2_A6.nc                                                                                                                             
 dt=   2.0000000000000001E-009
 steps=      1000000
 x0=   5.9999999999999998E-002    0.000000000000000      
    6.410000000000000     
 u=    43000.00000000000     
 v_perp=    18100.00000000000     
 
time(s)         x0(1)       x0(2)        x0(3)      r
    3.9980000000E-06    1.1799109462E+00   -7.4722901986E-02    6.5403416201E+00    5.9762330493E-02
    7.9980000000E-06    1.1728568795E+00   -8.6725662895E-02    6.6716250244E+00    5.9465442510E-02
    1.1998000000E-05    1.1638279410E+00   -9.9271668260E-02    6.8042005412E+00    5.9095192981E-02
    1.5998000000E-05    1.1529358445E+00   -1.1211632246E-01    6.9385853755E+00    5.8681750630E-02
    1.9998000000E-05    1.1401142228E+00   -1.2482349620E-01    7.0752653848E+00    5.8258571358E-02
    2.3998000000E-05    1.1251540932E+00   -1.3683193060E-01    7.2146199054E+00    5.7868400880E-02
    2.7998000000E-05    1.1077830154E+00   -1.4753610673E-01    7.3569496672E+00    5.7543847898E-02
    3.1998000000E-05    1.0877385804E+00   -1.5628292477E-01    7.5025103975E+00    5.7284679117E-02
    3.5998000000E-05    1.0648080527E+00   -1.6235424602E-01    7.6515035781E+00    5.7078730551E-02
    3.9998000000E-05    1.0388548758E+00   -1.6496664267E-01    7.8040887877E+00    5.6913489049E-02
    4.3998000000E-05    1.0098406996E+00   -1.6330193471E-01    7.9603768799E+00    5.6776821341E-02
    4.7998000000E-05    9.7792158629E-01   -1.5650451388E-01    8.1203897750E+00    5.6663380943E-02
    5.1998000000E-05    9.4362028828E-01   -1.4372794764E-01    8.2840478467E+00    5.6572771841E-02
    5.5998000000E-05    9.0798586407E-01   -1.2427213076E-01    8.4512520667E+00    5.6501199530E-02
    5.9998000000E-05    8.7257374967E-01   -9.7791966611E-02    8.6219876180E+00    5.6439901021E-02
    6.3998000000E-05    8.3918497708E-01   -6.4460844112E-02    8.7963133331E+00    5.6381877770E-02
    6.7998000000E-05    8.0953725669E-01   -2.4971415803E-02    8.9742412638E+00    5.6325548670E-02
    7.1998000000E-05    7.8510508284E-01    1.9609257806E-02    9.1556408790E+00    5.6268867343E-02
    7.5998000000E-05    7.6715429738E-01    6.8003834761E-02    9.3401923673E+00    5.6207276108E-02
    7.9998000000E-05    7.5678667087E-01    1.1880786269E-01    9.5273029340E+00    5.6143920582E-02
    8.3998000000E-05    7.5483697405E-01    1.7049973650E-01    9.7160317265E+00    5.6092447445E-02
    8.7998000000E-05    7.6168438207E-01    2.2146520875E-01    9.9051520475E+00    5.6063812508E-02
    9.1998000000E-05    7.7717132033E-01    2.7007716996E-01    1.0093308752E+01    5.6058932402E-02
    9.5998000000E-05    8.0065922280E-01    3.1477741608E-01    1.0279156181E+01    5.6073299535E-02
    9.9998000000E-05    8.3113791386E-01    3.5413056473E-01    1.0461493363E+01    5.6100028901E-02
    1.0399800000E-04    8.6736973037E-01    3.8686370716E-01    1.0639400637E+01    5.6129330588E-02
    1.0799800000E-04    9.0801276598E-01    4.1188741843E-01    1.0812290481E+01    5.6150893920E-02
    1.1199800000E-04    9.5166504425E-01    4.2828765638E-01    1.0979865419E+01    5.6155899315E-02
    1.1599800000E-04    9.9684126491E-01    4.3532096606E-01    1.1142053434E+01    5.6133657574E-02
    1.1999800000E-04    1.0419426026E+00    4.3249010965E-01    1.1298941364E+01    5.6069010838E-02
    1.2399800000E-04    1.0853359359E+00    4.1968690252E-01    1.1450696109E+01    5.5947749038E-02
    1.2799800000E-04    1.1255554538E+00    3.9725983592E-01    1.1597519153E+01    5.5765842565E-02
    1.3199800000E-04    1.1614797302E+00    3.6589041621E-01    1.1739669193E+01    5.5528330279E-02
    1.3599800000E-04    1.1923713986E+00    3.2633597658E-01    1.1877471850E+01    5.5240445499E-02
    1.3999800000E-04    1.2178037480E+00    2.7928867734E-01    1.2011285174E+01    5.4908498108E-02
    1.4399800000E-04    1.2376083875E+00    2.2539500538E-01    1.2141475639E+01    5.4545427005E-02
    1.4799800000E-04    1.2518690378E+00    1.6538516575E-01    1.2268437831E+01    5.4176157428E-02
    1.5199800000E-04    1.2609002540E+00    1.0031593724E-01    1.2392692950E+01    5.3854078544E-02
    1.5599800000E-04    1.2651300622E+00    3.1839883269E-02    1.2515076855E+01    5.3664259465E-02
    1.5999800000E-04    1.2648668566E+00   -3.7768083337E-02    1.2636828345E+01    5.3676476621E-02
    1.6399800000E-04    1.2600922654E+00   -1.0598895576E-01    1.2759363113E+01    5.3886737369E-02
    1.6799800000E-04    1.2504755713E+00   -1.7059749440E-01    1.2883885781E+01    5.4220971782E-02
    1.7199800000E-04    1.2355947599E+00   -2.3000672914E-01    1.3011194525E+01    5.4596102172E-02
    1.7599800000E-04    1.2151612840E+00   -2.8320154399E-01    1.3141792563E+01    5.4962319709E-02
    1.7999800000E-04    1.1891238683E+00   -3.2946408743E-01    1.3276070690E+01    5.5296258521E-02
    1.8399800000E-04    1.1576840899E+00   -3.6814303551E-01    1.3414394858E+01    5.5585550157E-02
    1.8799800000E-04    1.1213064697E+00   -3.9853374696E-01    1.3557120835E+01    5.5824043585E-02
    1.9199800000E-04    1.0807758665E+00   -4.1987667923E-01    1.3704565734E+01    5.6006079285E-02
    1.9599800000E-04    1.0372626511E+00   -4.3152069950E-01    1.3856975778E+01    5.6126969279E-02
    1.9999800000E-04    9.9226325308E-01   -4.3317693578E-01    1.4014541071E+01    5.6191892193E-02
    2.0399800000E-04    9.4741750735E-01   -4.2501285183E-01    1.4177414173E+01    5.6215345949E-02
    2.0799800000E-04    9.0431372519E-01   -4.0757075494E-01    1.4345656348E+01    5.6211776150E-02
    2.1199800000E-04    8.6442763731E-01   -3.8162481119E-01    1.4519159907E+01    5.6191295612E-02
    2.1599800000E-04    8.2915695264E-01   -3.4811664998E-01    1.4697582815E+01    5.6162754830E-02
    2.1999800000E-04    7.9983180903E-01   -3.0816607668E-01    1.4880284685E+01    5.6136445851E-02
    2.2399800000E-04    7.7765526177E-01   -2.6307528138E-01    1.5066297125E+01    5.6121762554E-02
    2.2799800000E-04    7.6358196051E-01   -2.1430215273E-01    1.5254394274E+01    5.6125426026E-02
    2.3199800000E-04    7.5818404854E-01   -1.6342040520E-01    1.5443232026E+01    5.6151684323E-02
    2.3599800000E-04    7.6154542270E-01   -1.1206465176E-01    1.5631476124E+01    5.6198134930E-02
    2.3999800000E-04    7.7322118003E-01   -6.1847448516E-02    1.5817942278E+01    5.6252511461E-02
    2.4399800000E-04    7.9233939918E-01   -1.4287393646E-02    1.6001746845E+01    5.6302765563E-02
    2.4799800000E-04    8.1778024792E-01    2.9209214438E-02    1.6182345809E+01    5.6348348915E-02
    2.5199800000E-04    8.4824811088E-01    6.7367528178E-02    1.6359449788E+01    5.6394032125E-02
    2.5599800000E-04    8.8220916915E-01    9.9148182160E-02    1.6532949013E+01    5.6441018992E-02
    2.5999800000E-04    9.1787717520E-01    1.2392926585E-01    1.6702865910E+01    5.6491194992E-02
    2.6399800000E-04    9.5342009867E-01    1.4164761566E-01    1.6869250758E+01    5.6552119307E-02
    2.6799800000E-04    9.8731561334E-01    1.5276811731E-01    1.7032072646E+01    5.6632192674E-02
    2.7199800000E-04    1.0185947923E+00    1.5808325347E-01    1.7191232325E+01    5.6734722694E-02
    2.7599800000E-04    1.0468258303E+00    1.5848528227E-01    1.7346670256E+01    5.6860586340E-02
    2.7999800000E-04    1.0719304489E+00    1.5483245863E-01    1.7498433978E+01    5.7016308706E-02
    2.8399800000E-04    1.0940071282E+00    1.4791105828E-01    1.7646651684E+01    5.7215162347E-02
    2.8799800000E-04    1.1132309560E+00    1.3845778768E-01    1.7791492392E+01    5.7469764616E-02
    2.9199800000E-04    1.1298328154E+00    1.2714343622E-01    1.7933162072E+01    5.7790633072E-02
    2.9599800000E-04    1.1440755261E+00    1.1458937043E-01    1.8071920004E+01    5.8175916682E-02
    2.9999800000E-04    1.1562239344E+00    1.0138570661E-01    1.8208071323E+01    5.8592134666E-02
    3.0399800000E-04    1.1664800062E+00    8.8090544705E-02    1.8342000417E+01    5.8995484923E-02
    3.0799800000E-04    1.1749063184E+00    7.5148409579E-02    1.8474197294E+01    5.9349364062E-02
    3.1199800000E-04    1.1813885620E+00    6.2819778155E-02    1.8605182200E+01    5.9619018794E-02
    3.1599800000E-04    1.1857144882E+00    5.1029575227E-02    1.8735374497E+01    5.9818904228E-02
    3.1999800000E-04    1.1877535003E+00    3.9240774036E-02    1.8865083066E+01    5.9980636405E-02
    3.2399800000E-04    1.1875798351E+00    2.6715678408E-02    1.8994596668E+01    6.0072774538E-02
    3.2799800000E-04    1.1854339588E+00    1.2933704291E-02    1.9124221284E+01    6.0032656896E-02
    3.3199800000E-04    1.1815564894E+00   -2.0823291549E-03    1.9254382094E+01    5.9867956098E-02
    3.3599800000E-04    1.1760474976E+00   -1.7940535688E-02    1.9385608620E+01    5.9636386486E-02
    3.3999800000E-04    1.1688450776E+00   -3.4120096089E-02    1.9518408476E+01    5.9372068446E-02
    3.4399800000E-04    1.1597931818E+00   -5.0037158620E-02    1.9653203177E+01    5.9106489197E-02
    3.4799800000E-04    1.1487070933E+00   -6.5139027385E-02    1.9790337708E+01    5.8870027657E-02
    3.5199800000E-04    1.1353883526E+00   -7.8945391402E-02    1.9930105799E+01    5.8678275931E-02
    3.5599800000E-04    1.1195970131E+00   -9.1051914272E-02    2.0072746672E+01    5.8538077793E-02
    3.5999800000E-04    1.1010245572E+00   -1.0109262148E-01    2.0218466326E+01    5.8446853121E-02
    3.6399800000E-04    1.0793038940E+00   -1.0863801418E-01    2.0367476011E+01    5.8394789140E-02
    3.6799800000E-04    1.0540785020E+00   -1.1306703448E-01    2.0519986329E+01    5.8372637157E-02
    3.7199800000E-04    1.0251537735E+00   -1.1346962444E-01    2.0676152664E+01    5.8373862517E-02
    3.7599800000E-04    9.9271858142E-01   -1.0866755451E-01    2.0836022111E+01    5.8394623011E-02
    3.7999800000E-04    9.5758314950E-01   -9.7416172141E-02    2.0999545731E+01    5.8428942967E-02
    3.8399800000E-04    9.2129012812E-01   -7.8766794736E-02    2.1166660929E+01    5.8465064238E-02
    3.8799800000E-04    8.8591146976E-01   -5.2429894605E-02    2.1337354744E+01    5.8494121882E-02
    3.9199800000E-04    8.5357862207E-01   -1.8897695834E-02    2.1511616898E+01    5.8518114702E-02
    3.9599800000E-04    8.2609279462E-01    2.0735545007E-02    2.1689341378E+01    5.8542492814E-02
    3.9999800000E-04    8.0485467170E-01    6.5059996307E-02    2.1870268866E+01    5.8564845107E-02
    4.0399800000E-04    7.9097516055E-01    1.1253629628E-01    2.2053920960E+01    5.8579169537E-02
    4.0799800000E-04    7.8528912883E-01    1.6154978057E-01    2.2239512130E+01    5.8589126384E-02
    4.1199800000E-04    7.8823449641E-01    2.1043176465E-01    2.2425963067E+01    5.8605461990E-02
    4.1599800000E-04    7.9977315843E-01    2.5751389761E-01    2.2612031660E+01    5.8632374527E-02
    4.1999800000E-04    8.1942496908E-01    3.0118996896E-01    2.2796438488E+01    5.8665291264E-02
    4.2399800000E-04    8.4634362061E-01    3.3996004585E-01    2.2977971591E+01    5.8696634761E-02
    4.2799800000E-04    8.7940711391E-01    3.7247026190E-01    2.3155616323E+01    5.8717661386E-02
    4.3199800000E-04    9.1731529087E-01    3.9754330678E-01    2.3328649804E+01    5.8719011592E-02
    4.3599800000E-04    9.5865555298E-01    4.1417812347E-01    2.3496644242E+01    5.8691897792E-02
    4.3999800000E-04    1.0019112120E+00    4.2154914933E-01    2.3659417252E+01    5.8626519329E-02
    4.4399800000E-04    1.0454580823E+00    4.1907805729E-01    2.3816963282E+01    5.8510032392E-02
    4.4799800000E-04    1.0876532335E+00    4.0656507973E-01    2.3969370982E+01    5.8330566507E-02
    4.5199800000E-04    1.1270088591E+00    3.8427740144E-01    2.4116782038E+01    5.8085954330E-02
    4.5599800000E-04    1.1623619308E+00    3.5283859611E-01    2.4259412592E+01    5.7783339427E-02
    4.5999800000E-04    1.1929128629E+00    3.1299911795E-01    2.4397566482E+01    5.7430562753E-02
    4.6399800000E-04    1.2181761550E+00    2.6547811041E-01    2.4531595793E+01    5.7036941751E-02
    4.6799800000E-04    1.2379408355E+00    2.1094803044E-01    2.4661866726E+01    5.6618675687E-02
    4.7199800000E-04    1.2522555274E+00    1.5021686920E-01    2.4788796317E+01    5.6204821201E-02
    4.7599800000E-04    1.2614145832E+00    8.4436033613E-02    2.4912947267E+01    5.5854304279E-02
    4.7999800000E-04    1.2658290208E+00    1.5371414075E-02    2.5035219861E+01    5.5654382293E-02
    4.8399800000E-04    1.2657800934E+00   -5.4615672430E-02    2.5156906333E+01    5.5666132410E-02
    4.8799800000E-04    1.2612076893E+00   -1.2299613692E-01    2.5279420840E+01    5.5870732804E-02
    4.9199800000E-04    1.2517346575E+00   -1.8759474012E-01    2.5403919404E+01    5.6185536336E-02
    4.9599800000E-04    1.2368980981E+00   -2.4690006110E-01    2.5531142014E+01    5.6527639449E-02
    4.9999800000E-04    1.2163735473E+00   -2.9997763114E-01    2.5661548007E+01    5.6850833173E-02
    5.0399800000E-04    1.1900776677E+00   -3.4616122893E-01    2.5795508330E+01    5.7135053107E-02
    5.0799800000E-04    1.1581734612E+00   -3.8484849577E-01    2.5933378624E+01    5.7370537744E-02
    5.1199800000E-04    1.1210708326E+00   -4.1538032065E-01    2.6075513888E+01    5.7553317055E-02
    5.1599800000E-04    1.0794993211E+00   -4.3700237062E-01    2.6222248761E+01    5.7679516972E-02
    5.1999800000E-04    1.0345828041E+00   -4.4903595647E-01    2.6373861602E+01    5.7745985061E-02
    5.2399800000E-04    9.8781057273E-01   -4.5111122016E-01    2.6530602290E+01    5.7760196585E-02
    5.2799800000E-04    9.4082802389E-01   -4.4330610697E-01    2.6692704446E+01    5.7739972723E-02
    5.3199800000E-04    8.9521670045E-01   -4.2607904464E-01    2.6860328134E+01    5.7702748502E-02
    5.3599800000E-04    8.5243229935E-01   -4.0012525472E-01    2.7033480463E+01    5.7660040396E-02
    5.3999800000E-04    8.1385935230E-01   -3.6630937014E-01    2.7211953942E+01    5.7621361367E-02
    5.4399800000E-04    7.8085217459E-01   -3.2567630755E-01    2.7395254565E+01    5.7598348648E-02
    5.4799800000E-04    7.5471761450E-01   -2.7945874754E-01    2.7582528799E+01    5.7601495905E-02
    5.5199800000E-04    7.3659513743E-01   -2.2906065124E-01    2.7772577631E+01    5.7636419566E-02
    5.5599800000E-04    7.2724873722E-01   -1.7602036344E-01    2.7963984242E+01    5.7705542035E-02
    5.5999800000E-04    7.2688206333E-01   -1.2194325410E-01    2.8155279161E+01    5.7809702330E-02
    5.6399800000E-04    7.3509598128E-01   -6.8400868392E-02    2.8345118211E+01    5.7943073394E-02
    5.6799800000E-04    7.5099215008E-01   -1.6836916875E-02    2.8532460017E+01    5.8090788204E-02
    5.7199800000E-04    7.7340422229E-01    3.1459405091E-02    2.8716648903E+01    5.8242208427E-02
    5.7599800000E-04    8.0107235655E-01    7.5340459647E-02    2.8897346329E+01    5.8399083407E-02
    5.7999800000E-04    8.3267246516E-01    1.1382938482E-01    2.9074425128E+01    5.8566078311E-02
    5.8399800000E-04    8.6679914845E-01    1.4619782868E-01    2.9247902109E+01    5.8745466775E-02
    5.8799800000E-04    9.0202654104E-01    1.7203771130E-01    2.9417842999E+01    5.8941669933E-02
    5.9199800000E-04    9.3707622958E-01    1.9127092282E-01    2.9584236693E+01    5.9160360964E-02
    5.9599800000E-04    9.7092932597E-01    2.0413371980E-01    2.9746974646E+01    5.9403407310E-02
    5.9999800000E-04    1.0028321556E+00    2.1115086072E-01    2.9905946774E+01    5.9669977554E-02
    6.0399800000E-04    1.0322445882E+00    2.1310974635E-01    3.0061120447E+01    5.9957770229E-02
    6.0799800000E-04    1.0588248984E+00    2.1100631168E-01    3.0212549320E+01    6.0265838427E-02
    6.1199800000E-04    1.0824724288E+00    2.0589148581E-01    3.0360368479E+01    6.0607411837E-02
    6.1599800000E-04    1.1033155630E+00    1.9872514528E-01    3.0504795078E+01    6.0997810083E-02
    6.1999800000E-04    1.1216118188E+00    1.9033934281E-01    3.0646103444E+01    6.1421133386E-02
    6.2399800000E-04    1.1376111695E+00    1.8141675808E-01    3.0784631428E+01    6.1855570133E-02
    6.2799800000E-04    1.1514370751E+00    1.7241480190E-01    3.0920823237E+01    6.2299517927E-02
    6.3199800000E-04    1.1630436516E+00    1.6351032812E-01    3.1055167891E+01    6.2746925436E-02
    6.3599800000E-04    1.1723238897E+00    1.5451939137E-01    3.1188057354E+01    6.3186975676E-02
    6.3999800000E-04    1.1793241145E+00    1.4479987744E-01    3.1319762624E+01    6.3589781662E-02
    6.4399800000E-04    1.1843213314E+00    1.3349317596E-01    3.1450513092E+01    6.3921363813E-02
    6.4799800000E-04    1.1876601889E+00    1.2012214703E-01    3.1580588773E+01    6.4167697843E-02
    6.5199800000E-04    1.1895196215E+00    1.0485584873E-01    3.1710403440E+01    6.4359060628E-02
    6.5599800000E-04    1.1898542056E+00    8.8143474421E-02    3.1840442126E+01    6.4512206132E-02
    6.5999800000E-04    1.1884992249E+00    7.0500570521E-02    3.1971164288E+01    6.4611250151E-02
    6.6399800000E-04    1.1853027944E+00    5.2506109198E-02    3.2102972631E+01    6.4657521968E-02
    6.6799800000E-04    1.1801828522E+00    3.4741639635E-02    3.2236236797E+01    6.4667289672E-02
    6.7199800000E-04    1.1730886449E+00    1.7690494482E-02    3.2371301724E+01    6.4661220862E-02
    6.7599800000E-04    1.1639192771E+00    1.6523032274E-03    3.2508463581E+01    6.4661289168E-02
    6.7999800000E-04    1.1524552830E+00   -1.3262856408E-02    3.2647967805E+01    6.4685133537E-02
    6.8399800000E-04    1.1383402462E+00   -2.7006178376E-02    3.2790048496E+01    6.4747810978E-02
    6.8799800000E-04    1.1211287476E+00   -3.9374184673E-02    3.2934973687E+01    6.4855649252E-02
    6.9199800000E-04    1.1003956301E+00   -4.9793776391E-02    3.3083051359E+01    6.5001629572E-02
    6.9599800000E-04    1.0758456116E+00   -5.7263926956E-02    3.3234584465E+01    6.5176686311E-02
    6.9999800000E-04    1.0473793551E+00   -6.0493159566E-02    3.3389803722E+01    6.5374848117E-02
    7.0399800000E-04    1.0152263100E+00   -5.8056563656E-02    3.3548799580E+01    6.5588461604E-02
    7.0799800000E-04    9.8024488256E-01   -4.8565363892E-02    3.3711496069E+01    6.5800660044E-02
    7.1199800000E-04    9.4420834996E-01   -3.1024515434E-02    3.3877740136E+01    6.5986182126E-02
    7.1599800000E-04    9.0956880607E-01   -5.3125349287E-03    3.4047419164E+01    6.6133986971E-02
    7.1999800000E-04    8.7873371971E-01    2.7715292883E-02    3.4220446445E+01    6.6257619285E-02
    7.2399800000E-04    8.5356427793E-01    6.6591104137E-02    3.4396660776E+01    6.6372692609E-02
    7.2799800000E-04    8.3536103806E-01    1.0962285181E-01    3.4575731935E+01    6.6479203926E-02
    7.3199800000E-04    8.2502686189E-01    1.5507071025E-01    3.4757071473E+01    6.6571453221E-02
    7.3599800000E-04    8.2309911593E-01    2.0118592087E-01    3.4939799447E+01    6.6651735829E-02
    7.3999800000E-04    8.2969807872E-01    2.4623694266E-01    3.5122823702E+01    6.6724430584E-02
    7.4399800000E-04    8.4452620842E-01    2.8854860473E-01    3.5304954471E+01    6.6786627361E-02
    7.4799800000E-04    8.6692499417E-01    3.2653627515E-01    3.5484996218E+01    6.6830953330E-02
    7.5199800000E-04    8.9593434194E-01    3.5873974573E-01    3.5661858680E+01    6.6849696795E-02
    7.5599800000E-04    9.3034923980E-01    3.8385636465E-01    3.5834674472E+01    6.6834154357E-02
    7.5999800000E-04    9.6877513774E-01    4.0075418522E-01    3.6002854318E+01    6.6774557893E-02
    7.6399800000E-04    1.0096606012E+00    4.0848664192E-01    3.6166072231E+01    6.6660788924E-02
    7.6799800000E-04    1.0513313395E+00    4.0636697875E-01    3.6324205136E+01    6.6481500894E-02
    7.7199800000E-04    1.0920988280E+00    3.9409485142E-01    3.6477246271E+01    6.6226660726E-02
    7.7599800000E-04    1.1304446691E+00    3.7181854050E-01    3.6625252148E+01    6.5896391391E-02
    7.7999800000E-04    1.1651521105E+00    3.4006428990E-01    3.6768371976E+01    6.5501739238E-02
    7.8399800000E-04    1.1953448340E+00    2.9952752455E-01    3.6906864455E+01    6.5055320584E-02
    7.8799800000E-04    1.2204542420E+00    2.5091682646E-01    3.7041056909E+01    6.4571173634E-02
    7.9199800000E-04    1.2401949289E+00    1.9496657269E-01    3.7171317186E+01    6.4070379612E-02
    7.9599800000E-04    1.2545752201E+00    1.3259088902E-01    3.7298082072E+01    6.3588552118E-02
    7.9999800000E-04    1.2638838194E+00    6.5101928186E-02    3.7421966583E+01    6.3194457045E-02
    8.0399800000E-04    1.2685393875E+00   -5.5365988038E-03    3.7543959139E+01    6.2980114122E-02
    8.0799800000E-04    1.2688053717E+00   -7.6813279940E-02    3.7665423453E+01    6.2994855059E-02
    8.1199800000E-04    1.2645595702E+00   -1.4615292633E-01    3.7787775910E+01    6.3200487275E-02
    8.1599800000E-04    1.2553376305E+00   -2.1142610477E-01    3.7912112113E+01    6.3502217961E-02
    8.1999800000E-04    1.2405934779E+00   -2.7121051313E-01    3.8039094004E+01    6.3814616935E-02
    8.2399800000E-04    1.2199423335E+00   -3.2463958499E-01    3.8169129377E+01    6.4094592690E-02
    8.2799800000E-04    1.1932554247E+00   -3.7112066164E-01    3.8302554069E+01    6.4325857791E-02
    8.3199800000E-04    1.1606523328E+00   -4.1011270272E-01    3.8439703700E+01    6.4500968024E-02
    8.3599800000E-04    1.1224902976E+00   -4.4100733698E-01    3.8580927938E+01    6.4617534973E-02
    8.3999800000E-04    1.0794262087E+00   -4.6310296352E-01    3.8726566286E+01    6.4673267992E-02
    8.4399800000E-04    1.0325299746E+00   -4.7571516908E-01    3.8876929076E+01    6.4667610972E-02
    8.4799800000E-04    9.8328461765E-01   -4.7839869463E-01    3.9032333680E+01    6.4612502981E-02
    8.5199800000E-04    9.3336253854E-01   -4.7111284555E-01    3.9193115415E+01    6.4531357846E-02
    8.5599800000E-04    8.8436215804E-01   -4.5419496146E-01    3.9359561826E+01    6.4446077976E-02
    8.5999800000E-04    8.3772523081E-01   -4.2823459261E-01    3.9531827646E+01    6.4369869760E-02
    8.6399800000E-04    7.9480007503E-01   -3.9400324048E-01    3.9709878278E+01    6.4312362285E-02
    8.6799800000E-04    7.5693950505E-01   -3.5245291432E-01    3.9893430339E+01    6.4286313455E-02
    8.7199800000E-04    7.2555052615E-01   -3.0473527558E-01    4.0081838022E+01    6.4304165494E-02
    8.7599800000E-04    7.0199338932E-01   -2.5220714995E-01    4.0274013525E+01    6.4371805053E-02
    8.7999800000E-04    6.8730268849E-01   -1.9638806786E-01    4.0468491568E+01    6.4488119047E-02
    8.8399800000E-04    6.8189617096E-01   -1.3886293745E-01    4.0663611324E+01    6.4652611220E-02
    8.8799800000E-04    6.8546351887E-01   -8.1161718269E-02    4.0857774976E+01    6.4871349713E-02
    8.9199800000E-04    6.9708511018E-01   -2.4657239399E-02    4.1049702638E+01    6.5141621649E-02
    8.9599800000E-04    7.1548075000E-01    2.9477815511E-02    4.1238564332E+01    6.5445472433E-02
    8.9999800000E-04    7.3932645132E-01    8.0233513521E-02    4.1423940182E+01    6.5773752826E-02
    9.0399800000E-04    7.6741739541E-01    1.2672765383E-01    4.1605673619E+01    6.6135968316E-02
    9.0799800000E-04    7.9874596738E-01    1.6818674324E-01    4.1783727743E+01    6.6539632505E-02
    9.1199800000E-04    8.3249197619E-01    2.0393132348E-01    4.1958072156E+01    6.6973253841E-02
    9.1599800000E-04    8.6790951307E-01    2.3339290527E-01    4.2128636699E+01    6.7418965400E-02
    9.1999800000E-04    9.0414923634E-01    2.5621822519E-01    4.2295360402E+01    6.7874175968E-02
    9.2399800000E-04    9.4015280641E-01    2.7246054145E-01    4.2458230508E+01    6.8339097769E-02
    9.2799800000E-04    9.7480721676E-01    2.8266675192E-01    4.2617237114E+01    6.8801459451E-02
    9.3199800000E-04    1.0072039112E+00    2.8781306720E-01    4.2772395811E+01    6.9260846912E-02
    9.3599800000E-04    1.0368359901E+00    2.8909487933E-01    4.2923818488E+01    6.9726920867E-02
    9.3999800000E-04    1.0635630088E+00    2.8775646951E-01    4.3071721182E+01    7.0187936305E-02
    9.4399800000E-04    1.0874564752E+00    2.8489854432E-01    4.3216398071E+01    7.0637874484E-02
    9.4799800000E-04    1.1086434749E+00    2.8125535482E-01    4.3358247583E+01    7.1093809271E-02
    9.5199800000E-04    1.1272209721E+00    2.7709453019E-01    4.3497719480E+01    7.1562177503E-02
    9.5599800000E-04    1.1433697033E+00    2.7213679173E-01    4.3635131729E+01    7.2021998673E-02
    9.5999800001E-04    1.1575201874E+00    2.6561489925E-01    4.3770654832E+01    7.2489521777E-02
    9.6399800001E-04    1.1702166449E+00    2.5674961391E-01    4.3904487669E+01    7.3002117356E-02
    9.6799800001E-04    1.1816753114E+00    2.4533569991E-01    4.4036966654E+01    7.3529589302E-02
    9.7199800001E-04    1.1916072806E+00    2.3159003556E-01    4.4168498210E+01    7.4048118964E-02
    9.7599800001E-04    1.1995245445E+00    2.1577447267E-01    4.4299456053E+01    7.4530947975E-02
    9.7999800001E-04    1.2050775520E+00    1.9821083899E-01    4.4430146985E+01    7.4962464315E-02
    9.8399800001E-04    1.2081726751E+00    1.7930531147E-01    4.4560847024E+01    7.5339690771E-02
    9.8799800001E-04    1.2089058473E+00    1.5948145729E-01    4.4691863954E+01    7.5661944313E-02
    9.9199800001E-04    1.2074331321E+00    1.3908211136E-01    4.4823548666E+01    7.5935232825E-02
    9.9599800001E-04    1.2038572398E+00    1.1827930485E-01    4.4956260280E+01    7.6173063983E-02
    9.9999800001E-04    1.1981543523E+00    9.7115941304E-02    4.5090338575E+01    7.6402493110E-02
    1.0039980000E-03    1.1901544323E+00    7.5723373298E-02    4.5226122750E+01    7.6651824684E-02
    1.0079980000E-03    1.1795894280E+00    5.4587304621E-02    4.5363977765E+01    7.6928738817E-02
    1.0119980000E-03    1.1662221249E+00    3.4668185554E-02    4.5504272227E+01    7.7235628231E-02
    1.0159980000E-03    1.1499612647E+00    1.7216958869E-02    4.5647355951E+01    7.7582106865E-02
    1.0199980000E-03    1.1308733362E+00    3.4721109669E-03    4.5793563378E+01    7.7969591903E-02
    1.0239980000E-03    1.1091050085E+00   -5.5246288647E-03    4.5943183999E+01    7.8385460278E-02
    1.0279980000E-03    1.0847659050E+00   -8.9883452593E-03    4.6096397142E+01    7.8814988545E-02
    1.0319980000E-03    1.0578417994E+00   -6.3748860946E-03    4.6253207138E+01    7.9252852240E-02
    1.0359980000E-03    1.0283652306E+00    2.7673343379E-03    4.6413414026E+01    7.9698850215E-02
    1.0399980000E-03    9.9709306623E-01    1.8975609232E-02    4.6576688796E+01    8.0139851664E-02
    1.0439980000E-03    9.6607554229E-01    4.2499077835E-02    4.6742766750E+01    8.0546164836E-02
    1.0479980000E-03    9.3800103483E-01    7.2664196261E-02    4.6911540917E+01    8.0893988097E-02
    1.0519980000E-03    9.1506887178E-01    1.0803067164E-01    4.7082928278E+01    8.1184139875E-02
    1.0559980000E-03    8.9868886520E-01    1.4690339540E-01    4.7256694310E+01    8.1428538452E-02
    1.0599980000E-03    8.8972100096E-01    1.8756044557E-01    4.7432356426E+01    8.1632945778E-02
    1.0639980000E-03    8.8863584485E-01    2.2827791939E-01    4.7609168397E+01    8.1797380861E-02
    1.0679980000E-03    8.9553275820E-01    2.6733689582E-01    4.7786172780E+01    8.1919582559E-02
    1.0719980000E-03    9.1012090171E-01    3.0306398061E-01    4.7962288420E+01    8.1996150095E-02
    1.0759980000E-03    9.3177315484E-01    3.3386351138E-01    4.8136420339E+01    8.2022813768E-02
    1.0799980000E-03    9.5956533690E-01    3.5823189380E-01    4.8307573119E+01    8.1991904128E-02
    1.0839980000E-03    9.9227083991E-01    3.7478775506E-01    4.8474941797E+01    8.1891543784E-02
    1.0879980000E-03    1.0283699879E+00    3.8234479746E-01    4.8637958918E+01    8.1709397579E-02
    1.0919980000E-03    1.0661357341E+00    3.8002451212E-01    4.8796280751E+01    8.1434725804E-02
    1.0959980000E-03    1.1038091985E+00    3.6736523320E-01    4.8949713945E+01    8.1060038338E-02
    1.0999980000E-03    1.1397994918E+00    3.4435666175E-01    4.9098157514E+01    8.0590119736E-02
    1.1039980000E-03    1.1728064367E+00    3.1134942481E-01    4.9241624091E+01    8.0044599764E-02
    1.1079980000E-03    1.2018333017E+00    2.6890339620E-01    4.9380268292E+01    7.9447068984E-02
    1.1119980000E-03    1.2261675445E+00    2.1769887794E-01    4.9514360854E+01    7.8822170047E-02
    1.1159980000E-03    1.2453973759E+00    1.5861548786E-01    4.9644273300E+01    7.8201524641E-02
    1.1199980000E-03    1.2594734612E+00    9.2877735271E-02    4.9770507500E+01    7.7635080808E-02
    1.1239980000E-03    1.2686949357E+00    2.2245596504E-02    4.9893823684E+01    7.7207668633E-02
    1.1279980000E-03    1.2734883386E+00   -5.0845503365E-02    5.0015402350E+01    7.7005500720E-02
    1.1319980000E-03    1.2740423897E+00   -1.2361896880E-01    5.0136704132E+01    7.7040089552E-02
    1.1359980000E-03    1.2700815625E+00   -1.9355420529E-01    5.0259064490E+01    7.7235172360E-02
    1.1399980000E-03    1.2609778327E+00   -2.5876736875E-01    5.0383403280E+01    7.7481509015E-02
    1.1439980000E-03    1.2460595253E+00   -3.1809501340E-01    5.0510224885E+01    7.7698644401E-02
    1.1479980000E-03    1.2248550328E+00   -3.7088548347E-01    5.0639831734E+01    7.7853800229E-02
    1.1519980000E-03    1.1971685360E+00   -4.1669684432E-01    5.0772494964E+01    7.7936882303E-02
    1.1559980000E-03    1.1630532353E+00   -4.5509505381E-01    5.0908502844E+01    7.7943033307E-02
    1.1599980000E-03    1.1227898729E+00   -4.8556635637E-01    5.1048169630E+01    7.7870948546E-02
    1.1639980000E-03    1.0769602037E+00   -5.0750481331E-01    5.1191819949E+01    7.7721601894E-02
    1.1679980000E-03    1.0265991129E+00   -5.2027491163E-01    5.1339804796E+01    7.7504395671E-02
    1.1719980000E-03    9.7320349128E-01   -5.2336350239E-01    5.1492552501E+01    7.7245408855E-02
    1.1759980000E-03    9.1847082583E-01   -5.1652985713E-01    5.1650549129E+01    7.6979930438E-02
    1.1799980000E-03    8.6399341168E-01   -4.9985386321E-01    5.1814254667E+01    7.6737227807E-02
    1.1839980000E-03    8.1116819976E-01   -4.7368354894E-01    5.1984035521E+01    7.6533025183E-02
    1.1879980000E-03    7.6127259823E-01   -4.3857979267E-01    5.2160134625E+01    7.6375188806E-02
    1.1919980000E-03    7.1559631133E-01   -3.9530075612E-01    5.2342648404E+01    7.6274439204E-02
    1.1959980000E-03    6.7556941105E-01   -3.4483514007E-01    5.2531405196E+01    7.6243720609E-02
    1.1999980000E-03    6.4275611784E-01   -2.8847129143E-01    5.2725780618E+01    7.6294359868E-02
    1.2039980000E-03    6.1853931700E-01   -2.2778076795E-01    5.2924592802E+01    7.6431689054E-02
    1.2079980000E-03    6.0369106547E-01   -1.6442110462E-01    5.3126122074E+01    7.6651087084E-02
    1.2119980000E-03    5.9820111291E-01   -9.9890028126E-02    5.3328365595E+01    7.6960461689E-02
    1.2159980000E-03    6.0138805586E-01   -3.5411638668E-02    5.3529454068E+01    7.7384074382E-02
    1.2199980000E-03    6.1207160487E-01    2.8033354328E-02    5.3727925457E+01    7.7921234173E-02
    1.2239980000E-03    6.2888942989E-01    8.9620311741E-02    5.3922849861E+01    7.8545409831E-02
    1.2279980000E-03    6.5078846257E-01    1.4857147680E-01    5.4113755786E+01    7.9246270241E-02
    1.2319980000E-03    6.7732758006E-01    2.0402155032E-01    5.4300317956E+01    8.0022884477E-02
    1.2359980000E-03    7.0843871625E-01    2.5495105424E-01    5.4482187267E+01    8.0868071248E-02
    1.2399980000E-03    7.4388616393E-01    3.0031506010E-01    5.4659195661E+01    8.1780334370E-02
    1.2439980000E-03    7.8300863629E-01    3.3922456688E-01    5.4831450816E+01    8.2738525454E-02
