 sig=    1.000000000000000      inputfile=
 /home/rjrj524/Finished/vmec_gc_tracer/revised_251128/nc/wout_pwO_nfp2_A6.nc                                                                                                                             
 dt=   2.0000000000000001E-009
 steps=      1000000
 x0=   5.9999999999999998E-002    3.080000000000000      
    6.410000000000000     
 u=    33000.00000000000     
 v_perp=    65200.00000000000     
 
time(s)         x0(1)       x0(2)        x0(3)      r
    3.9980000000E-06    1.2633605477E+00   -8.4402922552E-02    6.5042536802E+00    6.0369129772E-02
    7.9980000000E-06    1.2567196779E+00   -1.3698284641E-01    6.6024503326E+00    6.0942609525E-02
    1.1998000000E-05    1.2465493400E+00   -1.8829773851E-01    6.7059593074E+00    6.1636448060E-02
    1.5998000000E-05    1.2322329976E+00   -2.3738350560E-01    6.8156301583E+00    6.2377089937E-02
    1.9998000000E-05    1.2132471883E+00   -2.8316663551E-01    6.9319570240E+00    6.3117434775E-02
    2.3998000000E-05    1.1892491537E+00   -3.2452018566E-01    7.0552824093E+00    6.3826764821E-02
    2.7998000000E-05    1.1601334889E+00   -3.6026152544E-01    7.1858932635E+00    6.4481132749E-02
    3.1998000000E-05    1.1260893591E+00   -3.8913333219E-01    7.3240485276E+00    6.5061517202E-02
    3.5998000000E-05    1.0876974832E+00   -4.0982929383E-01    7.4699141414E+00    6.5547173075E-02
    3.9998000000E-05    1.0460348381E+00   -4.2119288305E-01    7.6234327056E+00    6.5918031472E-02
    4.3998000000E-05    1.0026832331E+00   -4.2250049138E-01    7.7843308362E+00    6.6172036011E-02
    4.7998000000E-05    9.5953875113E-01   -4.1364207892E-01    7.9522339437E+00    6.6325811948E-02
    5.1998000000E-05    9.1854734689E-01   -3.9507503839E-01    8.1266674203E+00    6.6398989108E-02
    5.5998000000E-05    8.8154870770E-01   -3.6767433336E-01    8.3069362038E+00    6.6408874007E-02
    5.9998000000E-05    8.5020953019E-01   -3.3263947551E-01    8.4920125815E+00    6.6372874932E-02
    6.3998000000E-05    8.2598060308E-01   -2.9144860406E-01    8.6805005011E+00    6.6307380643E-02
    6.7998000000E-05    8.0999473794E-01   -2.4581314188E-01    8.8707158490E+00    6.6227150818E-02
    7.1998000000E-05    8.0293633465E-01   -1.9760030045E-01    9.0608701245E+00    6.6147013653E-02
    7.5998000000E-05    8.0494858089E-01   -1.4874593988E-01    9.2492142016E+00    6.6071654573E-02
    7.9998000000E-05    8.1558967707E-01   -1.0116016029E-01    9.4341586925E+00    6.5986949817E-02
    8.3998000000E-05    8.3391830488E-01   -5.6624745114E-02    9.6144704493E+00    6.5882240197E-02
    8.7998000000E-05    8.5865378813E-01   -1.6734147872E-02    9.7893518132E+00    6.5769160468E-02
    9.1998000000E-05    8.8824459476E-01    1.7152959436E-02    9.9583194270E+00    6.5658678039E-02
    9.5998000000E-05    9.2085617471E-01    4.4049349280E-02    1.0121111535E+01    6.5538197449E-02
    9.9998000000E-05    9.5444181094E-01    6.3558486855E-02    1.0277665412E+01    6.5388600407E-02
    1.0399800000E-04    9.8702718908E-01    7.6026906191E-02    1.0428014293E+01    6.5213224709E-02
    1.0799800000E-04    1.0171159894E+00    8.2446141186E-02    1.0572178565E+01    6.5037041536E-02
    1.1199800000E-04    1.0439178371E+00    8.4113790436E-02    1.0710207897E+01    6.4882558636E-02
    1.1599800000E-04    1.0672402890E+00    8.2302273475E-02    1.0842281069E+01    6.4758937466E-02
    1.1999800000E-04    1.0872539278E+00    7.8063462998E-02    1.0968702845E+01    6.4670283233E-02
    1.2399800000E-04    1.1043024569E+00    7.2159782624E-02    1.1089830289E+01    6.4623619995E-02
    1.2799800000E-04    1.1187855141E+00    6.5084386881E-02    1.1206010195E+01    6.4626466390E-02
    1.3199800000E-04    1.1310890193E+00    5.7134004198E-02    1.1317546295E+01    6.4681990029E-02
    1.3599800000E-04    1.1415498767E+00    4.8486741352E-02    1.1424693939E+01    6.4790602367E-02
    1.3999800000E-04    1.1504439442E+00    3.9266594004E-02    1.1527681721E+01    6.4950822943E-02
    1.4399800000E-04    1.1579844668E+00    2.9604041312E-02    1.1626746233E+01    6.5155483916E-02
    1.4799800000E-04    1.1643381686E+00    1.9648519734E-02    1.1722152325E+01    6.5392424409E-02
    1.5199800000E-04    1.1696424993E+00    9.5573683631E-03    1.1814202960E+01    6.5649408500E-02
    1.5599800000E-04    1.1740179713E+00   -5.1232572826E-04    1.1903237836E+01    6.5913929036E-02
    1.5999800000E-04    1.1775762282E+00   -1.0411174534E-02    1.1989617388E+01    6.6169573656E-02
    1.6399800000E-04    1.1804189840E+00   -1.9994069339E-02    1.2073716670E+01    6.6399644814E-02
    1.6799800000E-04    1.1826339627E+00   -2.9138179893E-02    1.2155937422E+01    6.6595773369E-02
    1.7199800000E-04    1.1842871789E+00   -3.7759105326E-02    1.2236722179E+01    6.6752852291E-02
    1.7599800000E-04    1.1854135175E+00   -4.5788360362E-02    1.2316532659E+01    6.6848487504E-02
    1.7999800000E-04    1.1860109241E+00   -5.3166862345E-02    1.2395779402E+01    6.6839486215E-02
    1.8399800000E-04    1.1860370980E+00   -5.9869489165E-02    1.2474786857E+01    6.6695052268E-02
    1.8799800000E-04    1.1854162934E+00   -6.5967922171E-02    1.2553844252E+01    6.6427295776E-02
    1.9199800000E-04    1.1840579493E+00   -7.1658043818E-02    1.2633286490E+01    6.6077677033E-02
    1.9599800000E-04    1.1818792931E+00   -7.7187221110E-02    1.2713525946E+01    6.5684827930E-02
    1.9999800000E-04    1.1788210574E+00   -8.2807218286E-02    1.2795000459E+01    6.5266671141E-02
    2.0399800000E-04    1.1748576221E+00   -8.8710624909E-02    1.2878113801E+01    6.4813539595E-02
    2.0799800000E-04    1.1699908268E+00   -9.5042761071E-02    1.2963186947E+01    6.4299380925E-02
    2.1199800000E-04    1.1642318784E+00   -1.0184060746E-01    1.3050508414E+01    6.3713876435E-02
    2.1599800000E-04    1.1575698691E+00   -1.0907405852E-01    1.3140383193E+01    6.3073760591E-02
    2.1999800000E-04    1.1499542810E+00   -1.1665461448E-01    1.3233128625E+01    6.2401447699E-02
    2.2399800000E-04    1.1412909278E+00   -1.2443076884E-01    1.3329020451E+01    6.1718341412E-02
    2.2799800000E-04    1.1314455956E+00   -1.3218161180E-01    1.3428289545E+01    6.1059086056E-02
    2.3199800000E-04    1.1202506144E+00   -1.3964296450E-01    1.3531173533E+01    6.0463231146E-02
    2.3599800000E-04    1.1075134147E+00   -1.4653254863E-01    1.3637939763E+01    5.9950837718E-02
    2.3999800000E-04    1.0930348937E+00   -1.5252076584E-01    1.3748871512E+01    5.9519296335E-02
    2.4399800000E-04    1.0766115083E+00   -1.5722736650E-01    1.3864249945E+01    5.9158993995E-02
    2.4799800000E-04    1.0580434382E+00   -1.6020013607E-01    1.3984378927E+01    5.8860360597E-02
    2.5199800000E-04    1.0371210423E+00   -1.6093918063E-01    1.4109589421E+01    5.8611005124E-02
    2.5599800000E-04    1.0136519025E+00   -1.5886141007E-01    1.4240218214E+01    5.8398953193E-02
    2.5999800000E-04    9.8751672381E-01   -1.5328424652E-01    1.4376549316E+01    5.8219592460E-02
    2.6399800000E-04    9.5879362934E-01   -1.4341686783E-01    1.4518776200E+01    5.8074025017E-02
    2.6799800000E-04    9.2791843468E-01   -1.2841310926E-01    1.4667021461E+01    5.7960309643E-02
    2.7199800000E-04    8.9579163715E-01   -1.0751350694E-01    1.4821404391E+01    5.7868444564E-02
    2.7599800000E-04    8.6375198934E-01   -8.0236010130E-02    1.4982070135E+01    5.7785674957E-02
    2.7999800000E-04    8.3339650868E-01   -4.6539113170E-02    1.5149100102E+01    5.7706224541E-02
    2.8399800000E-04    8.0636840991E-01   -6.8659279966E-03    1.5322393035E+01    5.7630183072E-02
    2.8799800000E-04    7.8424632265E-01    3.7934926363E-02    1.5501649701E+01    5.7551889524E-02
    2.9199800000E-04    7.6849658162E-01    8.6709101650E-02    1.5686350926E+01    5.7463079153E-02
    2.9599800000E-04    7.6044327091E-01    1.3804312361E-01    1.5875579076E+01    5.7373326312E-02
    2.9999800000E-04    7.6112084767E-01    1.9026932362E-01    1.6067889303E+01    5.7308407816E-02
    3.0399800000E-04    7.7092659911E-01    2.4154760109E-01    1.6261500659E+01    5.7283603111E-02
    3.0799800000E-04    7.8962082138E-01    2.9002269324E-01    1.6454557372E+01    5.7295637965E-02
    3.1199800000E-04    8.1646584069E-01    3.3390720461E-01    1.6645219243E+01    5.7333881138E-02
    3.1599800000E-04    8.5022919876E-01    3.7157739076E-01    1.6831831612E+01    5.7383715652E-02
    3.1999800000E-04    8.8938022439E-01    4.0167422734E-01    1.7013126640E+01    5.7426609135E-02
    3.2399800000E-04    9.3231179712E-01    4.2311441546E-01    1.7188232833E+01    5.7445999871E-02
    3.2799800000E-04    9.7733403976E-01    4.3509947015E-01    1.7356594352E+01    5.7426421516E-02
    3.3199800000E-04    1.0226544551E+00    4.3717629305E-01    1.7517877710E+01    5.7346034238E-02
    3.3599800000E-04    1.0664505480E+00    4.2938146351E-01    1.7671871009E+01    5.7179614601E-02
    3.3999800000E-04    1.1071108594E+00    4.1232295341E-01    1.7818432241E+01    5.6915062127E-02
    3.4399800000E-04    1.1434644937E+00    3.8708230077E-01    1.7957558015E+01    5.6560213525E-02
    3.4799800000E-04    1.1748571155E+00    3.5492106689E-01    1.8089419833E+01    5.6128778782E-02
    3.5199800000E-04    1.2010478662E+00    3.1706717646E-01    1.8214281301E+01    5.5631557478E-02
    3.5599800000E-04    1.2221016987E+00    2.7462250396E-01    1.8332407207E+01    5.5082532370E-02
    3.5999800000E-04    1.2383053434E+00    2.2862720804E-01    1.8444090596E+01    5.4502259052E-02
    3.6399800000E-04    1.2501250936E+00    1.8005033100E-01    1.8549707987E+01    5.3920999675E-02
    3.6799800000E-04    1.2581394277E+00    1.2978600475E-01    1.8649851579E+01    5.3389538466E-02
    3.7199800000E-04    1.2629411259E+00    7.8592576473E-02    1.8745535877E+01    5.2980965471E-02
    3.7599800000E-04    1.2650127577E+00    2.7009466172E-02    1.8838335935E+01    5.2770348622E-02
    3.7999800000E-04    1.2646130470E+00   -2.4689189799E-02    1.8930283445E+01    5.2804881892E-02
    3.8399800000E-04    1.2617119873E+00   -7.6317156149E-02    1.9023574824E+01    5.3084327760E-02
    3.8799800000E-04    1.2559989867E+00   -1.2754396079E-01    1.9120196377E+01    5.3560861625E-02
    3.9199800000E-04    1.2469629764E+00   -1.7774837848E-01    1.9221648770E+01    5.4159697463E-02
    3.9599800000E-04    1.2340152292E+00   -2.2609267435E-01    1.9328878498E+01    5.4810202594E-02
    3.9999800000E-04    1.2166130498E+00   -2.7161305631E-01    1.9442442900E+01    5.5464149994E-02
    4.0399800000E-04    1.1943555028E+00   -3.1325925629E-01    1.9562716032E+01    5.6091063013E-02
    4.0799800000E-04    1.1670395019E+00   -3.4993387747E-01    1.9689993117E+01    5.6668590691E-02
    4.1199800000E-04    1.1347231724E+00   -3.8044028439E-01    1.9824551400E+01    5.7180445884E-02
    4.1599800000E-04    1.0978087212E+00   -4.0349635020E-01    1.9966625122E+01    5.7611480477E-02
    4.1999800000E-04    1.0571606972E+00   -4.1785370885E-01    2.0116296344E+01    5.7944235460E-02
    4.2399800000E-04    1.0141382641E+00   -4.2259656840E-01    2.0273428007E+01    5.8171971490E-02
    4.2799800000E-04    9.7048049666E-01   -4.1735570375E-01    2.0437748203E+01    5.8307624349E-02
    4.3199800000E-04    9.2804607408E-01   -4.0234763505E-01    2.0608894076E+01    5.8371717774E-02
    4.3599800000E-04    8.8864329065E-01   -3.7822786362E-01    2.0786345477E+01    5.8381011011E-02
    4.3999800000E-04    8.5396723537E-01   -3.4597926881E-01    2.0969312868E+01    5.8349922322E-02
    4.4399800000E-04    8.2556107955E-01   -3.0687946156E-01    2.1156644736E+01    5.8294442353E-02
    4.4799800000E-04    8.0472643615E-01   -2.6247563965E-01    2.1346820592E+01    5.8230597806E-02
    4.5199800000E-04    7.9238357233E-01   -2.1451406343E-01    2.1538100043E+01    5.8172672034E-02
    4.5599800000E-04    7.8896400317E-01   -1.6484906486E-01    2.1728709263E+01    5.8129909636E-02
    4.5999800000E-04    7.9433696012E-01   -1.1536104578E-01    2.1916935245E+01    5.8096292724E-02
    4.6399800000E-04    8.0781463130E-01   -6.7850932582E-02    2.2101281486E+01    5.8054496349E-02
    4.6799800000E-04    8.2828729817E-01   -2.3940846705E-02    2.2280676432E+01    5.7999659760E-02
    4.7199800000E-04    8.5438042181E-01    1.4972045732E-02    2.2454466815E+01    5.7942672372E-02
    4.7599800000E-04    8.8450892805E-01    4.7771514122E-02    2.2622254266E+01    5.7888007414E-02
    4.7999800000E-04    9.1688415377E-01    7.3760982105E-02    2.2783827715E+01    5.7827357641E-02
    4.8399800000E-04    9.4963994756E-01    9.2822907022E-02    2.2939150314E+01    5.7756487966E-02
    4.8799800000E-04    9.8111266086E-01    1.0545581612E-01    2.3088273976E+01    5.7686760112E-02
    4.9199800000E-04    1.0101237807E+00    1.1261403296E-01    2.3231265054E+01    5.7636157881E-02
    4.9599800000E-04    1.0360861149E+00    1.1542001968E-01    2.3368227435E+01    5.7615570442E-02
    4.9999800000E-04    1.0588995818E+00    1.1490837142E-01    2.3499354138E+01    5.7628675672E-02
    5.0399800000E-04    1.0787564981E+00    1.1190026556E-01    2.3624931138E+01    5.7678989012E-02
    5.0799800000E-04    1.0959710621E+00    1.0699946391E-01    2.3745294448E+01    5.7772235367E-02
    5.1199800000E-04    1.1108754020E+00    1.0064229028E-01    2.3860774473E+01    5.7916390789E-02
    5.1599800000E-04    1.1237758717E+00    9.3144913602E-02    2.3971660760E+01    5.8120983859E-02
    5.1999800000E-04    1.1349324344E+00    8.4763791363E-02    2.4078207514E+01    5.8391935031E-02
    5.2399800000E-04    1.1445596301E+00    7.5737318832E-02    2.4180658559E+01    5.8727976677E-02
    5.2799800000E-04    1.1528433682E+00    6.6279986851E-02    2.4279268542E+01    5.9123524839E-02
    5.3199800000E-04    1.1599441575E+00    5.6604661646E-02    2.4374326059E+01    5.9569043657E-02
    5.3599800000E-04    1.1660114078E+00    4.6897289677E-02    2.4466138073E+01    6.0045525683E-02
    5.3999800000E-04    1.1711750400E+00    3.7350846610E-02    2.4555030287E+01    6.0525235193E-02
    5.4399800000E-04    1.1755471658E+00    2.8122241323E-02    2.4641346064E+01    6.0982941739E-02
    5.4799800000E-04    1.1792107453E+00    1.9335495961E-02    2.4725474743E+01    6.1398736146E-02
    5.5199800000E-04    1.1822153762E+00    1.1068210340E-02    2.4807832835E+01    6.1744129658E-02
    5.5599800000E-04    1.1845719233E+00    3.3737795011E-03    2.4888809374E+01    6.1979787924E-02
    5.5999800000E-04    1.1862555012E+00   -3.7384203443E-03    2.4968729455E+01    6.2083975416E-02
    5.6399800000E-04    1.1872185055E+00   -1.0344413193E-02    2.5047898527E+01    6.2076363062E-02
    5.6799800000E-04    1.1874107413E+00   -1.6614151154E-02    2.5126682426E+01    6.2001390584E-02
    5.7199800000E-04    1.1867961448E+00   -2.2774505772E-02    2.5205531942E+01    6.1892904862E-02
    5.7599800000E-04    1.1853609661E+00   -2.9062384078E-02    2.5284931089E+01    6.1753693227E-02
    5.7999800000E-04    1.1831157210E+00   -3.5686007240E-02    2.5365318071E+01    6.1554986668E-02
    5.8399800000E-04    1.1800891852E+00   -4.2786259305E-02    2.5447044725E+01    6.1257956210E-02
    5.8799800000E-04    1.1763101907E+00   -5.0418097539E-02    2.5530412202E+01    6.0848983285E-02
    5.9199800000E-04    1.1717860260E+00   -5.8553434364E-02    2.5615749472E+01    6.0350722989E-02
    5.9599800000E-04    1.1664855973E+00   -6.7134069232E-02    2.5703423935E+01    5.9796706926E-02
    5.9999800000E-04    1.1603386220E+00   -7.6051082310E-02    2.5793799984E+01    5.9212917059E-02
    6.0399800000E-04    1.1532389788E+00   -8.5141871503E-02    2.5887196466E+01    5.8626960973E-02
    6.0799800000E-04    1.1450500522E+00   -9.4205845764E-02    2.5983900449E+01    5.8073644264E-02
    6.1199800000E-04    1.1356131398E+00   -1.0302096599E-01    2.6084196773E+01    5.7581285635E-02
    6.1599800000E-04    1.1247528129E+00   -1.1135055603E-01    2.6188366021E+01    5.7161673025E-02
    6.1999800000E-04    1.1122783890E+00   -1.1893147248E-01    2.6296672191E+01    5.6816084150E-02
    6.2399800000E-04    1.0979823788E+00   -1.2546074724E-01    2.6409372303E+01    5.6542199061E-02
    6.2799800000E-04    1.0816272281E+00   -1.3060411219E-01    2.6526738650E+01    5.6332274105E-02
    6.3199800000E-04    1.0629418769E+00   -1.3397210617E-01    2.6649077383E+01    5.6173807332E-02
    6.3599800000E-04    1.0416422909E+00   -1.3507060607E-01    2.6776722074E+01    5.6056155907E-02
    6.3999800000E-04    1.0174852745E+00   -1.3325842613E-01    2.6909991382E+01    5.5974032803E-02
    6.4399800000E-04    9.9037880163E-01   -1.2772201574E-01    2.7049132580E+01    5.5925457478E-02
    6.4799800000E-04    9.6055800726E-01   -1.1749577467E-01    2.7194300023E+01    5.5907253297E-02
    6.5199800000E-04    9.2875201800E-01   -1.0159735295E-01    2.7345590956E+01    5.5910012496E-02
    6.5599800000E-04    8.9622554631E-01   -7.9267209968E-02    2.7503097735E+01    5.5919951918E-02
    6.5999800000E-04    8.6462873450E-01   -5.0204301339E-02    2.7666885234E+01    5.5929047863E-02
    6.6399800000E-04    8.3573281642E-01   -1.4671391901E-02    2.7836887586E+01    5.5939137628E-02
    6.6799800000E-04    8.1121368847E-01    2.6564224207E-02    2.8012849088E+01    5.5951318355E-02
    6.7199800000E-04    7.9257983014E-01    7.2372888943E-02    2.8194324548E+01    5.5956960153E-02
    6.7599800000E-04    7.8116831993E-01    1.2136269280E-01    2.8380572638E+01    5.5950983247E-02
    6.7999800000E-04    7.7804187990E-01    1.7190859943E-01    2.8570388935E+01    5.5947277095E-02
    6.8399800000E-04    7.8379323884E-01    2.2220703832E-01    2.8762168688E+01    5.5964313124E-02
    6.8799800000E-04    7.9843650369E-01    2.7039263599E-01    2.8954145757E+01    5.6004866517E-02
    6.9199800000E-04    8.2142306107E-01    3.1464412744E-01    2.9144525943E+01    5.6059042779E-02
    6.9599800000E-04    8.5171858021E-01    3.5326955023E-01    2.9331596426E+01    5.6112558813E-02
    6.9999800000E-04    8.8795002262E-01    3.8479425501E-01    2.9513922447E+01    5.6148513743E-02
    7.0399800000E-04    9.2854700753E-01    4.0802275777E-01    2.9690460887E+01    5.6151139731E-02
    7.0799800000E-04    9.7182013723E-01    4.2205299627E-01    2.9860517142E+01    5.6106559727E-02
    7.1199800000E-04    1.0159815044E+00    4.2631132775E-01    3.0023644541E+01    5.5996945886E-02
    7.1599800000E-04    1.0592058779E+00    4.2067030279E-01    3.0179539262E+01    5.5800376038E-02
    7.1999800000E-04    1.0998179269E+00    4.0556972283E-01    3.0327981716E+01    5.5503958332E-02
    7.2399800000E-04    1.1365189451E+00    3.8199287902E-01    3.0468895203E+01    5.5114240865E-02
    7.2799800000E-04    1.1685191985E+00    3.5119047581E-01    3.0602399814E+01    5.4646752480E-02
    7.3199800000E-04    1.1954717927E+00    3.1442472894E-01    3.0728745204E+01    5.4114440724E-02
    7.3599800000E-04    1.2173599631E+00    2.7285573893E-01    3.0848207271E+01    5.3531957144E-02
    7.3999800000E-04    1.2344113309E+00    2.2756337037E-01    3.0961084497E+01    5.2920332365E-02
    7.4399800000E-04    1.2470468417E+00    1.7954159557E-01    3.1067744748E+01    5.2309048097E-02
    7.4799800000E-04    1.2558123665E+00    1.2972382114E-01    3.1168752023E+01    5.1745310585E-02
    7.5199800000E-04    1.2612904177E+00    7.8918115931E-02    3.1265059363E+01    5.1298181301E-02
    7.5599800000E-04    1.2639799591E+00    2.7700932980E-02    3.1358156587E+01    5.1041123934E-02
    7.5999800000E-04    1.2641772481E+00   -2.3614706454E-02    3.1450014125E+01    5.1022409865E-02
    7.6399800000E-04    1.2619019266E+00   -7.4840414141E-02    3.1542810113E+01    5.1244333408E-02
    7.6799800000E-04    1.2568920344E+00   -1.2569359248E-01    3.1638557167E+01    5.1662268743E-02
    7.7199800000E-04    1.2486689217E+00   -1.7564078482E-01    3.1738810068E+01    5.2203751195E-02
    7.7599800000E-04    1.2366521379E+00   -2.2390650859E-01    3.1844581776E+01    5.2797759493E-02
    7.7999800000E-04    1.2202803915E+00   -2.6958483521E-01    3.1956469354E+01    5.3394488846E-02
    7.8399800000E-04    1.1991061269E+00   -3.1169781101E-01    3.2074855183E+01    5.3963333534E-02
    7.8799800000E-04    1.1728620106E+00   -3.4919578163E-01    3.2200037917E+01    5.4483045322E-02
    7.9199800000E-04    1.1415153610E+00   -3.8094114547E-01    3.2332293664E+01    5.4938952274E-02
    7.9599800000E-04    1.1053428033E+00   -4.0569503510E-01    3.2471882117E+01    5.5319226407E-02
    7.9999800000E-04    1.0650452630E+00   -4.2219317219E-01    3.2618959053E+01    5.5609192371E-02
    8.0399800000E-04    1.0218306617E+00   -4.2938657018E-01    3.2773491835E+01    5.5800603200E-02
    8.0799800000E-04    9.7732969971E-01   -4.2671879483E-01    3.2935302396E+01    5.5904563899E-02
    8.1199800000E-04    9.3334535729E-01   -4.1422312171E-01    3.3104125558E+01    5.5943806592E-02
    8.1599800000E-04    8.9167266636E-01   -3.9239021433E-01    3.3279573261E+01    5.5937918828E-02
    8.1999800000E-04    8.5401314176E-01   -3.6205294330E-01    3.3461028739E+01    5.5901245644E-02
    8.2399800000E-04    8.2195849218E-01   -3.2434017214E-01    3.3647544257E+01    5.5849350833E-02
    8.2799800000E-04    7.9694766765E-01   -2.8066182115E-01    3.3837775170E+01    5.5799659459E-02
    8.3199800000E-04    7.8011895655E-01   -2.3266443837E-01    3.4030047661E+01    5.5766885428E-02
    8.3599800000E-04    7.7215073514E-01   -1.8214400823E-01    3.4222557311E+01    5.5761835615E-02
    8.3999800000E-04    7.7316055226E-01   -1.3096129704E-01    3.4413501169E+01    5.5785297742E-02
    8.4399800000E-04    7.8265882766E-01   -8.0938488915E-02    3.4601190544E+01    5.5820402228E-02
    8.4799800000E-04    7.9964259642E-01   -3.3730388351E-02    3.4784295663E+01    5.5847296297E-02
    8.5199800000E-04    8.2280185892E-01    9.2459595848E-03    3.4961977817E+01    5.5864686815E-02
    8.5599800000E-04    8.5066571580E-01    4.6828213136E-02    3.5133744812E+01    5.5882122516E-02
    8.5999800000E-04    8.8162155230E-01    7.8178963123E-02    3.5299304888E+01    5.5902271210E-02
    8.6399800000E-04    9.1395106721E-01    1.0291689804E-01    3.5458560577E+01    5.5924104579E-02
    8.6799800000E-04    9.4599977729E-01    1.2119587910E-01    3.5611574086E+01    5.5954035511E-02
    8.7199800000E-04    9.7642713554E-01    1.3363888731E-01    3.5758455317E+01    5.6004746122E-02
    8.7599800000E-04    1.0043874796E+00    1.4113649275E-01    3.5899304720E+01    5.6085935061E-02
    8.7999800000E-04    1.0295350488E+00    1.4461567827E-01    3.6034254109E+01    5.6200752547E-02
    8.8399800000E-04    1.0518785037E+00    1.4489651958E-01    3.6163521555E+01    5.6350016490E-02
    8.8799800000E-04    1.0716072036E+00    1.4265236506E-01    3.6287409040E+01    5.6538243819E-02
    8.9199800000E-04    1.0889734016E+00    1.3841886293E-01    3.6406250775E+01    5.6776531136E-02
    8.9599800000E-04    1.1042273773E+00    1.3263462974E-01    3.6520365675E+01    5.7078091530E-02
    8.9999800000E-04    1.1175965998E+00    1.2567925012E-01    3.6630039067E+01    5.7451746465E-02
    9.0399800000E-04    1.1292882639E+00    1.1788813442E-01    3.6735536540E+01    5.7902619940E-02
    9.0799800000E-04    1.1394948187E+00    1.0955933639E-01    3.6837129685E+01    5.8431920946E-02
    9.1199800000E-04    1.1484009868E+00    1.0094508201E-01    3.6935093596E+01    5.9026867603E-02
    9.1599800000E-04    1.1561721934E+00    9.2282325943E-02    3.7029696713E+01    5.9655404469E-02
    9.1999800000E-04    1.1629475641E+00    8.3782950325E-02    3.7121203583E+01    6.0280554636E-02
    9.2399800000E-04    1.1688317771E+00    7.5613300358E-02    3.7209913208E+01    6.0874897124E-02
    9.2799800000E-04    1.1738914569E+00    6.7873809108E-02    3.7296167578E+01    6.1412578145E-02
    9.3199800000E-04    1.1781506134E+00    6.0630553230E-02    3.7380314775E+01    6.1863825244E-02
    9.3599800000E-04    1.1816006393E+00    5.3882670023E-02    3.7462660229E+01    6.2217405570E-02
    9.3999800000E-04    1.1842178540E+00    4.7564684098E-02    3.7543512804E+01    6.2496370853E-02
    9.4399800000E-04    1.1859909233E+00    4.1491700701E-02    3.7623235951E+01    6.2735173317E-02
    9.4799800000E-04    1.1869317371E+00    3.5458195507E-02    3.7702284880E+01    6.2946735628E-02
    9.5199800000E-04    1.1870790339E+00    2.9221569584E-02    3.7781130419E+01    6.3111850455E-02
    9.5599800000E-04    1.1864910443E+00    2.2558443080E-02    3.7860189149E+01    6.3187745231E-02
    9.5999800001E-04    1.1852323298E+00    1.5320867896E-02    3.7939794736E+01    6.3134593306E-02
    9.6399800001E-04    1.1833543066E+00    7.4656949449E-03    3.8020247813E+01    6.2948706495E-02
    9.6799800001E-04    1.1808775484E+00   -9.7872115628E-04    3.8101895914E+01    6.2664411752E-02
    9.7199800001E-04    1.1777857287E+00   -9.9433160756E-03    3.8185160441E+01    6.2320741461E-02
    9.7599800001E-04    1.1740237039E+00   -1.9359058183E-02    3.8270472929E+01    6.1939533532E-02
    9.7999800001E-04    1.1695072390E+00   -2.9102072466E-02    3.8358235623E+01    6.1535937701E-02
    9.8399800001E-04    1.1641280694E+00   -3.9018885465E-02    3.8448808919E+01    6.1131585834E-02
    9.8799800001E-04    1.1577618200E+00   -4.8936545809E-02    3.8542533593E+01    6.0749968213E-02
    9.9199800001E-04    1.1502710521E+00   -5.8675673959E-02    3.8639733199E+01    6.0407520743E-02
    9.9599800001E-04    1.1415027001E+00   -6.8050062794E-02    3.8740701036E+01    6.0114705298E-02
    9.9999800001E-04    1.1312812130E+00   -7.6862901137E-02    3.8845697409E+01    5.9879928043E-02
    1.0039980000E-03    1.1193929083E+00   -8.4918811510E-02    3.8954960747E+01    5.9707033398E-02
    1.0079980000E-03    1.1055750988E+00   -9.2007804657E-02    3.9068734047E+01    5.9592634468E-02
    1.0119980000E-03    1.0895098666E+00   -9.7870144472E-02    3.9187290466E+01    5.9529963152E-02
    1.0159980000E-03    1.0708420726E+00   -1.0212852274E-01    3.9310949919E+01    5.9512642848E-02
    1.0199980000E-03    1.0492189220E+00   -1.0422803012E-01    3.9440057238E+01    5.9534413401E-02
    1.0239980000E-03    1.0243777589E+00   -1.0337721113E-01    3.9574931217E+01    5.9590568862E-02
    1.0279980000E-03    9.9629652222E-01   -9.8537168044E-02    3.9715808500E+01    5.9677641983E-02
    1.0319980000E-03    9.6539329813E-01   -8.8520757067E-02    3.9862816527E+01    5.9785645301E-02
    1.0359980000E-03    9.3268570406E-01   -7.2230395527E-02    4.0016010583E+01    5.9894366080E-02
    1.0399980000E-03    8.9976589412E-01   -4.8967553948E-02    4.0175434740E+01    5.9986973984E-02
    1.0439980000E-03    8.6854455470E-01   -1.8657108301E-02    4.0341089047E+01    6.0065613205E-02
    1.0479980000E-03    8.4090882966E-01    1.8131938947E-02    4.0512821967E+01    6.0143535596E-02
    1.0519980000E-03    8.1853696618E-01    6.0345104052E-02    4.0690291047E+01    6.0222530438E-02
    1.0559980000E-03    8.0287161383E-01    1.0661380794E-01    4.0872927678E+01    6.0290117149E-02
    1.0599980000E-03    7.9509506686E-01    1.5534062692E-01    4.1059792056E+01    6.0343558366E-02
    1.0639980000E-03    7.9601333598E-01    2.0474217741E-01    4.1249500957E+01    6.0398137944E-02
    1.0679980000E-03    8.0590343087E-01    2.5293083955E-01    4.1440389946E+01    6.0463889690E-02
    1.0719980000E-03    8.2447204232E-01    2.9802131464E-01    4.1630697456E+01    6.0533629714E-02
    1.0759980000E-03    8.5091461328E-01    3.3821630086E-01    4.1818659303E+01    6.0593181603E-02
    1.0799980000E-03    8.8401318674E-01    3.7189449413E-01    4.2002672449E+01    6.0627125478E-02
    1.0839980000E-03    9.2226562213E-01    3.9769119296E-01    4.2181472262E+01    6.0619167450E-02
    1.0879980000E-03    9.6399386752E-01    4.1453145733E-01    4.2354166770E+01    6.0554040386E-02
    1.0919980000E-03    1.0073896955E+00    4.2165911472E-01    4.2520161564E+01    6.0415515109E-02
    1.0959980000E-03    1.0505642255E+00    4.1874212283E-01    4.2679046868E+01    6.0183670105E-02
    1.0999980000E-03    1.0917114123E+00    4.0601944716E-01    4.2830506511E+01    5.9843437847E-02
    1.1039980000E-03    1.1293648008E+00    3.8431407725E-01    4.2974345138E+01    5.9398909937E-02
    1.1079980000E-03    1.1625546250E+00    3.5483391517E-01    4.3110585586E+01    5.8868349705E-02
    1.1119980000E-03    1.1907915226E+00    3.1887332659E-01    4.3239435016E+01    5.8268878035E-02
    1.1159980000E-03    1.2139533916E+00    2.7765460794E-01    4.3361164038E+01    5.7617298560E-02
    1.1199980000E-03    1.2321924103E+00    2.3232272816E-01    4.3476067839E+01    5.6936078346E-02
    1.1239980000E-03    1.2458807760E+00    1.8394250606E-01    4.3584498816E+01    5.6255039372E-02
    1.1279980000E-03    1.2555453529E+00    1.3352781211E-01    4.3686979501E+01    5.5620419575E-02
    1.1319980000E-03    1.2617828908E+00    8.1969917535E-02    4.3784393657E+01    5.5102299070E-02
    1.1359980000E-03    1.2651340057E+00    2.9936500836E-02    4.3878171612E+01    5.4778576668E-02
    1.1399980000E-03    1.2659512145E+00   -2.2195185046E-02    4.3970266923E+01    5.4702708539E-02
    1.1439980000E-03    1.2643084365E+00   -7.4218447810E-02    4.4062896991E+01    5.4880582855E-02
    1.1479980000E-03    1.2599818174E+00   -1.2587390870E-01    4.4158159688E+01    5.5268456215E-02
    1.1519980000E-03    1.2525041898E+00   -1.7667008816E-01    4.4257708925E+01    5.5790860204E-02
    1.1559980000E-03    1.2412770896E+00   -2.2587005583E-01    4.4362630532E+01    5.6370566039E-02
    1.1599980000E-03    1.2257017361E+00   -2.7257851003E-01    4.4473557932E+01    5.6952426337E-02
    1.1639980000E-03    1.2052826044E+00   -3.1583097732E-01    4.4590879680E+01    5.7504159748E-02
    1.1679980000E-03    1.1796919900E+00   -3.5461735660E-01    4.4714883838E+01    5.8004540717E-02
    1.1719980000E-03    1.1488269234E+00   -3.8783291573E-01    4.4845836920E+01    5.8438856224E-02
    1.1759980000E-03    1.1128662587E+00   -4.1428063626E-01    4.4984000277E+01    5.8796619973E-02
    1.1799980000E-03    1.0723904495E+00   -4.3269080036E-01    4.5129568529E+01    5.9064636498E-02
    1.1839980000E-03    1.0284906234E+00   -4.4193619418E-01    4.5282567229E+01    5.9233480189E-02
    1.1879980000E-03    9.8274130712E-01   -4.4131281956E-01    4.5442880929E+01    5.9313482570E-02
    1.1919980000E-03    9.3696064225E-01   -4.3069867083E-01    4.5610325047E+01    5.9330634542E-02
    1.1959980000E-03    8.9296164510E-01   -4.1047810110E-01    4.5784613114E+01    5.9309120862E-02
    1.1999980000E-03    8.5246575444E-01   -3.8139359251E-01    4.5965253942E+01    5.9265951194E-02
    1.2039980000E-03    8.1711100930E-01   -3.4448211616E-01    4.6151451462E+01    5.9218215454E-02
    1.2079980000E-03    7.8843115673E-01   -3.0106974572E-01    4.6342010095E+01    5.9185242361E-02
    1.2119980000E-03    7.6774691026E-01   -2.5273941620E-01    4.6535327542E+01    5.9182250425E-02
    1.2159980000E-03    7.5598365054E-01   -2.0125546213E-01    4.6729564656E+01    5.9220049638E-02
    1.2199980000E-03    7.5348945196E-01   -1.4848210116E-01    4.6922821017E+01    5.9304255445E-02
    1.2239980000E-03    7.5992034791E-01   -9.6280792112E-02    4.7113244077E+01    5.9423230354E-02
    1.2279980000E-03    7.7431145260E-01   -4.6356772473E-02    4.7299279205E+01    5.9549048418E-02
    1.2319980000E-03    7.9533755562E-01   -1.5448764814E-04    4.7479910255E+01    5.9665146552E-02
    1.2359980000E-03    8.2152464028E-01    4.1149415774E-02    4.7654574139E+01    5.9777436612E-02
    1.2399980000E-03    8.5133170355E-01    7.6659005358E-02    4.7822947262E+01    5.9893533491E-02
    1.2439980000E-03    8.8314053623E-01    1.0585929549E-01    4.7984907589E+01    6.0013087122E-02
    1.2479980000E-03    9.1535772786E-01    1.2869858965E-01    4.8140536469E+01    6.0139738603E-02
    1.2519980000E-03    9.4662095084E-01    1.4555265541E-01    4.8289999839E+01    6.0285982290E-02
    1.2559980000E-03    9.7595881449E-01    1.5709946825E-01    4.8433437003E+01    6.0463228899E-02
    1.2599980000E-03    1.0028518869E+00    1.6413996145E-01    4.8570966952E+01    6.0673825324E-02
    1.2639980000E-03    1.0271475897E+00    1.6745817380E-01    4.8702763960E+01    6.0915655268E-02
    1.2679980000E-03    1.0489121363E+00    1.6775478830E-01    4.8829096439E+01    6.1192511714E-02
    1.2719980000E-03    1.0683037600E+00    1.6564427578E-01    4.8950299502E+01    6.1515964166E-02
    1.2759980000E-03    1.0855097106E+00    1.6166678504E-01    4.9066713536E+01    6.1897824560E-02
    1.2799980000E-03    1.1007206747E+00    1.5630686391E-01    4.9178651272E+01    6.2348091616E-02
    1.2839980000E-03    1.1141329930E+00    1.4998629506E-01    4.9286406723E+01    6.2878841017E-02
    1.2879980000E-03    1.1259542427E+00    1.4304490494E-01    4.9390266063E+01    6.3494930277E-02
    1.2919980000E-03    1.1363808803E+00    1.3578724209E-01    4.9490497059E+01    6.4175572475E-02
    1.2959980000E-03    1.1455846606E+00    1.2849282496E-01    4.9587325315E+01    6.4879640751E-02
    1.2999980000E-03    1.1537005870E+00    1.2139720963E-01    4.9680965902E+01    6.5573912361E-02
    1.3039980000E-03    1.1608233609E+00    1.1465436480E-01    4.9771678981E+01    6.6240043517E-02
    1.3079980000E-03    1.1670032103E+00    1.0834576303E-01    4.9859767409E+01    6.6858854003E-02
    1.3119980000E-03    1.1722500126E+00    1.0249665397E-01    4.9945526236E+01    6.7418293124E-02
    1.3159980000E-03    1.1765561553E+00    9.7057557846E-02    5.0029239390E+01    6.7931287265E-02
    1.3199980000E-03    1.1799311076E+00    9.1860139490E-02    5.0111223512E+01    6.8417971444E-02
    1.3239980000E-03    1.1824161893E+00    8.6701956896E-02    5.0191873814E+01    6.8877336330E-02
    1.3279980000E-03    1.1840890626E+00    8.1323264444E-02    5.0271607565E+01    6.9285550301E-02
    1.3319980000E-03    1.1850503825E+00    7.5464494894E-02    5.0350807312E+01    6.9604287616E-02
    1.3359980000E-03    1.1854029266E+00    6.8943375459E-02    5.0429784835E+01    6.9797129208E-02
    1.3399980000E-03    1.1852259206E+00    6.1711530034E-02    5.0508820068E+01    6.9861983402E-02
    1.3439980000E-03    1.1845582971E+00    5.3814455130E-02    5.0588248274E+01    6.9837325051E-02
    1.3479980000E-03    1.1833968132E+00    4.5318254878E-02    5.0668496867E+01    6.9764006438E-02
    1.3519980000E-03    1.1817021847E+00    3.6288279488E-02    5.0750033854E+01    6.9656041403E-02
    1.3559980000E-03    1.1794071288E+00    2.6809208014E-02    5.0833300725E+01    6.9512051066E-02
    1.3599980000E-03    1.1764258886E+00    1.6998443711E-02    5.0918697954E+01    6.9337077548E-02
    1.3639980000E-03    1.1726624208E+00    6.9924679633E-03    5.1006605319E+01    6.9145082684E-02
    1.3679980000E-03    1.1680147514E+00   -3.0658465410E-03    5.1097393206E+01    6.8949903147E-02
    1.3719980000E-03    1.1623738415E+00   -1.3028678366E-02    5.1191411917E+01    6.8762853838E-02
    1.3759980000E-03    1.1556133585E+00   -2.2754841800E-02    5.1288974139E+01    6.8596770134E-02
    1.3799980000E-03    1.1475776757E+00   -3.2115857431E-02    5.1390354165E+01    6.8465616948E-02
    1.3839980000E-03    1.1380621355E+00   -4.1014767861E-02    5.1495792695E+01    6.8379236757E-02
    1.3879980000E-03    1.1267981597E+00   -4.9369842045E-02    5.1605515132E+01    6.8342830033E-02
    1.3919980000E-03    1.1134487192E+00   -5.7064014774E-02    5.1719762307E+01    6.8359953669E-02
    1.3959980000E-03    1.0976207197E+00   -6.3869409320E-02    5.1838819210E+01    6.8429830385E-02
    1.3999980000E-03    1.0788968534E+00   -6.9360271433E-02    5.1963022217E+01    6.8544660196E-02
    1.4039980000E-03    1.0568878170E+00   -7.2838236085E-02    5.2092742014E+01    6.8695482573E-02
    1.4079980000E-03    1.0313194122E+00   -7.3302152264E-02    5.2228330481E+01    6.8876983329E-02
    1.4119980000E-03    1.0021998226E+00   -6.9480204008E-02    5.2370028268E+01    6.9081624711E-02
    1.4159980000E-03    9.7008266916E-01   -5.9969540684E-02    5.2517914402E+01    6.9289340886E-02
    1.4199980000E-03    9.3627564463E-01   -4.3551383481E-02    5.2671994187E+01    6.9471526005E-02
    1.4239980000E-03    9.0271900606E-01   -1.9598650471E-02    5.2832309731E+01    6.9616175819E-02
    1.4279980000E-03    8.7155585088E-01    1.1715031000E-02    5.2998870561E+01    6.9740607239E-02
    1.4319980000E-03    8.4475651676E-01    4.9526306221E-02    5.3171501141E+01    6.9865967203E-02
    1.4359980000E-03    8.2398719812E-01    9.2528662680E-02    5.3349794786E+01    6.9987619550E-02
    1.4399980000E-03    8.1062734659E-01    1.3915633440E-01    5.3533070680E+01    7.0088434494E-02
    1.4439980000E-03    8.0576422718E-01    1.8765198401E-01    5.3720243303E+01    7.0172363266E-02
    1.4479980000E-03    8.1001055111E-01    2.3610509154E-01    5.3909814003E+01    7.0256853036E-02
    1.4519980000E-03    8.2338011804E-01    2.8254935983E-01    5.4100056145E+01    7.0342404170E-02
    1.4559980000E-03    8.4532591124E-01    3.2506389489E-01    5.4289167418E+01    7.0414337009E-02
    1.4599980000E-03    8.7481400269E-01    3.6186316937E-01    5.4475402103E+01    7.0457789703E-02
    1.4639980000E-03    9.1046009949E-01    3.9137340346E-01    5.4657252010E+01    7.0456953131E-02
    1.4679980000E-03    9.5063533303E-01    4.1228457053E-01    5.4833561615E+01    7.0393136062E-02
    1.4719980000E-03    9.9351641440E-01    4.2359650037E-01    5.5003529823E+01    7.0247709647E-02
    1.4759980000E-03    1.0371301789E+00    4.2471467953E-01    5.5166622019E+01    7.0001053072E-02
    1.4799980000E-03    1.0795066793E+00    4.1558755979E-01    5.5322426977E+01    6.9634329481E-02
    1.4839980000E-03    1.1189341841E+00    3.9679830386E-01    5.5470612997E+01    6.9144508977E-02
    1.4879980000E-03    1.1541985409E+00    3.6941785530E-01    5.5611036767E+01    6.8550395259E-02
    1.4919980000E-03    1.1846016893E+00    3.3474033122E-01    5.5743805790E+01    6.7875531307E-02
    1.4959980000E-03    1.2098647738E+00    2.9404884695E-01    5.5869160876E+01    6.7140268067E-02
    1.4999980000E-03    1.2300257852E+00    2.4855125181E-01    5.5987377305E+01    6.6368528152E-02
    1.5039980000E-03    1.2453757723E+00    1.9941899500E-01    5.6098779257E+01    6.5590245249E-02
    1.5079980000E-03    1.2564129203E+00    1.4777132467E-01    5.6203811084E+01    6.4849494529E-02
    1.5119980000E-03    1.2637597599E+00    9.4638908593E-02    5.6303231054E+01    6.4218222333E-02
    1.5159980000E-03    1.2680324523E+00    4.0845631597E-02    5.6398351781E+01    6.3785148661E-02
    1.5199980000E-03    1.2696843435E+00   -1.3104675889E-02    5.6491091112E+01    6.3618605667E-02
    1.5239980000E-03    1.2688846226E+00   -6.6964780839E-02    5.6583736487E+01    6.3736824191E-02
    1.5279980000E-03    1.2654733024E+00   -1.2050822532E-01    5.6678548354E+01    6.4102169711E-02
    1.5319980000E-03    1.2589991271E+00   -1.7328575074E-01    5.6777385945E+01    6.4635425702E-02
    1.5359980000E-03    1.2488302943E+00   -2.2457153932E-01    5.6881498549E+01    6.5246413749E-02
    1.5399980000E-03    1.2343029234E+00   -2.7345022983E-01    5.6991593976E+01    6.5866683864E-02
    1.5439980000E-03    1.2148472358E+00   -3.1893330456E-01    5.7108072973E+01    6.6458066825E-02
    1.5479980000E-03    1.1900659887E+00   -3.5998903507E-01    5.7231219733E+01    6.6997782144E-02
    1.5519980000E-03    1.1597827780E+00   -3.9552245949E-01    5.7361284093E+01    6.7468994594E-02
    1.5559980000E-03    1.1240868946E+00   -4.2435817856E-01    5.7498515654E+01    6.7859848685E-02
    1.5599980000E-03    1.0834326947E+00   -4.4524114174E-01    5.7643123687E+01    6.8156976103E-02
    1.5639980000E-03    1.0387850743E+00   -4.5698383086E-01    5.7795166430E+01    6.8348347097E-02
    1.5679980000E-03    9.9166733490E-01   -4.5874203715E-01    5.7954553457E+01    6.8441702940E-02
    1.5719980000E-03    9.4395148730E-01   -4.5023764291E-01    5.8121139557E+01    6.8465442741E-02
    1.5759980000E-03    8.9754447121E-01   -4.3174912210E-01    5.8294714976E+01    6.8449206639E-02
    1.5799980000E-03    8.5423791755E-01   -4.0396302896E-01    5.8474886839E+01    6.8414659675E-02
    1.5839980000E-03    8.1572081745E-01   -3.6787561326E-01    5.8660967300E+01    6.8382332985E-02
    1.5879980000E-03    7.8360626394E-01   -3.2477167085E-01    5.8851879177E+01    6.8374484597E-02
    1.5919980000E-03    7.5937791041E-01   -2.7620516405E-01    5.9046095282E+01    6.8406991181E-02
    1.5959980000E-03    7.4420865695E-01   -2.2394018939E-01    5.9241749454E+01    6.8490356742E-02
    1.5999980000E-03    7.3870318749E-01   -1.6986993532E-01    5.9436836795E+01    6.8634225930E-02
    1.6039980000E-03    7.4267369275E-01   -1.1591879369E-01    5.9629342788E+01    6.8833200693E-02
    1.6079980000E-03    7.5517524093E-01   -6.3878062270E-02    5.9817506321E+01    6.9056292449E-02
    1.6119980000E-03    7.7479152210E-01   -1.5253520016E-02    6.0000150754E+01    6.9274259536E-02
    1.6159980000E-03    7.9997742431E-01    2.8746141993E-02    6.0176657878E+01    6.9487797097E-02
    1.6199980000E-03    8.2916619689E-01    6.7185390355E-02    6.0346698513E+01    6.9708552358E-02
    1.6239980000E-03    8.6077232471E-01    9.9462056235E-02    6.0510144625E+01    6.9934710585E-02
    1.6279980000E-03    8.9325115643E-01    1.2538325128E-01    6.0667097984E+01    7.0162085365E-02
    1.6319980000E-03    9.2520835306E-01    1.4518049521E-01    6.0817794993E+01    7.0399831961E-02
    1.6359980000E-03    9.5558707715E-01    1.5940121474E-01    6.0962439593E+01    7.0661613735E-02
    1.6399980000E-03    9.8373551971E-01    1.6877750171E-01    6.1101172468E+01    7.0950572567E-02
    1.6439980000E-03    1.0093807166E+00    1.7408107534E-01    6.1234149561E+01    7.1262973529E-02
    1.6479980000E-03    1.0325005783E+00    1.7604402322E-01    6.1361619837E+01    7.1602790466E-02
    1.6519980000E-03    1.0531975076E+00    1.7533720961E-01    6.1483921583E+01    7.1983062055E-02
    1.6559980000E-03    1.0716243755E+00    1.7257118763E-01    6.1601414472E+01    7.2415315721E-02
    1.6599980000E-03    1.0879527554E+00    1.6830302155E-01    6.1714428712E+01    7.2909881803E-02
    1.6639980000E-03    1.1023847536E+00    1.6299077045E-01    6.1823261395E+01    7.3483998907E-02
    1.6679980000E-03    1.1151325826E+00    1.5702395324E-01    6.1928210764E+01    7.4149427386E-02
    1.6719980000E-03    1.1264075133E+00    1.5073818822E-01    6.2029548852E+01    7.4886108064E-02
    1.6759980000E-03    1.1363927136E+00    1.4444934236E-01    6.2127488619E+01    7.5647803183E-02
    1.6799980000E-03    1.1452319227E+00    1.3842262537E-01    6.2222214522E+01    7.6400158541E-02
    1.6839980000E-03    1.1530272103E+00    1.3282625858E-01    6.2313957802E+01    7.7129905407E-02
    1.6879980000E-03    1.1598351721E+00    1.2773718912E-01    6.2403003931E+01    7.7822035797E-02
    1.6919980000E-03    1.1656706023E+00    1.2315168257E-01    6.2489629229E+01    7.8468044722E-02
    1.6959980000E-03    1.1705297636E+00    1.1899545913E-01    6.2574103043E+01    7.9082189381E-02
    1.6999980000E-03    1.1744319166E+00    1.1509926271E-01    6.2656727799E+01    7.9674027294E-02
    1.7039980000E-03    1.1774398184E+00    1.1122438839E-01    6.2737852895E+01    8.0231074640E-02
    1.7079980000E-03    1.1796585253E+00    1.0708136069E-01    6.2817849944E+01    8.0735555949E-02
    1.7119980000E-03    1.1812216510E+00    1.0236916449E-01    6.2897067635E+01    8.1159159632E-02
    1.7159980000E-03    1.1822602035E+00    9.6888957588E-02    6.2975787017E+01    8.1464212134E-02
    1.7199980000E-03    1.1828650520E+00    9.0613167374E-02    6.3054255941E+01    8.1650250195E-02
    1.7239980000E-03    1.1830708344E+00    8.3620696744E-02    6.3132797015E+01    8.1765108819E-02
    1.7279980000E-03    1.1828646222E+00    7.5997364139E-02    6.3211844342E+01    8.1850599757E-02
    1.7319980000E-03    1.1821978806E+00    6.7797860711E-02    6.3291862033E+01    8.1909836832E-02
    1.7359980000E-03    1.1809971656E+00    5.9088342236E-02    6.3373272452E+01    8.1929639200E-02
    1.7399980000E-03    1.1791775073E+00    4.9976318490E-02    6.3456458707E+01    8.1908118339E-02
    1.7439980000E-03    1.1766537076E+00    4.0599306346E-02    6.3541797978E+01    8.1854695876E-02
    1.7479980000E-03    1.1733436488E+00    3.1101979105E-02    6.3629670246E+01    8.1778301580E-02
    1.7519980000E-03    1.1691619807E+00    2.1618620502E-02    6.3720437968E+01    8.1685472795E-02
    1.7559980000E-03    1.1640082616E+00    1.2263734428E-02    6.3814427917E+01    8.1586749693E-02
    1.7599980000E-03    1.1577564024E+00    3.1322180521E-03    6.3911933772E+01    8.1497919762E-02
    1.7639980000E-03    1.1502362230E+00   -5.7241515209E-03    6.4013218200E+01    8.1434070898E-02
    1.7679980000E-03    1.1412087086E+00   -1.4313771848E-02    6.4118512522E+01    8.1407371401E-02
    1.7719980000E-03    1.1303524953E+00   -2.2665631220E-02    6.4228033660E+01    8.1430014017E-02
    1.7759980000E-03    1.1172692240E+00   -3.0742271048E-02    6.4342015016E+01    8.1510018667E-02
    1.7799980000E-03    1.1015084656E+00   -3.8326921277E-02    6.4460736130E+01    8.1643043012E-02
    1.7839980000E-03    1.0826004614E+00   -4.4925094339E-02    6.4584546974E+01    8.1816102801E-02
    1.7879980000E-03    1.0600901753E+00   -4.9717159367E-02    6.4713865450E+01    8.2017554834E-02
    1.7919980000E-03    1.0336306939E+00   -5.1530175019E-02    6.4849098682E+01    8.2238446548E-02
    1.7959980000E-03    1.0032200502E+00   -4.8844704592E-02    6.4990499407E+01    8.2465700109E-02
    1.7999980000E-03    9.6957931412E-01   -3.9969316222E-02    6.5138122834E+01    8.2675917493E-02
    1.8039980000E-03    9.3434166890E-01   -2.3533657013E-02    6.5291987213E+01    8.2844172280E-02
    1.8079980000E-03    8.9974582353E-01    9.9566639839E-04    6.5452214778E+01    8.2969997196E-02
