 sig=    1.000000000000000      inputfile=
 /home/rjrj524/Finished/vmec_gc_tracer/revised_251128/nc/wout_pwO_nfp2_A6.nc                                                                                                                             
 dt=   2.0000000000000001E-009
 steps=      1000000
 x0=   5.9999999999999998E-002    3.080000000000000      
    6.410000000000000     
 u=   -41900.00000000000     
 v_perp=    128000.0000000000     
 
time(s)         x0(1)       x0(2)        x0(3)      r
    3.9980000000E-06    1.2681415841E+00    4.0659642581E-02    6.2955285051E+00    6.0197350846E-02
    7.9980000000E-06    1.2642573537E+00    1.1336121438E-01    6.1778083534E+00    5.9355535211E-02
    1.1998000000E-05    1.2540740868E+00    1.8801270907E-01    6.0485512303E+00    5.7855928026E-02
    1.5998000000E-05    1.2350238062E+00    2.6308537034E-01    5.9023355085E+00    5.6235087576E-02
    1.9998000000E-05    1.2039976875E+00    3.3468976792E-01    5.7365821346E+00    5.4882226429E-02
    2.3998000000E-05    1.1582035278E+00    3.9789346010E-01    5.5501898853E+00    5.4015702450E-02
    2.7998000000E-05    1.0960400834E+00    4.4692690212E-01    5.3425544472E+00    5.3758505858E-02
    3.1998000000E-05    1.0184692904E+00    4.7538291912E-01    5.1134630928E+00    5.4195801789E-02
    3.5998000000E-05    9.3050205164E-01    4.7767210492E-01    4.8631434358E+00    5.5190933451E-02
    3.9998000000E-05    8.3972730416E-01    4.5113981326E-01    4.5914158188E+00    5.6340765400E-02
    4.3998000000E-05    7.5414887516E-01    3.9636401542E-01    4.2983381603E+00    5.7333468152E-02
    4.7998000000E-05    6.8168688726E-01    3.1680037529E-01    3.9851585771E+00    5.7950788414E-02
    5.1998000000E-05    6.3064280405E-01    2.1882367658E-01    3.6556300301E+00    5.7960066517E-02
    5.5998000000E-05    6.0623055796E-01    1.1124572559E-01    3.3179199312E+00    5.7206660496E-02
    5.9998000000E-05    6.0806106968E-01    2.2576261968E-03    2.9826774981E+00    5.5635175669E-02
    6.3998000000E-05    6.3221885105E-01   -1.0152661656E-01    2.6594822022E+00    5.3254695734E-02
    6.7998000000E-05    6.7351478072E-01   -1.9466132857E-01    2.3542402744E+00    5.0316949135E-02
    7.1998000000E-05    7.2817764894E-01   -2.7247113818E-01    2.0694329268E+00    4.7030933753E-02
    7.5998000000E-05    7.9204975648E-01   -3.3137827486E-01    1.8061046943E+00    4.3507421437E-02
    7.9998000000E-05    8.5937559457E-01   -3.7034134806E-01    1.5638403592E+00    4.0039634418E-02
    8.3998000000E-05    9.2491416251E-01   -3.9089649805E-01    1.3411497774E+00    3.6734305720E-02
    8.7998000000E-05    9.8498202249E-01   -3.9631235634E-01    1.1360180221E+00    3.3636808442E-02
    9.1998000000E-05    1.0376334166E+00   -3.9033908578E-01    9.4692302883E-01    3.0822233176E-02
    9.5998000000E-05    1.0825160509E+00   -3.7618978768E-01    7.7235440810E-01    2.8281778631E-02
    9.9998000000E-05    1.1200794232E+00   -3.5602984205E-01    6.1074865345E-01    2.6011239185E-02
    1.0399800000E-04    1.1509573021E+00   -3.3107933029E-01    4.6102721017E-01    2.4007818320E-02
    1.0799800000E-04    1.1757402373E+00   -3.0224592735E-01    3.2246903880E-01    2.2266797785E-02
    1.1199800000E-04    1.1949804992E+00   -2.7048409074E-01    1.9456528428E-01    2.0791001709E-02
    1.1599800000E-04    1.2093091329E+00   -2.3666350620E-01    7.6744940040E-02    1.9556418161E-02
    1.1999800000E-04    1.2194126974E+00   -2.0162443856E-01   -3.2003757597E-02    1.8546086452E-02
    1.2399800000E-04    1.2259683381E+00   -1.6602231202E-01   -1.3333453247E-01    1.7732334708E-02
    1.2799800000E-04    1.2295425851E+00   -1.3008800926E-01   -2.2963008421E-01    1.7053957492E-02
    1.3199800000E-04    1.2304893646E+00   -9.3576065353E-02   -3.2396516140E-01    1.6423285936E-02
    1.3599800000E-04    1.2288755640E+00   -5.5889742770E-02   -4.1996739028E-01    1.5746688566E-02
    1.3999800000E-04    1.2244353242E+00   -1.6352603363E-02   -5.2157326598E-01    1.4949682432E-02
    1.4399800000E-04    1.2165480702E+00    2.5424673726E-02   -6.3265942136E-01    1.3995909708E-02
    1.4799800000E-04    1.2042494137E+00    6.9167232317E-02   -7.5661986278E-01    1.2891756994E-02
    1.5199800000E-04    1.1862917189E+00    1.1367201984E-01   -8.9610311318E-01    1.1671134375E-02
    1.5599800000E-04    1.1612944157E+00    1.5664238945E-01   -1.0531515699E+00    1.0371067061E-02
    1.5999800000E-04    1.1281179134E+00    1.9453877764E-01   -1.2295491967E+00    9.0325292675E-03
    1.6399800000E-04    1.0865106726E+00    2.2274985799E-01   -1.4267960548E+00    7.7186172402E-03
    1.6799800000E-04    1.0377803543E+00    2.3644853765E-01   -1.6456742601E+00    6.5044141761E-03
    1.7199800000E-04    9.8529232074E-01    2.3173692600E-01   -1.8858865115E+00    5.4653679304E-03
    1.7599800000E-04    9.3424252380E-01    2.0694797808E-01   -2.1458715702E+00    4.6570718504E-03
    1.7999800000E-04    8.9038205691E-01    1.6336847413E-01   -2.4228081863E+00    4.0839583828E-03
    1.8399800000E-04    8.5892781967E-01    1.0472641180E-01   -2.7126556909E+00    3.7331471163E-03
    1.8799800000E-04    8.4368535598E-01    3.6661003186E-02   -3.0101647592E+00    3.6022253899E-03
    1.9199800000E-04    8.4625649604E-01   -3.4036909697E-02   -3.3094676758E+00    3.6774974717E-03
    1.9599800000E-04    8.6622788850E-01   -1.0036588078E-01   -3.6046573945E+00    3.9682953286E-03
    1.9999800000E-04    9.0108802115E-01   -1.5582453405E-01   -3.8902588631E+00    4.4752946948E-03
    2.0399800000E-04    9.4655409946E-01   -1.9540929811E-01   -4.1617082849E+00    5.1840416582E-03
    2.0799800000E-04    9.9736046734E-01   -2.1612532539E-01   -4.4154978388E+00    6.0997909609E-03
    2.1199800000E-04    1.0479822140E+00   -2.1757913783E-01   -4.6492520878E+00    7.1930149880E-03
    2.1599800000E-04    1.0938904257E+00   -2.0211145613E-01   -4.8618019473E+00    8.3969603526E-03
    2.1999800000E-04    1.1324506800E+00   -1.7386254875E-01   -5.0531457541E+00    9.6421719647E-03
    2.2399800000E-04    1.1628809607E+00   -1.3754926369E-01   -5.2242887052E+00    1.0863747264E-02
    2.2799800000E-04    1.1857411103E+00   -9.7298188315E-02   -5.3768242576E+00    1.2021060532E-02
    2.3199800000E-04    1.2022265520E+00   -5.6072469941E-02   -5.5125244491E+00    1.3096771159E-02
    2.3599800000E-04    1.2136110417E+00   -1.5758323646E-02   -5.6334057968E+00    1.4074313557E-02
    2.3999800000E-04    1.2210006765E+00    2.2667139918E-02   -5.7420278441E+00    1.4941624900E-02
    2.4399800000E-04    1.2252462398E+00    5.9005968493E-02   -5.8415396092E+00    1.5710214178E-02
    2.4799800000E-04    1.2269053473E+00    9.3600958509E-02   -5.9354285917E+00    1.6421809659E-02
    2.5199800000E-04    1.2262402433E+00    1.2701048704E-01   -6.0271935691E+00    1.7138977637E-02
    2.5599800000E-04    1.2232418302E+00    1.5971969807E-01   -6.1200877030E+00    1.7928695714E-02
    2.5999800000E-04    1.2176690651E+00    1.9195824762E-01   -6.2169509802E+00    1.8848465375E-02
    2.6399800000E-04    1.2091013097E+00    2.2363154929E-01   -6.3200983701E+00    1.9939378087E-02
    2.6799800000E-04    1.1970032549E+00    2.5436399459E-01   -6.4312555341E+00    2.1228561218E-02
    2.7199800000E-04    1.1807874011E+00    2.8362097473E-01   -6.5515586789E+00    2.2743203028E-02
    2.7599800000E-04    1.1598830559E+00    3.1072285087E-01   -6.6816763149E+00    2.4496662944E-02
    2.7999800000E-04    1.1337740716E+00    3.3484135759E-01   -6.8221570056E+00    2.6451470033E-02
    2.8399800000E-04    1.1018792424E+00    3.5527806293E-01   -6.9736705771E+00    2.8585739596E-02
    2.8799800000E-04    1.0635001200E+00    3.7128098804E-01   -7.1370825079E+00    3.0913480922E-02
    2.9199800000E-04    1.0179255255E+00    3.8138818940E-01   -7.3137587555E+00    3.3463996981E-02
    2.9599800000E-04    9.6478049759E-01    3.8306745970E-01   -7.5052895610E+00    3.6295821087E-02
    2.9999800000E-04    9.0482572627E-01    3.7279774232E-01   -7.7131421126E+00    3.9375659111E-02
    3.0399800000E-04    8.4046477345E-01    3.4682264961E-01   -7.9391422560E+00    4.2620318562E-02
    3.0799800000E-04    7.7570115255E-01    3.0234881319E-01   -8.1851991171E+00    4.6018313858E-02
    3.1199800000E-04    7.1594126702E-01    2.3851690234E-01   -8.4525395150E+00    4.9370688632E-02
    3.1599800000E-04    6.6628835868E-01    1.5703167983E-01   -8.7412942441E+00    5.2457139083E-02
    3.1999800000E-04    6.3026825106E-01    6.1728186218E-02   -9.0499677200E+00    5.5182574295E-02
    3.2399800000E-04    6.1231558319E-01   -4.2869445140E-02   -9.3756823097E+00    5.7334048482E-02
    3.2799800000E-04    6.1810780670E-01   -1.5095863946E-01   -9.7113513694E+00    5.8682486885E-02
    3.3199800000E-04    6.5087545849E-01   -2.5538437218E-01   -1.0046859537E+01    5.9282368792E-02
    3.3599800000E-04    7.0942850327E-01   -3.4734315201E-01   -1.0371729034E+01    5.9177826196E-02
    3.3999800000E-04    7.8691873420E-01   -4.1850639328E-01   -1.0679006126E+01    5.8544369954E-02
    3.4399800000E-04    8.7499981141E-01   -4.6339339831E-01   -1.0965798643E+01    5.7610534338E-02
    3.4799800000E-04    9.6570183145E-01   -4.7930613516E-01   -1.1231178783E+01    5.6621371962E-02
    3.5199800000E-04    1.0508510971E+00   -4.6657576971E-01   -1.1475148200E+01    5.5948778284E-02
    3.5599800000E-04    1.1232097119E+00   -4.2909122794E-01   -1.1697552248E+01    5.5938202542E-02
    3.5999800000E-04    1.1792296458E+00   -3.7312251340E-01   -1.1898171318E+01    5.6596780479E-02
    3.6399800000E-04    1.2191400592E+00   -3.0506038641E-01   -1.2077422558E+01    5.7820489451E-02
    3.6799800000E-04    1.2451419628E+00   -2.3047178967E-01   -1.2236054004E+01    5.9445172374E-02
    3.7199800000E-04    1.2603029325E+00   -1.5414009191E-01   -1.2375635164E+01    6.1184748809E-02
    3.7599800000E-04    1.2676807815E+00   -7.9278256339E-02   -1.2499844548E+01    6.2543623792E-02
    3.7999800000E-04    1.2694443065E+00   -6.1806799106E-03   -1.2615610375E+01    6.2995635995E-02
    3.8399800000E-04    1.2662812604E+00    6.7202675892E-02   -1.2732221817E+01    6.2311846314E-02
    3.8799800000E-04    1.2572380315E+00    1.4272000650E-01   -1.2858870489E+01    6.0683889261E-02
    3.9199800000E-04    1.2399652407E+00    2.1954738944E-01   -1.3002216043E+01    5.8627446772E-02
    3.9599800000E-04    1.2114163633E+00    2.9387879256E-01   -1.3165729699E+01    5.6630382675E-02
    3.9999800000E-04    1.1687826741E+00    3.6044191421E-01   -1.3350998725E+01    5.4986041266E-02
    4.0399800000E-04    1.1103982494E+00    4.1314617000E-01   -1.3558944011E+01    5.3868812219E-02
    4.0799800000E-04    1.0370889823E+00    4.4509215642E-01   -1.3789994330E+01    5.3392240955E-02
    4.1199800000E-04    9.5392137726E-01    4.5029024448E-01   -1.4043536370E+01    5.3525514147E-02
    4.1599800000E-04    8.6907498634E-01    4.2643936999E-01   -1.4318646096E+01    5.3953653126E-02
    4.1999800000E-04    7.9092586699E-01    3.7517146599E-01   -1.4614007660E+01    5.4375303263E-02
    4.2399800000E-04    7.2758371842E-01    3.0088663109E-01   -1.4926806134E+01    5.4531553636E-02
    4.2799800000E-04    6.8674040609E-01    2.1054597741E-01   -1.5251144765E+01    5.4226883851E-02
    4.3199800000E-04    6.7245584348E-01    1.1295109387E-01   -1.5577775116E+01    5.3463578084E-02
    4.3599800000E-04    6.8350974111E-01    1.6640015603E-02   -1.5896488039E+01    5.2200016583E-02
    4.3999800000E-04    7.1423906566E-01   -7.1377495368E-02   -1.6199277198E+01    5.0570056058E-02
    4.4399800000E-04    7.5803147702E-01   -1.4638573120E-01   -1.6482449842E+01    4.8729694302E-02
    4.4799800000E-04    8.0993439704E-01   -2.0540734730E-01   -1.6744778114E+01    4.6695738705E-02
    4.5199800000E-04    8.6545579166E-01   -2.4712325123E-01   -1.6986087983E+01    4.4657714825E-02
    4.5599800000E-04    9.2040962769E-01   -2.7221243610E-01   -1.7207274792E+01    4.2677894585E-02
    4.5999800000E-04    9.7129920996E-01   -2.8309963881E-01   -1.7409655386E+01    4.0738673318E-02
    4.6399800000E-04    1.0160159761E+00   -2.8322752294E-01   -1.7594703737E+01    3.8845417401E-02
    4.6799800000E-04    1.0540394943E+00   -2.7611052503E-01   -1.7764410349E+01    3.6972334813E-02
    4.7199800000E-04    1.0858363417E+00   -2.6455690493E-01   -1.7920789290E+01    3.5125098409E-02
    4.7599800000E-04    1.1122297480E+00   -2.5038129790E-01   -1.8065151521E+01    3.3317818221E-02
    4.7999800000E-04    1.1340348393E+00   -2.3462751629E-01   -1.8198287265E+01    3.1526207827E-02
    4.8399800000E-04    1.1518931537E+00   -2.1794347326E-01   -1.8320869397E+01    2.9747120564E-02
    4.8799800000E-04    1.1663110996E+00   -2.0069058948E-01   -1.8433475593E+01    2.8017356517E-02
    4.9199800000E-04    1.1777341373E+00   -1.8311421106E-01   -1.8536689970E+01    2.6383520386E-02
    4.9599800000E-04    1.1865996939E+00   -1.6537412145E-01   -1.8631267642E+01    2.4885026909E-02
    4.9999800000E-04    1.1933253878E+00   -1.4759261702E-01   -1.8718227514E+01    2.3546529628E-02
    5.0399800000E-04    1.1982813583E+00   -1.2982979583E-01   -1.8798819395E+01    2.2378291642E-02
    5.0799800000E-04    1.2017657746E+00   -1.1207809087E-01   -1.8874460263E+01    2.1383300521E-02
    5.1199800000E-04    1.2039944991E+00   -9.4254645962E-02   -1.8946677902E+01    2.0562693137E-02
    5.1599800000E-04    1.2051003800E+00   -7.6218711429E-02   -1.9017083083E+01    1.9917363136E-02
    5.1999800000E-04    1.2051345075E+00   -5.7773981751E-02   -1.9087348338E+01    1.9447866706E-02
    5.2399800000E-04    1.2040689785E+00   -3.8716308614E-02   -1.9159204271E+01    1.9153870062E-02
    5.2799800000E-04    1.2017928357E+00   -1.8828103192E-02   -1.9234411533E+01    1.9033122848E-02
    5.3199800000E-04    1.1981100717E+00    2.0641656313E-03   -1.9314742920E+01    1.9079789417E-02
    5.3599800000E-04    1.1927348840E+00    2.4052526484E-02   -1.9401944471E+01    1.9281012149E-02
    5.3999800000E-04    1.1852894429E+00    4.7089505988E-02   -1.9497691219E+01    1.9612161897E-02
    5.4399800000E-04    1.1752957971E+00    7.0956659556E-02   -1.9603533755E+01    2.0032543989E-02
    5.4799800000E-04    1.1621689242E+00    9.5209932644E-02   -1.9720877907E+01    2.0485792182E-02
    5.5199800000E-04    1.1451955851E+00    1.1914986966E-01   -1.9851008223E+01    2.0909894049E-02
    5.5599800000E-04    1.1235034739E+00    1.4177160545E-01   -1.9995173480E+01    2.1257157423E-02
    5.5999800000E-04    1.0960732122E+00    1.6161540331E-01   -2.0154714023E+01    2.1510300683E-02
    5.6399800000E-04    1.0618964347E+00    1.7651436786E-01   -2.0331142027E+01    2.1673212679E-02
    5.6799800000E-04    1.0204000042E+00    1.8338262899E-01   -2.0526014902E+01    2.1748773649E-02
    5.7199800000E-04    9.7211655296E-01    1.7842095908E-01   -2.0740515804E+01    2.1749779961E-02
    5.7599800000E-04    9.1940055063E-01    1.5797486032E-01   -2.0975164088E+01    2.1715684093E-02
    5.7999800000E-04    8.6691026591E-01    1.1975799359E-01   -2.1229906848E+01    2.1665760017E-02
    5.8399800000E-04    8.2100290690E-01    6.4031829467E-02   -2.1503793506E+01    2.1602470232E-02
    5.8799800000E-04    7.8788935432E-01   -6.0757123209E-03   -2.1794608783E+01    2.1572076921E-02
    5.9199800000E-04    7.7302476100E-01   -8.5156244973E-02   -2.2098304456E+01    2.1545728596E-02
    5.9599800000E-04    7.8002908672E-01   -1.6598072212E-01   -2.2408150179E+01    2.1437220611E-02
    5.9999800000E-04    8.0912209228E-01   -2.4053135991E-01   -2.2716184051E+01    2.1230709279E-02
    6.0399800000E-04    8.5734339273E-01   -3.0115823453E-01   -2.3014732377E+01    2.0976667705E-02
    6.0799800000E-04    9.1892327080E-01   -3.4183319466E-01   -2.3297770476E+01    2.0830830825E-02
    6.1199800000E-04    9.8675749737E-01   -3.5874871928E-01   -2.3561514329E+01    2.0923294237E-02
    6.1599800000E-04    1.0534280039E+00   -3.5098993006E-01   -2.3803685563E+01    2.1391917996E-02
    6.1999800000E-04    1.1125832138E+00   -3.2117903578E-01   -2.4023001016E+01    2.2324660163E-02
    6.2399800000E-04    1.1605999999E+00   -2.7460920197E-01   -2.4219375279E+01    2.3680978032E-02
    6.2799800000E-04    1.1966734801E+00   -2.1727902315E-01   -2.4393800514E+01    2.5331560501E-02
    6.3199800000E-04    1.2218415114E+00   -1.5463643848E-01   -2.4547802714E+01    2.7104968955E-02
    6.3599800000E-04    1.2380666633E+00   -9.1051999171E-02   -2.4683416016E+01    2.8783642032E-02
    6.3999800000E-04    1.2474871067E+00   -2.9259322294E-02   -2.4803877413E+01    3.0106603313E-02
    6.4399800000E-04    1.2518130271E+00    3.0161466556E-02   -2.4914281245E+01    3.0868241951E-02
    6.4799800000E-04    1.2519491037E+00    8.8340097022E-02   -2.5021233006E+01    3.1045992268E-02
    6.5199800000E-04    1.2478493453E+00    1.4678861748E-01   -2.5131566016E+01    3.0799358711E-02
    6.5599800000E-04    1.2385541867E+00    2.0608154614E-01   -2.5251055041E+01    3.0384714241E-02
    6.5999800000E-04    1.2223850387E+00    2.6533380480E-01   -2.5383677271E+01    3.0072516704E-02
    6.6399800000E-04    1.1972686359E+00    3.2250768799E-01   -2.5531586169E+01    3.0092471183E-02
    6.6799800000E-04    1.1611849913E+00    3.7472983909E-01   -2.5695735318E+01    3.0610789594E-02
    6.7199800000E-04    1.1127177569E+00    4.1837741456E-01   -2.5876717895E+01    3.1721346219E-02
    6.7599800000E-04    1.0516273089E+00    4.4931813490E-01   -2.6075143778E+01    3.3466805994E-02
    6.7999800000E-04    9.7935175205E-01    4.6336608362E-01   -2.6291601498E+01    3.5783134011E-02
    6.8399800000E-04    8.9882239023E-01    4.5696085115E-01   -2.6526924706E+01    3.8537068345E-02
    6.8799800000E-04    8.1456314452E-01    4.2709735597E-01   -2.6782453595E+01    4.1563723468E-02
    6.9199800000E-04    7.3313300076E-01    3.7197687653E-01   -2.7059503944E+01    4.4548307157E-02
    6.9599800000E-04    6.6226334014E-01    2.9277206189E-01   -2.7358092843E+01    4.7175764758E-02
    6.9999800000E-04    6.0868174125E-01    1.9446130990E-01   -2.7676770368E+01    4.9265373546E-02
    7.0399800000E-04    5.7722366640E-01    8.4151416655E-02   -2.8011775356E+01    5.0595714646E-02
    7.0799800000E-04    5.7054505026E-01   -3.0930668161E-02   -2.8354971093E+01    5.0965619072E-02
    7.1199800000E-04    5.8917994026E-01   -1.4474731550E-01   -2.8696219295E+01    5.0385631362E-02
    7.1599800000E-04    6.3220543401E-01   -2.5057747586E-01   -2.9025761959E+01    4.8915813394E-02
    7.1999800000E-04    6.9591249007E-01   -3.4070318409E-01   -2.9337016348E+01    4.6773878304E-02
    7.2399800000E-04    7.7420832826E-01   -4.0857893951E-01   -2.9627468440E+01    4.4180729852E-02
    7.2799800000E-04    8.5943592409E-01   -4.5084953607E-01   -2.9896168526E+01    4.1362091281E-02
    7.3199800000E-04    9.4413580496E-01   -4.6779936830E-01   -3.0143748543E+01    3.8661322454E-02
    7.3599800000E-04    1.0224988947E+00   -4.6179881475E-01   -3.0371559809E+01    3.6321517857E-02
    7.3999800000E-04    1.0904689535E+00   -4.3619406086E-01   -3.0580614494E+01    3.4518813322E-02
    7.4399800000E-04    1.1455837009E+00   -3.9526041496E-01   -3.0771427442E+01    3.3364057553E-02
    7.4799800000E-04    1.1873688372E+00   -3.4360855485E-01   -3.0944533245E+01    3.2830212640E-02
    7.5199800000E-04    1.2169654535E+00   -2.8539544083E-01   -3.1100533555E+01    3.2834702203E-02
    7.5599800000E-04    1.2363929712E+00   -2.2403561945E-01   -3.1240214988E+01    3.3231300681E-02
    7.5999800000E-04    1.2479265455E+00   -1.6211345863E-01   -3.1365310839E+01    3.3799073763E-02
    7.6399800000E-04    1.2535598434E+00   -1.0108588267E-01   -3.1479314082E+01    3.4250227870E-02
    7.6799800000E-04    1.2545936446E+00   -4.0807448046E-02   -3.1587765241E+01    3.4283544347E-02
    7.7199800000E-04    1.2513744876E+00    2.0201645283E-02   -3.1697666106E+01    3.3687541365E-02
    7.7599800000E-04    1.2432096225E+00    8.3396165484E-02   -3.1816163720E+01    3.2448272747E-02
    7.7999800000E-04    1.2284805767E+00    1.4864315288E-01   -3.1949024472E+01    3.0772925942E-02
    7.8399800000E-04    1.2049964194E+00    2.1355285575E-01   -3.2099954990E+01    2.8957604038E-02
    7.8799800000E-04    1.1705929281E+00    2.7392824664E-01   -3.2271168176E+01    2.7252171661E-02
    7.9199800000E-04    1.1238853928E+00    3.2441055044E-01   -3.2464214745E+01    2.5844053685E-02
    7.9599800000E-04    1.0651960568E+00    3.5889625563E-01   -3.2680177060E+01    2.4868564901E-02
    7.9999800000E-04    9.9766187737E-01    3.7163764529E-01   -3.2919159258E+01    2.4383344951E-02
    8.0399800000E-04    9.2738359465E-01    3.5935770669E-01   -3.3180075483E+01    2.4307158469E-02
    8.0799800000E-04    8.6187245031E-01    3.2236731427E-01   -3.3460928632E+01    2.4479069878E-02
    8.1199800000E-04    8.0850796302E-01    2.6404278988E-01   -3.3758402225E+01    2.4757208076E-02
    8.1599800000E-04    7.7366628596E-01    1.9008179488E-01   -3.4066920378E+01    2.4965728006E-02
    8.1999800000E-04    7.6112499574E-01    1.0801366218E-01   -3.4378870118E+01    2.5024554083E-02
    8.2399800000E-04    7.7129027832E-01    2.6009986035E-02   -3.4686007407E+01    2.4945756526E-02
    8.2799800000E-04    8.0097312786E-01   -4.8382143995E-02   -3.4980982504E+01    2.4829313945E-02
    8.3199800000E-04    8.4477465837E-01   -1.0936887811E-01   -3.5259185898E+01    2.4751512456E-02
    8.3599800000E-04    8.9668296774E-01   -1.5334172154E-01   -3.5518244972E+01    2.4660150326E-02
    8.3999800000E-04    9.5024798464E-01   -1.7944266503E-01   -3.5757141356E+01    2.4521529522E-02
    8.4399800000E-04    1.0003244195E+00   -1.8946378583E-01   -3.5975848103E+01    2.4325462970E-02
    8.4799800000E-04    1.0440763695E+00   -1.8676726173E-01   -3.6174883004E+01    2.4047045850E-02
    8.5199800000E-04    1.0805837088E+00   -1.7514902622E-01   -3.6355372981E+01    2.3678927261E-02
    8.5599800000E-04    1.1101897911E+00   -1.5787708371E-01   -3.6518871381E+01    2.3219316016E-02
    8.5999800000E-04    1.1338293610E+00   -1.3730252981E-01   -3.6666940828E+01    2.2658163226E-02
    8.6399800000E-04    1.1525352086E+00   -1.1498625991E-01   -3.6800948625E+01    2.2003586990E-02
    8.6799800000E-04    1.1672053158E+00   -9.1999320056E-02   -3.6922098361E+01    2.1298889866E-02
    8.7199800000E-04    1.1785746097E+00   -6.9091487889E-02   -3.7031545117E+01    2.0609406717E-02
    8.7599800000E-04    1.1872435731E+00   -4.6765311890E-02   -3.7130514629E+01    1.9999229288E-02
    8.7999800000E-04    1.1937035003E+00   -2.5325893713E-02   -3.7220376861E+01    1.9516231329E-02
    8.8399800000E-04    1.1983557001E+00   -4.8904269542E-03   -3.7302644915E+01    1.9189817793E-02
    8.8799800000E-04    1.2015141454E+00    1.4560065165E-02   -3.7378943084E+01    1.9035930276E-02
    8.9199800000E-04    1.2034101719E+00    3.3150281429E-02   -3.7450954200E+01    1.9062594591E-02
    8.9599800000E-04    1.2041941531E+00    5.1065374320E-02   -3.7520379499E+01    1.9274272515E-02
    8.9999800000E-04    1.2039383468E+00    6.8529272902E-02   -3.7588904736E+01    1.9674600049E-02
    9.0399800000E-04    1.2026365236E+00    8.5754460106E-02   -3.7658189274E+01    2.0267745650E-02
    9.0799800000E-04    1.2002049290E+00    1.0293163215E-01   -3.7729847429E+01    2.1058128984E-02
    9.1199800000E-04    1.1964815578E+00    1.2020176423E-01   -3.7805437473E+01    2.2048119753E-02
    9.1599800000E-04    1.1912280598E+00    1.3762849967E-01   -3.7886444550E+01    2.3233705454E-02
    9.1999800000E-04    1.1841359782E+00    1.5520454872E-01   -3.7974238784E+01    2.4599619060E-02
    9.2399800000E-04    1.1748403401E+00    1.7285385385E-01   -3.8070015664E+01    2.6117918742E-02
    9.2799800000E-04    1.1629409394E+00    1.9044511126E-01   -3.8174733729E+01    2.7751420330E-02
    9.3199800000E-04    1.1480198691E+00    2.0779076318E-01   -3.8289118854E+01    2.9456180932E-02
    9.3599800000E-04    1.1296289499E+00    2.2458888025E-01   -3.8413793570E+01    3.1184956859E-02
    9.3999800000E-04    1.1072180585E+00    2.4036869337E-01   -3.8549385929E+01    3.2913076879E-02
    9.4399800000E-04    1.0800647850E+00    2.5439175693E-01   -3.8696542465E+01    3.4647891593E-02
    9.4799800000E-04    1.0472981249E+00    2.6542517579E-01   -3.8856186901E+01    3.6381482871E-02
    9.5199800000E-04    1.0081084479E+00    2.7135332517E-01   -3.9029960085E+01    3.8103606480E-02
    9.5599800000E-04    9.6219433696E-01    2.6911923748E-01   -3.9219927939E+01    3.9848813407E-02
    9.5999800001E-04    9.1049924483E-01    2.5511233350E-01   -3.9427844341E+01    4.1627542240E-02
    9.6399800001E-04    8.5552911723E-01    2.2610874135E-01   -3.9655040263E+01    4.3429101513E-02
    9.6799800001E-04    8.0097113544E-01    1.8014713487E-01   -3.9902667257E+01    4.5272975481E-02
    9.7199800001E-04    7.5128276040E-01    1.1707502336E-01   -4.0171286685E+01    4.7043764283E-02
    9.7599800001E-04    7.1123243486E-01    3.8764061303E-02   -4.0460376290E+01    4.8622477494E-02
    9.7999800001E-04    6.8641853749E-01   -5.1244028389E-02   -4.0768053955E+01    4.9997816013E-02
    9.8399800001E-04    6.8354796199E-01   -1.4734252518E-01   -4.1089113483E+01    5.0965532999E-02
    9.8799800001E-04    7.0673948915E-01   -2.4181386271E-01   -4.1414508564E+01    5.1491196503E-02
    9.9199800001E-04    7.5530236999E-01   -3.2585958540E-01   -4.1734235718E+01    5.1575884856E-02
    9.9599800001E-04    8.2360359757E-01   -3.9123999047E-01   -4.2040124011E+01    5.1284160815E-02
    9.9999800001E-04    9.0369698377E-01   -4.3198884526E-01   -4.2327478865E+01    5.0854560571E-02
    1.0039980000E-03    9.8749972730E-01   -4.4465860777E-01   -4.2594049841E+01    5.0539097488E-02
    1.0079980000E-03    1.0665920439E+00   -4.2893280062E-01   -4.2838674402E+01    5.0657848957E-02
    1.0119980000E-03    1.1337114240E+00   -3.8866713116E-01   -4.3060406926E+01    5.1419162721E-02
    1.0159980000E-03    1.1855115985E+00   -3.3048475091E-01   -4.3259051426E+01    5.2764671737E-02
    1.0199980000E-03    1.2222699454E+00   -2.6103723366E-01   -4.3435343682E+01    5.4567761547E-02
    1.0239980000E-03    1.2461295091E+00   -1.8604758705E-01   -4.3590421232E+01    5.6614973443E-02
    1.0279980000E-03    1.2600193976E+00   -1.1032048280E-01   -4.3726432962E+01    5.8552157119E-02
    1.0319980000E-03    1.2667560732E+00   -3.6608491151E-02   -4.3847928505E+01    5.9859494436E-02
    1.0359980000E-03    1.2681857030E+00    3.5430787178E-02   -4.3962590478E+01    6.0134615022E-02
    1.0399980000E-03    1.2646701834E+00    1.0800039607E-01   -4.4079789380E+01    5.9356742498E-02
    1.0439980000E-03    1.2549950549E+00    1.8251363318E-01   -4.4208022144E+01    5.7885254639E-02
    1.0479980000E-03    1.2366620023E+00    2.5764942627E-01   -4.4352939367E+01    5.6256442430E-02
    1.0519980000E-03    1.2065744036E+00    3.2963537198E-01   -4.4517279408E+01    5.4874344272E-02
    1.0559980000E-03    1.1618932007E+00    3.9359147574E-01   -4.4702209855E+01    5.3965896104E-02
    1.0599980000E-03    1.1009029183E+00    4.4380931701E-01   -4.4908356392E+01    5.3658933005E-02
    1.0639980000E-03    1.0243242998E+00    4.7389758539E-01   -4.5135974710E+01    5.4042345237E-02
    1.0679980000E-03    9.3689695978E-01    4.7812902064E-01   -4.5384839155E+01    5.5005212675E-02
    1.0719980000E-03    8.4611756960E-01    4.5362079955E-01   -4.5655092154E+01    5.6150944699E-02
    1.0759980000E-03    7.5999263410E-01    4.0074517510E-01   -4.5946724899E+01    5.7157592440E-02
    1.0799980000E-03    6.8644316881E-01    3.2277079489E-01   -4.6258593506E+01    5.7803781837E-02
    1.0839980000E-03    6.3376422246E-01    2.2586436017E-01   -4.6587165938E+01    5.7860340335E-02
    1.0879980000E-03    6.0754446530E-01    1.1874467031E-01   -4.6924575727E+01    5.7160107080E-02
    1.0919980000E-03    6.0771470568E-01    9.7262679075E-03   -4.7260202470E+01    5.5650178906E-02
    1.0959980000E-03    6.3054102857E-01   -9.4491092399E-02   -4.7584337978E+01    5.3325056222E-02
    1.0999980000E-03    6.7079143456E-01   -1.8838285013E-01   -4.7890770997E+01    5.0426266823E-02
    1.1039980000E-03    7.2459966441E-01   -2.6725867505E-01   -4.8176900278E+01    4.7173378333E-02
    1.1079980000E-03    7.8793746251E-01   -3.2741804529E-01   -4.8441568266E+01    4.3669221852E-02
    1.1119980000E-03    8.5510888468E-01   -3.6764561643E-01   -4.8685117604E+01    4.0202491848E-02
    1.1159980000E-03    9.2079161762E-01   -3.8932646393E-01   -4.8908964538E+01    3.6896660372E-02
    1.1199980000E-03    9.8120394968E-01   -3.9564298596E-01   -4.9115129347E+01    3.3791254815E-02
    1.1239980000E-03    1.0342818528E+00   -3.9035445555E-01   -4.9305169655E+01    3.0965374234E-02
    1.1279980000E-03    1.0795887091E+00   -3.7673510115E-01   -4.9480575728E+01    2.8414203992E-02
    1.1319980000E-03    1.1175510381E+00   -3.5702379815E-01   -4.9642930324E+01    2.6128937994E-02
    1.1359980000E-03    1.1488034390E+00   -3.3248873127E-01   -4.9793351602E+01    2.4108190949E-02
    1.1399980000E-03    1.1739463067E+00   -3.0402848551E-01   -4.9932580106E+01    2.2345916015E-02
    1.1439980000E-03    1.1935294335E+00   -2.7259334242E-01   -5.0061138520E+01    2.0848221910E-02
    1.1479980000E-03    1.2081750408E+00   -2.3905102716E-01   -5.0179578052E+01    1.9592670633E-02
    1.1519980000E-03    1.2185635610E+00   -2.0423125219E-01   -5.0288866640E+01    1.8560888860E-02
    1.1559980000E-03    1.2253703580E+00   -1.6880581800E-01   -5.0390600599E+01    1.7727798234E-02
    1.1599980000E-03    1.2291699033E+00   -1.3304352290E-01   -5.0487096687E+01    1.7036397189E-02
    1.1639980000E-03    1.2303337638E+00   -9.6740078244E-02   -5.0581363878E+01    1.6402328472E-02
    1.1679980000E-03    1.2289540731E+00   -5.9326624888E-02   -5.0676973172E+01    1.5732856782E-02
    1.1719980000E-03    1.2247964578E+00   -2.0124406777E-02   -5.0777827156E+01    1.4951440565E-02
    1.1759980000E-03    1.2172752961E+00    2.1295514165E-02   -5.0887807525E+01    1.4017646234E-02
    1.1799980000E-03    1.2054610935E+00    6.4734084053E-02   -5.1010355026E+01    1.2933587820E-02
    1.1839980000E-03    1.1881347659E+00    1.0909009902E-01   -5.1148180726E+01    1.1730797277E-02
    1.1879980000E-03    1.1639222407E+00    1.5219365329E-01   -5.1303363932E+01    1.0445563513E-02
    1.1919980000E-03    1.1316354261E+00    1.9064910428E-01   -5.1477703383E+01    9.1163683901E-03
    1.1959980000E-03    1.0908985743E+00    2.1993862470E-01   -5.1672745101E+01    7.8032735846E-03
    1.1999980000E-03    1.0428282373E+00    2.3521547094E-01   -5.1889364974E+01    6.5804299416E-03
    1.2039980000E-03    9.9055920665E-01    2.3243490388E-01   -5.2127389240E+01    5.5231202711E-03
    1.2079980000E-03    9.3913629574E-01    2.0964239485E-01   -5.2385396739E+01    4.6912444564E-03
    1.2119980000E-03    8.9431008073E-01    1.6782329414E-01   -5.2660700020E+01    4.0948539372E-03
    1.2159980000E-03    8.6138148423E-01    1.1047750239E-01   -5.2949401017E+01    3.7204041531E-03
    1.2199980000E-03    8.4435176124E-01    4.3061323657E-02   -5.3246375523E+01    3.5661608467E-03
    1.2239980000E-03    8.4505192937E-01   -2.7706862735E-02   -5.3545794899E+01    3.6175015728E-03
    1.2279980000E-03    8.6328130871E-01   -9.4822082817E-02   -5.3841739659E+01    3.8802110534E-03
    1.2319980000E-03    8.9677262781E-01   -1.5168211750E-01   -5.4128648815E+01    4.3593840255E-03
    1.2359980000E-03    9.4139629378E-01   -1.9308977290E-01   -5.4401833497E+01    5.0405649285E-03
    1.2399980000E-03    9.9195883711E-01   -2.1581166601E-01   -5.4657665481E+01    5.9298920108E-03
    1.2439980000E-03    1.0429025238E+00   -2.1914868879E-01   -5.4893642659E+01    7.0041420944E-03
    1.2479980000E-03    1.0895217515E+00   -2.0518827047E-01   -5.5108469623E+01    8.1984870859E-03
    1.2519980000E-03    1.1289649876E+00   -1.7794231945E-01   -5.5302028161E+01    9.4431971007E-03
    1.2559980000E-03    1.1602712647E+00   -1.4213061509E-01   -5.5475233101E+01    1.0671886739E-02
    1.2599980000E-03    1.1838906155E+00   -1.0199450947E-01   -5.5629641853E+01    1.1840014570E-02
    1.2639980000E-03    1.2009854735E+00   -6.0629459769E-02   -5.5767015260E+01    1.2928247709E-02
    1.2679980000E-03    1.2128409238E+00   -2.0030153671E-02   -5.5889333643E+01    1.3919509070E-02
    1.2719980000E-03    1.2205892477E+00    1.8735901941E-02   -5.5999100729E+01    1.4799531926E-02
    1.2759980000E-03    1.2251116204E+00    5.5402413360E-02   -5.6099427203E+01    1.5576226997E-02
    1.2799980000E-03    1.2269971480E+00    9.0275025916E-02   -5.6193800023E+01    1.6288428213E-02
    1.2839980000E-03    1.2265345401E+00    1.2391200493E-01   -5.6285748197E+01    1.6997863801E-02
    1.2879980000E-03    1.2237369790E+00    1.5681868479E-01   -5.6378574049E+01    1.7772764009E-02
    1.2919980000E-03    1.2183781132E+00    1.8925381000E-01   -5.6475174242E+01    1.8672987977E-02
    1.2959980000E-03    1.2100455567E+00    2.2114704149E-01   -5.6577922322E+01    1.9741895391E-02
    1.2999980000E-03    1.1982056210E+00    2.5213240443E-01   -5.6688599658E+01    2.1007357798E-02
    1.3039980000E-03    1.1822680272E+00    2.8167408215E-01   -5.6808391091E+01    2.2495869534E-02
    1.3079980000E-03    1.1616534167E+00    3.0910188868E-01   -5.6937992385E+01    2.4224698419E-02
    1.3119980000E-03    1.1358402170E+00    3.3358582470E-01   -5.7077944433E+01    2.6161456050E-02
    1.3159980000E-03    1.1042568234E+00    3.5440198138E-01   -5.7228905333E+01    2.8281016505E-02
    1.3199980000E-03    1.0662125441E+00    3.7081224000E-01   -5.7391718780E+01    3.0596309090E-02
    1.3239980000E-03    1.0209965457E+00    3.8140652933E-01   -5.7567716913E+01    3.3132556832E-02
    1.3279980000E-03    9.6819937933E-01    3.8371617110E-01   -5.7758496322E+01    3.5947461185E-02
    1.3319980000E-03    9.0849566271E-01    3.7426983855E-01   -5.7965518153E+01    3.9015973682E-02
    1.3359980000E-03    8.4420048715E-01    3.4929135035E-01   -5.8190574357E+01    4.2251958539E-02
    1.3399980000E-03    7.7924039393E-01    3.0589548084E-01   -5.8435600546E+01    4.5643736457E-02
    1.3439980000E-03    7.1896848076E-01    2.4310765877E-01   -5.8701859433E+01    4.9006912898E-02
    1.3479980000E-03    6.6859188867E-01    1.6248231928E-01   -5.8989566172E+01    5.2108885268E-02
    1.3519980000E-03    6.3169418393E-01    6.7793680144E-02   -5.9297286389E+01    5.4856534167E-02
    1.3559980000E-03    6.1258280644E-01   -3.6457937800E-02   -5.9622268622E+01    5.7042642759E-02
    1.3599980000E-03    6.1692757087E-01   -1.4454965781E-01   -5.9957673738E+01    5.8430793175E-02
    1.3639980000E-03    6.4815380982E-01   -2.4941675595E-01   -6.0293482742E+01    5.9063834562E-02
    1.3679980000E-03    7.0536672002E-01   -3.4233428403E-01   -6.0619155854E+01    5.8987833215E-02
    1.3719980000E-03    7.8197266746E-01   -4.1486550454E-01   -6.0927490877E+01    5.8370734087E-02
    1.3759980000E-03    8.6962077623E-01   -4.6136830805E-01   -6.1215425154E+01    5.7440600558E-02
    1.3799980000E-03    9.6035547312E-01   -4.7899236682E-01   -6.1481960780E+01    5.6438919122E-02
    1.3839980000E-03    1.0460002814E+00   -4.6789540691E-01   -6.1727087192E+01    5.5727845236E-02
    1.3879980000E-03    1.1192254394E+00   -4.3174388049E-01   -6.1950678197E+01    5.5666641964E-02
    1.3919980000E-03    1.1762124447E+00   -3.7674562085E-01   -6.2152497028E+01    5.6279334229E-02
    1.3959980000E-03    1.2170194446E+00   -3.0932788356E-01   -6.2332937076E+01    5.7463703697E-02
    1.3999980000E-03    1.2437704265E+00   -2.3508329636E-01   -6.2492718599E+01    5.9061854814E-02
    1.4039980000E-03    1.2594984677E+00   -1.5883324198E-01   -6.2633330832E+01    6.0798699740E-02
    1.4079980000E-03    1.2672803392E+00   -8.3933104069E-02   -6.2758277700E+01    6.2192529428E-02
    1.4119980000E-03    1.2693563987E+00   -1.0854238686E-02   -6.2874270753E+01    6.2709947679E-02
    1.4159980000E-03    1.2665133006E+00    6.2356014261E-02   -6.2990502909E+01    6.2097829306E-02
    1.4199980000E-03    1.2579002000E+00    1.3763934447E-01   -6.3116237139E+01    6.0520393936E-02
    1.4239980000E-03    1.2412456781E+00    2.1438407560E-01   -6.3258329650E+01    5.8479666427E-02
    1.4279980000E-03    1.2135275228E+00    2.8894361674E-01   -6.3420426121E+01    5.6473264864E-02
    1.4319980000E-03    1.1718993896E+00    3.5611605943E-01   -6.3604190914E+01    5.4804074270E-02
    1.4359980000E-03    1.1145938482E+00    4.0987628676E-01   -6.3810571562E+01    5.3652450340E-02
    1.4399980000E-03    1.0422259329E+00    4.4334273368E-01   -6.4040058086E+01    5.3133696009E-02
    1.4439980000E-03    9.5955363141E-01    4.5039970365E-01   -6.4292093633E+01    5.3235407871E-02
    1.4479980000E-03    8.7463957602E-01    4.2845654503E-01   -6.4565757069E+01    5.3655436856E-02
    1.4519980000E-03    7.9589034591E-01    3.7891694142E-01   -6.4859792247E+01    5.4086556726E-02
    1.4559980000E-03    7.3139145069E-01    3.0601423785E-01   -6.5171516149E+01    5.4270919670E-02
    1.4599980000E-03    6.8895609525E-01    2.1653187619E-01   -6.5495288060E+01    5.4002514957E-02
    1.4639980000E-03    6.7294810108E-01    1.1920783651E-01   -6.5822022330E+01    5.3275018485E-02
    1.4679980000E-03    6.8247965526E-01    2.2640378353E-02   -6.6141495607E+01    5.2052188388E-02
    1.4719980000E-03    7.1213444034E-01   -6.6031114609E-02   -6.6445464605E+01    5.0446827304E-02
    1.4759980000E-03    7.5524131521E-01   -1.4193738108E-01   -6.6729970254E+01    4.8630590171E-02
    1.4799980000E-03    8.0675955003E-01   -2.0200296407E-01   -6.6993689485E+01    4.6614072241E-02
    1.4839980000E-03    8.6217669153E-01   -2.4478707856E-01   -6.7236373764E+01    4.4581198277E-02
    1.4879980000E-03    9.1727367833E-01   -2.7084256339E-01   -6.7458857255E+01    4.2606775747E-02
    1.4919980000E-03    9.6848982170E-01   -2.8250252487E-01   -6.7662446649E+01    4.0671744994E-02
    1.4959980000E-03    1.0136159760E+00   -2.8316849119E-01   -6.7848589023E+01    3.8782675571E-02
    1.4999980000E-03    1.0520422549E+00   -2.7637976227E-01   -6.8019242447E+01    3.6914617985E-02
    1.5039980000E-03    1.0841949306E+00   -2.6500476831E-01   -6.8176447310E+01    3.5069771059E-02
    1.5079980000E-03    1.1108886784E+00   -2.5091938504E-01   -6.8321564971E+01    3.3264442652E-02
    1.5119980000E-03    1.1329474040E+00   -2.3520203000E-01   -6.8455402748E+01    3.1476188059E-02
    1.5159980000E-03    1.1510241659E+00   -2.1852113333E-01   -6.8578637674E+01    2.9699245008E-02
    1.5199980000E-03    1.1656315892E+00   -2.0125380494E-01   -6.8691854112E+01    2.7968758808E-02
    1.5239980000E-03    1.1772164833E+00   -1.8365405681E-01   -6.8795633549E+01    2.6331387932E-02
    1.5279980000E-03    1.1862165649E+00   -1.6588591314E-01   -6.8890718753E+01    2.4827407036E-02
    1.5319980000E-03    1.1930510876E+00   -1.4807516994E-01   -6.8978114942E+01    2.3482843414E-02
    1.5359980000E-03    1.1980937792E+00   -1.3028605861E-01   -6.9059062036E+01    2.2308973676E-02
    1.5399980000E-03    1.2016477022E+00   -1.1251521436E-01   -6.9134971825E+01    2.1309047942E-02
    1.5439980000E-03    1.2039339389E+00   -9.4682623490E-02   -6.9207369859E+01    2.0484041151E-02
    1.5479980000E-03    1.2050902174E+00   -7.6648643945E-02   -6.9277866052E+01    1.9834604435E-02
    1.5519980000E-03    1.2051721370E+00   -5.8218419758E-02   -6.9348133094E+01    1.9361157857E-02
    1.5559980000E-03    1.2041560381E+00   -3.9187960717E-02   -6.9419902129E+01    1.9063291478E-02
    1.5599980000E-03    1.2019348932E+00   -1.9337044662E-02   -6.9494934133E+01    1.8938885513E-02
    1.5639980000E-03    1.1983170336E+00    1.5092453618E-03   -6.9575004182E+01    1.8982365455E-02
    1.5679980000E-03    1.1930210644E+00    2.3447562675E-02   -6.9661861442E+01    1.9181389165E-02
    1.5719980000E-03    1.1856727753E+00    4.6441593987E-02   -6.9757183897E+01    1.9512143595E-02
    1.5759980000E-03    1.1758009474E+00    7.0274212134E-02   -6.9862530123E+01    1.9934859863E-02
    1.5799980000E-03    1.1628249931E+00    9.4518420656E-02   -6.9979308334E+01    2.0393815324E-02
    1.5839980000E-03    1.1460401008E+00    1.1848440178E-01   -7.0108805926E+01    2.0826780391E-02
    1.5879980000E-03    1.1245812352E+00    1.4118862694E-01   -7.0252267553E+01    2.1184721630E-02
    1.5919980000E-03    1.0974362747E+00    1.6119594701E-01   -7.0411027458E+01    2.1448763270E-02
    1.5959980000E-03    1.0635899811E+00    1.7638143608E-01   -7.0586590377E+01    2.1622493626E-02
    1.5999980000E-03    1.0224356168E+00    1.8370568009E-01   -7.0780519908E+01    2.1708986924E-02
    1.6039980000E-03    9.7443608539E-01    1.7939198274E-01   -7.0994029975E+01    2.1719381197E-02
    1.6079980000E-03    9.2184027861E-01    1.5975524114E-01   -7.1227674975E+01    2.1691817734E-02
    1.6119980000E-03    8.6918652430E-01    1.2241432637E-01   -7.1481435496E+01    2.1647368251E-02
    1.6159980000E-03    8.2278513574E-01    6.7482243749E-02   -7.1754422035E+01    2.1587293298E-02
    1.6199980000E-03    7.8888006478E-01   -2.0485855315E-03   -7.2044489271E+01    2.1557928118E-02
    1.6239980000E-03    7.7296801078E-01   -8.0879002939E-02   -7.2347714761E+01    2.1536834826E-02
    1.6279980000E-03    7.7882260242E-01   -1.6185495744E-01   -7.2657483154E+01    2.1435207050E-02
    1.6319980000E-03    8.0683810010E-01   -2.3697156032E-01   -7.2965847689E+01    2.1234129580E-02
    1.6359980000E-03    8.5421730441E-01   -2.9852700734E-01   -7.3265086586E+01    2.0978279852E-02
    1.6399980000E-03    9.1530063073E-01   -3.4038998665E-01   -7.3549063863E+01    2.0821316900E-02
    1.6439980000E-03    9.8302235333E-01   -3.5862674227E-01   -7.3813894338E+01    2.0895228281E-02
    1.6479980000E-03    1.0499571642E+00   -3.5214967055E-01   -7.4057246943E+01    2.1337393227E-02
    1.6519980000E-03    1.1096488613E+00   -3.2339977132E-01   -7.4277787427E+01    2.2241714643E-02
    1.6559980000E-03    1.1583128345E+00   -2.7757706707E-01   -7.4475365336E+01    2.3574653255E-02
    1.6599980000E-03    1.1950175017E+00   -2.2068297165E-01   -7.4650929400E+01    2.5210333000E-02
    1.6639980000E-03    1.2207288530E+00   -1.5820734360E-01   -7.4805984156E+01    2.6979707501E-02
    1.6679980000E-03    1.2373799054E+00   -9.4590110715E-02   -7.4942522835E+01    2.8668125247E-02
    1.6719980000E-03    1.2471167227E+00   -3.2666157688E-02   -7.5063693305E+01    3.0015513686E-02
    1.6759980000E-03    1.2516841369E+00    2.6865151294E-02   -7.5174487546E+01    3.0809016805E-02
    1.6799980000E-03    1.2520357906E+00    8.5071496464E-02   -7.5281457651E+01    3.1014557032E-02
    1.6839980000E-03    1.2481771531E+00    1.4348377580E-01   -7.5391461427E+01    3.0783531460E-02
    1.6879980000E-03    1.2391936406E+00    2.0275053617E-01   -7.5510356413E+01    3.0369350578E-02
    1.6919980000E-03    1.2234378122E+00    2.6205871952E-01   -7.5642226438E+01    3.0043344385E-02
    1.6959980000E-03    1.1988464300E+00    3.1942165396E-01   -7.5789312319E+01    3.0038106655E-02
    1.6999980000E-03    1.1633824260E+00    3.7200562621E-01   -7.5952611901E+01    3.0523545737E-02
    1.7039980000E-03    1.1155831611E+00    4.1621859081E-01   -7.6132723458E+01    3.1596799012E-02
    1.7079980000E-03    1.0551305381E+00    4.4794496878E-01   -7.6330257803E+01    3.3304194495E-02
    1.7119980000E-03    9.8337693444E-01    4.6297451754E-01   -7.6545801580E+01    3.5587993792E-02
    1.7159980000E-03    9.0318502554E-01    4.5771269422E-01   -7.6780162124E+01    3.8316289871E-02
    1.7199980000E-03    8.1898631874E-01    4.2912206966E-01   -7.7034656903E+01    4.1327778678E-02
    1.7239980000E-03    7.3724304128E-01    3.7531322906E-01   -7.7310627244E+01    4.4316079197E-02
    1.7279980000E-03    6.6567355641E-01    2.9726546759E-01   -7.7608173988E+01    4.6959314369E-02
    1.7319980000E-03    6.1110060437E-01    1.9979662966E-01   -7.7925902379E+01    4.9073643078E-02
    1.7359980000E-03    5.7845224158E-01    8.9949175890E-02   -7.8260235675E+01    5.0442460329E-02
    1.7399980000E-03    5.7050718476E-01   -2.4981050894E-02   -7.8603244172E+01    5.0856280821E-02
    1.7439980000E-03    5.8786758144E-01   -1.3894342594E-01   -7.8944794897E+01    5.0317671358E-02
    1.7479980000E-03    6.2970598798E-01   -2.4530736793E-01   -7.9275052284E+01    4.8883350110E-02
    1.7519980000E-03    6.9244766180E-01   -3.3634984074E-01   -7.9587233339E+01    4.6765843182E-02
    1.7559980000E-03    7.7011826167E-01   -4.0542762754E-01   -7.9878694383E+01    4.4187646625E-02
    1.7599980000E-03    8.5511001080E-01   -4.4899455827E-01   -8.0148414871E+01    4.1369289803E-02
    1.7639980000E-03    9.3991417926E-01   -4.6719007660E-01   -8.0396959829E+01    3.8652998154E-02
    1.7679980000E-03    1.0186330532E+00   -4.6232055920E-01   -8.0625675725E+01    3.6287960568E-02
    1.7719980000E-03    1.0871461283E+00   -4.3768694597E-01   -8.0835607179E+01    3.4450397261E-02
    1.7759980000E-03    1.1429098503E+00   -3.9750957008E-01   -8.1027284905E+01    3.3257021218E-02
    1.7799980000E-03    1.1853473748E+00   -3.4639701567E-01   -8.1201239142E+01    3.2687163156E-02
    1.7839980000E-03    1.2155285082E+00   -2.8853418711E-01   -8.1358074331E+01    3.2660620434E-02
    1.7879980000E-03    1.2354374732E+00   -2.2736927076E-01   -8.1498550740E+01    3.3035616501E-02
    1.7919980000E-03    1.2473448423E+00   -1.6552087008E-01   -8.1624323652E+01    3.3595841961E-02
    1.7959980000E-03    1.2532653521E+00   -1.0451357102E-01   -8.1738769075E+01    3.4057594053E-02
    1.7999980000E-03    1.2545421291E+00   -4.4303937720E-02   -8.1847315049E+01    3.4119474366E-02
    1.8039980000E-03    1.2515785467E+00    1.6536604368E-02   -8.1956897114E+01    3.3562530662E-02
    1.8079980000E-03    1.2437418516E+00    7.9504026427E-02   -8.2074684569E+01    3.2359282015E-02
    1.8119980000E-03    1.2294635293E+00    1.4459305044E-01   -8.2206543598E+01    3.0705205429E-02
    1.8159980000E-03    1.2065760314E+00    2.0954898205E-01   -8.2356289482E+01    2.8894716459E-02
    1.8199980000E-03    1.1728977889E+00    2.7026687421E-01   -8.2526196696E+01    2.7180659163E-02
    1.8239980000E-03    1.1269770517E+00    3.2145304584E-01   -8.2717842349E+01    2.5753299475E-02
    1.8279980000E-03    1.0690014841E+00    3.5703751297E-01   -8.2932349964E+01    2.4750803053E-02
    1.8319980000E-03    1.0019120927E+00    3.7119971553E-01   -8.3169901422E+01    2.4237380941E-02
    1.8359980000E-03    9.3164941582E-01    3.6046421846E-01   -8.3429478581E+01    2.4140680864E-02
    1.8399980000E-03    8.6568386853E-01    3.2492318669E-01   -8.3709141746E+01    2.4301062961E-02
    1.8439980000E-03    8.1141987891E-01    2.6778436565E-01   -8.4005686512E+01    2.4577430587E-02
    1.8479980000E-03    7.7533237597E-01    1.9460772922E-01   -8.4313692490E+01    2.4794665770E-02
    1.8519980000E-03    7.6139431402E-01    1.1283244707E-01   -8.4625640727E+01    2.4864168166E-02
    1.8559980000E-03    7.7022393527E-01    3.0624993467E-02   -8.4933293600E+01    2.4794304183E-02
    1.8599980000E-03    7.9884465570E-01   -4.4397371778E-02   -8.5229188720E+01    2.4678866796E-02
    1.8639980000E-03    8.4192952773E-01   -1.0631580384E-01   -8.5508533281E+01    2.4601821762E-02
    1.8679980000E-03    8.9351799391E-01   -1.5137101826E-01   -8.5768850610E+01    2.4514849413E-02
    1.8719980000E-03    9.4714837112E-01   -1.7852088307E-01   -8.6009038227E+01    2.4381318031E-02
    1.8759980000E-03    9.9754413615E-01   -1.8942025887E-01   -8.6229021526E+01    2.4191954431E-02
    1.8799980000E-03    1.0417320815E+00   -1.8736543747E-01   -8.6429282181E+01    2.3921691133E-02
    1.8839980000E-03    1.0786897364E+00   -1.7615669009E-01   -8.6610906976E+01    2.3561841558E-02
    1.8879980000E-03    1.1087005086E+00   -1.5911367835E-01   -8.6775434116E+01    2.3111259289E-02
    1.8919980000E-03    1.1326781430E+00   -1.3864658731E-01   -8.6924435155E+01    2.2559937766E-02
    1.8959980000E-03    1.1516590502E+00   -1.1635637333E-01   -8.7059290576E+01    2.1914179622E-02
    1.8999980000E-03    1.1665508045E+00   -9.3341591175E-02   -8.7181212890E+01    2.1215271847E-02
    1.9039980000E-03    1.1780985662E+00   -7.0368360715E-02   -8.7291357394E+01    2.0527784511E-02
    1.9079980000E-03    1.1869103351E+00   -4.7954632890E-02   -8.7390945742E+01    1.9916258054E-02
    1.9119980000E-03    1.1934836937E+00   -2.6418689251E-02   -8.7481342822E+01    1.9429519431E-02
    1.9159980000E-03    1.1982261919E+00   -5.8839638203E-03   -8.7564056950E+01    1.9097905561E-02
    1.9199980000E-03    1.2014567982E+00    1.3661064549E-02   -8.7640712022E+01    1.8937945922E-02
    1.9239980000E-03    1.2034115014E+00    3.2336160383E-02   -8.7712993695E+01    1.8957967036E-02
    1.9279980000E-03    1.2042450901E+00    5.0326206653E-02   -8.7782607296E+01    1.9162527180E-02
    1.9319980000E-03    1.2040334099E+00    6.7849527242E-02   -8.7851246462E+01    1.9555213486E-02
    1.9359980000E-03    1.2027740792E+00    8.5127071569E-02   -8.7920574603E+01    2.0140109796E-02
    1.9399980000E-03    1.2003862258E+00    1.0234783636E-01   -8.7992214313E+01    2.0921639787E-02
    1.9439980000E-03    1.1967105553E+00    1.1965546150E-01   -8.8067730707E+01    2.1902367395E-02
    1.9479980000E-03    1.1915108605E+00    1.3711783015E-01   -8.8148615394E+01    2.3078769865E-02
    1.9519980000E-03    1.1844801454E+00    1.5473063820E-01   -8.8236245755E+01    2.4436266218E-02
    1.9559980000E-03    1.1752544630E+00    1.7241597506E-01   -8.8331827266E+01    2.5947474464E-02
    1.9599980000E-03    1.1634329987E+00    1.9004878081E-01   -8.8436326051E+01    2.7575501497E-02
    1.9639980000E-03    1.1485981131E+00    2.0743781943E-01   -8.8550476320E+01    2.9276599715E-02
    1.9679980000E-03    1.1303024248E+00    2.2428726223E-01   -8.8674900490E+01    3.1003470101E-02
    1.9719980000E-03    1.1080004943E+00    2.4012993549E-01   -8.8810227272E+01    3.2730106946E-02
    1.9759980000E-03    1.0809754529E+00    2.5423673468E-01   -8.8957102963E+01    3.4463568267E-02
    1.9799980000E-03    1.0483592573E+00    2.6539335400E-01   -8.9116436236E+01    3.6197141076E-02
    1.9839980000E-03    1.0093368587E+00    2.7151205548E-01   -8.9289844966E+01    3.7919218451E-02
    1.9879980000E-03    9.6358467292E-01    2.6955848091E-01   -8.9479393768E+01    3.9662967337E-02
    1.9919980000E-03    9.1200074876E-01    2.5592994693E-01   -8.9686849722E+01    4.1440495974E-02
    1.9959980000E-03    8.5706209528E-01    2.2736936562E-01   -8.9913553058E+01    4.3240347799E-02
    1.9999980000E-03    8.0242501173E-01    1.8188106999E-01   -9.0160658951E+01    4.5082734401E-02
