 sig=    1.000000000000000      inputfile=
 /home/rjrj524/Finished/vmec_gc_tracer/revised_251128/nc/wout_pwO_nfp2_A6.nc                                                                                                                             
 dt=   2.0000000000000001E-009
 steps=      1000000
 x0=   5.9999999999999998E-002    0.000000000000000      
    6.410000000000000     
 u=    126000.0000000000     
 v_perp=    140000.0000000000     
 
time(s)         x0(1)       x0(2)        x0(3)      r
    3.9980000000E-06    1.1664327905E+00   -9.0273312183E-02    6.8002633195E+00    5.6279816511E-02
    7.9980000000E-06    1.1332236021E+00   -1.2120387055E-01    7.2130370858E+00    5.1416959477E-02
    1.1998000000E-05    1.0810748071E+00   -1.4131875719E-01    7.6600432877E+00    4.8693441593E-02
    1.5998000000E-05    1.0037390122E+00   -1.3326967458E-01    8.1486824726E+00    4.7977459846E-02
    1.9998000000E-05    9.0348552899E-01   -7.4763683620E-02    8.6825142639E+00    4.8443208494E-02
    2.3998000000E-05    8.1914347497E-01    4.7599769019E-02    9.2605149497E+00    4.9106960366E-02
    2.7998000000E-05    7.9950832729E-01    2.0456043615E-01    9.8718885240E+00    4.9693596687E-02
    3.1998000000E-05    8.6212383363E-01    3.4383321017E-01    1.0482341956E+01    5.0236854388E-02
    3.5998000000E-05    9.8306968196E-01    4.1639710045E-01    1.1050972432E+01    5.0163664835E-02
    3.9998000000E-05    1.1141423552E+00    3.9489067045E-01    1.1559796399E+01    4.8687395451E-02
    4.3998000000E-05    1.2098927571E+00    2.8708351414E-01    1.2010203061E+01    4.5586727079E-02
    4.7998000000E-05    1.2542940958E+00    1.2080603294E-01    1.2412725859E+01    4.1883884321E-02
    5.1998000000E-05    1.2553644940E+00   -7.1280076571E-02    1.2789804689E+01    4.1767309132E-02
    5.5998000000E-05    1.2148065621E+00   -2.4417527996E-01    1.3188750393E+01    4.6415089733E-02
    5.9998000000E-05    1.1255832753E+00   -3.5944245292E-01    1.3637647851E+01    5.1277840547E-02
    6.3998000000E-05    1.0045081047E+00   -3.8680903529E-01    1.4146248346E+01    5.4396000430E-02
    6.7998000000E-05    8.9798489821E-01   -3.1987841481E-01    1.4711312393E+01    5.5215351818E-02
    7.1998000000E-05    8.5292367136E-01   -1.9001289863E-01    1.5309784333E+01    5.4428722359E-02
    7.5998000000E-05    8.8504024350E-01   -4.8927742413E-02    1.5902811366E+01    5.2560264941E-02
    7.9998000000E-05    9.7087455735E-01    5.1543151221E-02    1.6463892975E+01    4.9453725820E-02
    8.3998000000E-05    1.0603221805E+00    8.6473723725E-02    1.6983329176E+01    4.5895240589E-02
    8.7998000000E-05    1.1253886955E+00    7.2634642475E-02    1.7457242911E+01    4.3738607668E-02
    9.1998000000E-05    1.1647669083E+00    3.6335725604E-02    1.7891947647E+01    4.3546604621E-02
    9.5998000000E-05    1.1856287447E+00   -9.9168804638E-03    1.8296143909E+01    4.4695177508E-02
    9.9998000000E-05    1.1927487235E+00   -5.4777905004E-02    1.8681551938E+01    4.5176439624E-02
    1.0399800000E-04    1.1855423183E+00   -8.9948873927E-02    1.9065009606E+01    4.2706959206E-02
    1.0799800000E-04    1.1605026612E+00   -1.2358364209E-01    1.9461485627E+01    3.8717801948E-02
    1.1199800000E-04    1.1186233415E+00   -1.5483198250E-01    1.9885433034E+01    3.4751001778E-02
    1.1599800000E-04    1.0557162649E+00   -1.6802327382E-01    2.0347485187E+01    3.2796227426E-02
    1.1999800000E-04    9.6975890959E-01   -1.4318458979E-01    2.0854100155E+01    3.2666678372E-02
    1.2399800000E-04    8.7447845875E-01   -6.0842536084E-02    2.1405918820E+01    3.3525190245E-02
    1.2799800000E-04    8.1167664934E-01    7.6324729483E-02    2.1998084855E+01    3.4362903636E-02
    1.3199800000E-04    8.1840094235E-01    2.3067516713E-01    2.2612188217E+01    3.5068067786E-02
    1.3599800000E-04    8.9883727672E-01    3.5155020406E-01    2.3210693460E+01    3.5533691559E-02
    1.3999800000E-04    1.0224581908E+00    3.9714471708E-01    2.3760033050E+01    3.5233001857E-02
    1.4399800000E-04    1.1418836439E+00    3.5089477691E-01    2.4249418502E+01    3.3640918971E-02
    1.4799800000E-04    1.2206918232E+00    2.3039132910E-01    2.4683744757E+01    3.0906060234E-02
    1.5199800000E-04    1.2514978825E+00    6.4744285330E-02    2.5075781150E+01    2.8303850666E-02
    1.5599800000E-04    1.2426387494E+00   -1.1342359321E-01    2.5454569518E+01    2.9565011025E-02
    1.5999800000E-04    1.1912165344E+00   -2.6550734886E-01    2.5863888625E+01    3.3685434262E-02
    1.6399800000E-04    1.0943101768E+00   -3.5701986529E-01    2.6325034646E+01    3.7513761738E-02
    1.6799800000E-04    9.7564306558E-01   -3.5976648238E-01    2.6845783765E+01    3.9751972830E-02
    1.7199800000E-04    8.8221888075E-01   -2.7559437540E-01    2.7419588124E+01    4.0212253079E-02
    1.7599800000E-04    8.5282277766E-01   -1.3981377183E-01    2.8019909307E+01    3.9438807380E-02
    1.7999800000E-04    8.9395567111E-01   -2.4904291207E-03    2.8610339376E+01    3.7597567024E-02
    1.8399800000E-04    9.7788862726E-01    9.0820788414E-02    2.9168560038E+01    3.4487558009E-02
    1.8799800000E-04    1.0632646842E+00    1.2116962635E-01    2.9684331884E+01    3.1535440345E-02
    1.9199800000E-04    1.1270474514E+00    1.0445400654E-01    3.0154433305E+01    3.0189659773E-02
    1.9599800000E-04    1.1673028957E+00    6.4042433910E-02    3.0585188743E+01    3.0830720079E-02
    1.9999800000E-04    1.1893424557E+00    1.4748547020E-02    3.0985631458E+01    3.2767513488E-02
    2.0399800000E-04    1.1965947626E+00   -3.2117516229E-02    3.1369237404E+01    3.3288761322E-02
    2.0799800000E-04    1.1862566654E+00   -7.4248308814E-02    3.1753596922E+01    3.1336410453E-02
    2.1199800000E-04    1.1586128249E+00   -1.1652603489E-01    3.2154987141E+01    2.7965121708E-02
    2.1599800000E-04    1.1127342440E+00   -1.5135116362E-01    3.2587670042E+01    2.5478763602E-02
    2.1999800000E-04    1.0445247979E+00   -1.6112613859E-01    3.3060871987E+01    2.5077329065E-02
    2.2399800000E-04    9.5596300843E-01   -1.2508543043E-01    3.3579827677E+01    2.6404471653E-02
    2.2799800000E-04    8.6964846657E-01   -2.8279667594E-02    3.4142505124E+01    2.8187960187E-02
    2.3199800000E-04    8.2635610028E-01    1.1369492468E-01    3.4739600831E+01    2.9352577378E-02
    2.3599800000E-04    8.5343024079E-01    2.5775867538E-01    3.5347619791E+01    3.0028184319E-02
    2.3999800000E-04    9.4548695658E-01    3.5507038997E-01    3.5929697204E+01    3.0053382872E-02
    2.4399800000E-04    1.0667390416E+00    3.7026755387E-01    3.6458930397E+01    2.8983054989E-02
    2.4799800000E-04    1.1713252562E+00    2.9773811523E-01    3.6928964302E+01    2.6640194915E-02
    2.5199800000E-04    1.2322091331E+00    1.6254140413E-01    3.7347233237E+01    2.3627300138E-02
    2.5599800000E-04    1.2491768980E+00   -4.6336217579E-03    3.7730187920E+01    2.1946846353E-02
    2.5999800000E-04    1.2281391783E+00   -1.7065992126E-01    3.8115217612E+01    2.4088714738E-02
    2.6399800000E-04    1.1627214849E+00   -3.0177262918E-01    3.8538404054E+01    2.7428504759E-02
    2.6799800000E-04    1.0558007864E+00   -3.6622593849E-01    3.9015260317E+01    3.0061116399E-02
    2.7199800000E-04    9.3800722299E-01   -3.4128194189E-01    3.9551295439E+01    3.1298353701E-02
    2.7599800000E-04    8.5585508965E-01   -2.3744883540E-01    4.0136839127E+01    3.1305698949E-02
    2.7999800000E-04    8.4086037772E-01   -9.3565857275E-02    4.0742052867E+01    3.0507063589E-02
    2.8399800000E-04    8.9270887845E-01    4.1184742305E-02    4.1331883182E+01    2.8924439058E-02
    2.8799800000E-04    9.8007352807E-01    1.2637003867E-01    4.1886336554E+01    2.6492076420E-02
    2.9199800000E-04    1.0646048158E+00    1.5076904802E-01    4.2396561608E+01    2.4722670985E-02
    2.9599800000E-04    1.1274111464E+00    1.3234380781E-01    4.2861440671E+01    2.4754794368E-02
    2.9999800000E-04    1.1680914605E+00    9.1843509269E-02    4.3287464044E+01    2.6864060619E-02
    3.0399800000E-04    1.1911596268E+00    4.5373903687E-02    4.3684254081E+01    2.9647598320E-02
    3.0799800000E-04    1.1972876523E+00    4.3918644988E-04    4.4066973752E+01    3.0540651913E-02
    3.1199800000E-04    1.1854153735E+00   -4.6833839748E-02    4.4452695499E+01    2.9167339384E-02
    3.1599800000E-04    1.1578133738E+00   -9.4397529138E-02    4.4858780218E+01    2.6720858585E-02
    3.1999800000E-04    1.1107681591E+00   -1.3030709936E-01    4.5297808738E+01    2.5899416318E-02
    3.2399800000E-04    1.0402561844E+00   -1.3731648541E-01    4.5778392832E+01    2.7077446383E-02
    3.2799800000E-04    9.5201158701E-01   -9.2443683436E-02    4.6304985029E+01    2.9731145487E-02
    3.3199800000E-04    8.7378642246E-01    1.3729147251E-02    4.6872743803E+01    3.2271438984E-02
    3.3599800000E-04    8.4553227236E-01    1.5611821716E-01    4.7469733297E+01    3.3683514742E-02
    3.3999800000E-04    8.8809714103E-01    2.8799641169E-01    4.8069788375E+01    3.4200493635E-02
    3.4399800000E-04    9.8907538672E-01    3.6152684827E-01    4.8636760705E+01    3.3606094987E-02
    3.4799800000E-04    1.1069467333E+00    3.4687862134E-01    4.9148337262E+01    3.1457178315E-02
    3.5199800000E-04    1.1979199121E+00    2.4839224718E-01    4.9601230055E+01    2.8031689232E-02
    3.5599800000E-04    1.2432099331E+00    9.5844851585E-02    5.0005080303E+01    2.4524342817E-02
    3.5999800000E-04    1.2474967507E+00   -7.7205519870E-02    5.0383281079E+01    2.3925437824E-02
    3.6399800000E-04    1.2120923530E+00   -2.3528813564E-01    5.0778943985E+01    2.6574104351E-02
    3.6799800000E-04    1.1296562053E+00   -3.4713388656E-01    5.1218492762E+01    2.9229246035E-02
    3.7199800000E-04    1.0108134093E+00   -3.8300188307E-01    5.1714099220E+01    3.0817689979E-02
    3.7599800000E-04    8.9376915085E-01   -3.2863694919E-01    5.2268696080E+01    3.1181117283E-02
    3.7999800000E-04    8.2420174602E-01   -2.0390989122E-01    5.2868379001E+01    3.0742552697E-02
    3.8399800000E-04    8.2729185790E-01   -5.2149010429E-02    5.3478571675E+01    2.9924768933E-02
    3.8799800000E-04    8.9445869781E-01    7.7247001413E-02    5.4064903303E+01    2.8789709906E-02
    3.9199800000E-04    9.8789882052E-01    1.5029929069E-01    5.4611031940E+01    2.7463224101E-02
    3.9599800000E-04    1.0702340408E+00    1.6705405583E-01    5.5111685346E+01    2.7266623673E-02
    3.9999800000E-04    1.1299174928E+00    1.4727133662E-01    5.5568018591E+01    2.8995831370E-02
    4.0399800000E-04    1.1688398214E+00    1.1095084993E-01    5.5987151788E+01    3.2594709536E-02
    4.0799800000E-04    1.1908130156E+00    7.2250173119E-02    5.6380295097E+01    3.5925461087E-02
    4.1199800000E-04    1.1946122189E+00    3.1331846565E-02    5.6762597979E+01    3.7538590098E-02
    4.1599800000E-04    1.1833653914E+00   -1.7002163511E-02    5.7150324791E+01    3.6412320464E-02
    4.1999800000E-04    1.1571447125E+00   -6.4118272061E-02    5.7560265204E+01    3.5116359916E-02
    4.2399800000E-04    1.1107962523E+00   -9.8185950367E-02    5.8003358952E+01    3.5511240837E-02
    4.2799800000E-04    1.0391081594E+00   -1.0263449437E-01    5.8488262345E+01    3.7843687762E-02
    4.3199800000E-04    9.4961914825E-01   -5.1631123458E-02    5.9018820264E+01    4.1361037015E-02
    4.3599800000E-04    8.7454184948E-01    6.0992054637E-02    5.9588712783E+01    4.4203698756E-02
    4.3999800000E-04    8.5761445605E-01    2.0332931226E-01    6.0185529727E+01    4.5759034344E-02
    4.4399800000E-04    9.1457249388E-01    3.2444419034E-01    6.0779796331E+01    4.6185054253E-02
    4.4799800000E-04    1.0247987451E+00    3.7635423560E-01    6.1334955074E+01    4.5009222913E-02
    4.5199800000E-04    1.1406543710E+00    3.3425193958E-01    6.1832277863E+01    4.1746845019E-02
    4.5599800000E-04    1.2207480749E+00    2.1104712521E-01    6.2271284924E+01    3.7187541582E-02
    4.5999800000E-04    1.2536140218E+00    3.8746347149E-02    6.2663906315E+01    3.3381610257E-02
    4.6399800000E-04    1.2465469674E+00   -1.4417787459E-01    6.3042545282E+01    3.4215029260E-02
    4.6799800000E-04    1.1954464362E+00   -2.9781469709E-01    6.3450845547E+01    3.7434742498E-02
    4.7199800000E-04    1.0948715294E+00   -3.9204783342E-01    6.3907961661E+01    3.9880930891E-02
    4.7599800000E-04    9.6501345551E-01   -3.9939333688E-01    6.4423912737E+01    4.0868343393E-02
    4.7999800000E-04    8.5170653382E-01   -3.1663389636E-01    6.4998326613E+01    4.0741668080E-02
    4.8399800000E-04    7.9955119207E-01   -1.7341190013E-01    6.5610487210E+01    4.0142821818E-02
    4.8799800000E-04    8.2643443240E-01   -1.8657748353E-02    6.6219936248E+01    3.9483461969E-02
    4.9199800000E-04    9.1145182469E-01    9.8530272916E-02    6.6795506347E+01    3.8766651592E-02
    4.9599800000E-04    1.0081320079E+00    1.5400992937E-01    6.7327222442E+01    3.8415578454E-02
    4.9999800000E-04    1.0840774768E+00    1.6052232165E-01    6.7813543709E+01    3.9468448290E-02
    5.0399800000E-04    1.1367054715E+00    1.3874772228E-01    6.8257971148E+01    4.2574848555E-02
    5.0799800000E-04    1.1707210963E+00    1.0748541360E-01    6.8668538222E+01    4.7230351574E-02
    5.1199800000E-04    1.1882943040E+00    7.8250437551E-02    6.9058023572E+01    5.0964472421E-02
    5.1599800000E-04    1.1892676201E+00    4.3033485324E-02    6.9440493937E+01    5.2248624664E-02
    5.1999800000E-04    1.1779291992E+00   -1.0933119318E-03    6.9831463356E+01    5.1224280418E-02
    5.2399800000E-04    1.1518155474E+00   -4.2264583135E-02    7.0246102074E+01    5.0333781146E-02
    5.2799800000E-04    1.1046670851E+00   -7.0796855771E-02    7.0693946588E+01    5.1168224896E-02
    5.3199800000E-04    1.0287501009E+00   -7.1073275303E-02    7.1183620062E+01    5.3849305819E-02
    5.3599800000E-04    9.3164480426E-01   -1.3228412557E-02    7.1718669507E+01    5.7299317263E-02
    5.3999800000E-04    8.5797057980E-01    1.0865340630E-01    7.2293729487E+01    5.9673790482E-02
    5.4399800000E-04    8.5499950203E-01    2.5399624247E-01    7.2894747597E+01    6.1156848548E-02
    5.4799800000E-04    9.3029044206E-01    3.6670952075E-01    7.3486306030E+01    6.1494493486E-02
    5.5199800000E-04    1.0519392889E+00    3.9977421336E-01    7.4032075127E+01    5.9896442349E-02
    5.5599800000E-04    1.1671707015E+00    3.3486192853E-01    7.4517922072E+01    5.5872079713E-02
    5.5999800000E-04    1.2388793588E+00    1.9120671155E-01    7.4946519164E+01    5.0554921769E-02
    5.6399800000E-04    1.2623336274E+00    1.0211326638E-03    7.5331836955E+01    4.6958574760E-02
    5.6799800000E-04    1.2457631344E+00   -1.9125666830E-01    7.5713853467E+01    4.9457459493E-02
    5.7199800000E-04    1.1808741798E+00   -3.4162229701E-01    7.6134147545E+01    5.3703258037E-02
    5.7599800000E-04    1.0665010943E+00   -4.2013572979E-01    7.6607867285E+01    5.6730291509E-02
    5.7999800000E-04    9.3239744917E-01   -4.0301799472E-01    7.7142343616E+01    5.7826436308E-02
    5.8399800000E-04    8.3050172785E-01   -2.9841893623E-01    7.7732032252E+01    5.7636148936E-02
    5.8799800000E-04    8.0304719103E-01   -1.4566234796E-01    7.8346917279E+01    5.7016540141E-02
    5.9199800000E-04    8.5740664645E-01    6.5761371215E-04    7.8944003882E+01    5.6248809538E-02
    5.9599800000E-04    9.5836927849E-01    9.2166543563E-02    7.9500072379E+01    5.5397276162E-02
    5.9999800000E-04    1.0509383076E+00    1.1946668323E-01    8.0010775952E+01    5.4934185099E-02
    6.0399800000E-04    1.1135161932E+00    1.0950453109E-01    8.0477525552E+01    5.5918933481E-02
    6.0799800000E-04    1.1530212784E+00    8.0707820070E-02    8.0906616769E+01    5.9250040360E-02
    6.1199800000E-04    1.1766036456E+00    4.8065416358E-02    8.1306503668E+01    6.3892292227E-02
    6.1599800000E-04    1.1863342997E+00    2.3291350556E-02    8.1691152194E+01    6.5934038874E-02
    6.1999800000E-04    1.1800246285E+00   -4.4985812232E-03    8.2074679279E+01    6.5186996265E-02
    6.2399800000E-04    1.1616989897E+00   -4.1329815562E-02    8.2471774029E+01    6.1828842972E-02
    6.2799800000E-04    1.1279755096E+00   -7.3713793716E-02    8.2896369505E+01    5.9621064748E-02
    6.3199800000E-04    1.0711622523E+00   -9.0418563930E-02    8.3356815209E+01    5.9480586033E-02
    6.3599800000E-04    9.8192667203E-01   -7.4300195090E-02    8.3860614533E+01    6.0845612160E-02
    6.3999800000E-04    8.7847205898E-01    6.6791396904E-03    8.4409979040E+01    6.2386747588E-02
    6.4399800000E-04    8.1842237073E-01    1.4720908042E-01    8.5000643473E+01    6.3597494490E-02
    6.4799800000E-04    8.4003510622E-01    2.9772189899E-01    8.5611571253E+01    6.4446124439E-02
    6.5199800000E-04    9.3806897073E-01    4.0189380233E-01    8.6200632713E+01    6.4567335188E-02
    6.5599800000E-04    1.0705002388E+00    4.1835447011E-01    8.6736100831E+01    6.3045185813E-02
    6.5999800000E-04    1.1840745308E+00    3.3771511689E-01    8.7210738124E+01    5.9326479024E-02
    6.6399800000E-04    1.2483972052E+00    1.8335446770E-01    8.7630956440E+01    5.4413391598E-02
    6.6799800000E-04    1.2645154183E+00   -1.3447552803E-02    8.8012283152E+01    5.1710336201E-02
    6.7199800000E-04    1.2404350655E+00   -2.0614847256E-01    8.8398256106E+01    5.5471543543E-02
    6.7599800000E-04    1.1669013858E+00   -3.5003119690E-01    8.8827932055E+01    6.0709230599E-02
    6.7999800000E-04    1.0484434627E+00   -4.1406323562E-01    8.9314625395E+01    6.4516038224E-02
    6.8399800000E-04    9.2234268960E-01   -3.7932341527E-01    8.9861666449E+01    6.5918423631E-02
    6.8799800000E-04    8.4234540138E-01   -2.6388051573E-01    9.0456048070E+01    6.5553069605E-02
    6.9199800000E-04    8.4292765713E-01   -1.1467332052E-01    9.1060965892E+01    6.4281737434E-02
    6.9599800000E-04    9.1824305212E-01    1.0909959735E-02    9.1638827166E+01    6.2428783385E-02
    6.9999800000E-04    1.0203619576E+00    6.9990106913E-02    9.2174896416E+01    5.9777487144E-02
    7.0399800000E-04    1.0987459185E+00    7.0944613538E-02    9.2665321251E+01    5.7700371257E-02
    7.0799800000E-04    1.1464586445E+00    4.5813120495E-02    9.3114232115E+01    5.7402719866E-02
    7.1199800000E-04    1.1732551495E+00    8.1602205677E-03    9.3529891088E+01    5.8897023681E-02
    7.1599800000E-04    1.1857103570E+00   -3.1938926515E-02    9.3921534698E+01    6.0683602852E-02
    7.1999800000E-04    1.1863759539E+00   -6.2009725775E-02    9.4304116890E+01    5.9764552958E-02
    7.2399800000E-04    1.1706965716E+00   -8.8145337491E-02    9.4692379525E+01    5.6323621368E-02
    7.2799800000E-04    1.1397923973E+00   -1.1902349284E-01    9.5100406379E+01    5.1386452220E-02
    7.3199800000E-04    1.0910012968E+00   -1.4207005842E-01    9.5541121680E+01    4.8173552376E-02
    7.3599800000E-04    1.0181778521E+00   -1.3982032037E-01    9.6022469818E+01    4.7129166174E-02
    7.3999800000E-04    9.2043172545E-01   -9.1325156967E-02    9.6548826861E+01    4.7432227636E-02
    7.4399800000E-04    8.2970491603E-01    2.1181403855E-02    9.7119801091E+01    4.8081248435E-02
    7.4799800000E-04    7.9660930661E-01    1.7571692980E-01    9.7727368519E+01    4.8680659875E-02
    7.5199800000E-04    8.4548200147E-01    3.2203622681E-01    9.8341336100E+01    4.9248385440E-02
    7.5599800000E-04    9.5920021101E-01    4.0914199642E-01    9.8919403388E+01    4.9351277702E-02
    7.5999800000E-04    1.0921538084E+00    4.0498377771E-01    9.9439004575E+01    4.8220749451E-02
    7.6399800000E-04    1.1962069260E+00    3.1080385965E-01    9.9899086562E+01    4.5419383500E-02
    7.6799800000E-04    1.2495463505E+00    1.5343593793E-01    1.0030915496E+02    4.1715254464E-02
    7.7199800000E-04    1.2575972731E+00   -3.6491182313E-02    1.0068773929E+02    4.0572475414E-02
    7.7599800000E-04    1.2252832518E+00   -2.1551851178E-01    1.0107973270E+02    4.4714878932E-02
    7.7999800000E-04    1.1446496663E+00   -3.4320086104E-01    1.0151864977E+02    4.9698476764E-02
    7.8399800000E-04    1.0267898925E+00   -3.8787776321E-01    1.0201625773E+02    5.3214591923E-02
    7.8799800000E-04    9.1402579300E-01   -3.3651000135E-01    1.0257208098E+02    5.4412355281E-02
    7.9199800000E-04    8.5585507842E-01   -2.1462243910E-01    1.0316715756E+02    5.3868611420E-02
    7.9599800000E-04    8.7456875702E-01   -7.1646245344E-02    1.0376371304E+02    5.2186405079E-02
    7.9999800000E-04    9.5383375551E-01    3.9260010907E-02    1.0433157906E+02    4.9315251505E-02
    8.0399800000E-04    1.0454166883E+00    8.6063257592E-02    1.0485927741E+02    4.5651280958E-02
    8.0799800000E-04    1.1155726645E+00    7.8900665855E-02    1.0534137501E+02    4.3168826059E-02
    8.1199800000E-04    1.1592469598E+00    4.5224764783E-02    1.0578260061E+02    4.2623085642E-02
    8.1599800000E-04    1.1831517334E+00   -2.1656169686E-04    1.0619166744E+02    4.3654647035E-02
    8.1999800000E-04    1.1926443686E+00   -4.6464993908E-02    1.0657931092E+02    4.4444032969E-02
    8.2399800000E-04    1.1883980290E+00   -8.3639172364E-02    1.0696193634E+02    4.2515432284E-02
    8.2799800000E-04    1.1663778019E+00   -1.1746238379E-01    1.0735509089E+02    3.8749920277E-02
    8.3199800000E-04    1.1276116749E+00   -1.5029699917E-01    1.0777335088E+02    3.4623028679E-02
    8.3599800000E-04    1.0685913084E+00   -1.6827929987E-01    1.0822824207E+02    3.2338205273E-02
    8.3999800000E-04    9.8647610868E-01   -1.5161511310E-01    1.0872698551E+02    3.1962682781E-02
    8.4399800000E-04    8.9062148692E-01   -8.0164125938E-02    1.0927123016E+02    3.2780209514E-02
    8.4799800000E-04    8.1913258066E-01    4.9267756082E-02    1.0985712841E+02    3.3662444281E-02
    8.5199800000E-04    8.1247743870E-01    2.0396234048E-01    1.1046955150E+02    3.4403967153E-02
    8.5599800000E-04    8.8122171050E-01    3.3389900565E-01    1.1107346528E+02    3.4939040267E-02
    8.5999800000E-04    1.0002794919E+00    3.9443432538E-01    1.1163255642E+02    3.4795326567E-02
    8.6399800000E-04    1.1234050389E+00    3.6372933867E-01    1.1213223651E+02    3.3441743486E-02
    8.6799800000E-04    1.2103669047E+00    2.5414646489E-01    1.1257527442E+02    3.0870951635E-02
    8.7199800000E-04    1.2489132609E+00    9.4677212361E-02    1.1297335334E+02    2.8049317681E-02
    8.7599800000E-04    1.2466472387E+00   -8.3429670065E-02    1.1335113462E+02    2.8464018759E-02
    8.7999800000E-04    1.2033434971E+00   -2.4218632411E-01    1.1375297553E+02    3.2346504086E-02
    8.8399800000E-04    1.1136842761E+00   -3.4632678473E-01    1.1420416267E+02    3.6289691420E-02
    8.8799800000E-04    9.9586258888E-01   -3.6554891813E-01    1.1471438815E+02    3.8831067457E-02
    8.9199800000E-04    8.9440179751E-01   -2.9485296351E-01    1.1528011524E+02    3.9561414892E-02
    8.9599800000E-04    8.5208737917E-01   -1.6462915635E-01    1.1587861644E+02    3.8986935069E-02
    8.9999800000E-04    8.8151561136E-01   -2.3723726659E-02    1.1647329159E+02    3.7374096798E-02
    9.0399800000E-04    9.6083976180E-01    8.0165792943E-02    1.1703845914E+02    3.4482725911E-02
    9.0799800000E-04    1.0483888403E+00    1.2178260680E-01    1.1756265687E+02    3.1401820108E-02
    9.1199800000E-04    1.1168744248E+00    1.1181182926E-01    1.1804093381E+02    2.9761671548E-02
    9.1599800000E-04    1.1612679611E+00    7.4488426665E-02    1.1847829005E+02    3.0097240641E-02
    9.1999800000E-04    1.1864352070E+00    2.5874000951E-02    1.1888349215E+02    3.2010530015E-02
    9.2399800000E-04    1.1965793057E+00   -2.2032812611E-02    1.1926886503E+02    3.3055398605E-02
    9.2799800000E-04    1.1896498814E+00   -6.4748319198E-02    1.1965188360E+02    3.1491038404E-02
    9.3199800000E-04    1.1650446030E+00   -1.0762504604E-01    1.2004905940E+02    2.8313313346E-02
    9.3599800000E-04    1.1228977552E+00   -1.4522035073E-01    1.2047543840E+02    2.5561961326E-02
    9.3999800000E-04    1.0588829921E+00   -1.6115185788E-01    1.2094091350E+02    2.4875606289E-02
    9.4399800000E-04    9.7318721174E-01   -1.3497905923E-01    1.2145170056E+02    2.6023238563E-02
    9.4799800000E-04    8.8392010443E-01   -4.8922034159E-02    1.2200705445E+02    2.7915158007E-02
    9.5199800000E-04    8.3041808808E-01    8.7503019006E-02    1.2259902515E+02    2.9209616596E-02
    9.5599800000E-04    8.4458844052E-01    2.3450521205E-01    1.2320734067E+02    2.9976099961E-02
    9.5999800001E-04    9.2695407796E-01    3.4281472192E-01    1.2379623304E+02    3.0132470275E-02
    9.6399800001E-04    1.0463128257E+00    3.7337070331E-01    1.2433543561E+02    2.9248025279E-02
    9.6799800001E-04    1.1562929556E+00    3.1452939240E-01    1.2481539114E+02    2.7060274288E-02
    9.7199800001E-04    1.2251605615E+00    1.8776294808E-01    1.2524161814E+02    2.4061112175E-02
    9.7599800001E-04    1.2489248117E+00    2.3812274609E-02    1.2562865496E+02    2.1880931327E-02
    9.7999800001E-04    1.2345615561E+00   -1.4471216408E-01    1.2601013895E+02    2.3444295369E-02
    9.8399800001E-04    1.1770916113E+00   -2.8384796775E-01    1.2642544462E+02    2.6745908472E-02
    9.8799800001E-04    1.0757989480E+00   -3.6177724408E-01    1.2689240131E+02    2.9521593398E-02
    9.9199800001E-04    9.5646026954E-01   -3.5231949208E-01    1.2741850074E+02    3.0972786454E-02
    9.9599800001E-04    8.6482817956E-01   -2.5975285534E-01    1.2799723792E+02    3.1144800439E-02
    9.9999800001E-04    8.3710081640E-01   -1.1907879097E-01    1.2860208550E+02    3.0474812334E-02
    1.0039980000E-03    8.7877559469E-01    2.0968962226E-02    1.2919690121E+02    2.9078569567E-02
    1.0079980000E-03    9.6309715287E-01    1.1690702100E-01    1.2975860680E+02    2.6779191747E-02
    1.0119980000E-03    1.0503733108E+00    1.5144920892E-01    1.3027711537E+02    2.4832859176E-02
    1.0159980000E-03    1.1174862314E+00    1.3919905360E-01    1.3074980443E+02    2.4582393210E-02
    1.0199980000E-03    1.1619809221E+00    1.0154436667E-01    1.3118216818E+02    2.6411600626E-02
    1.0239980000E-03    1.1880591569E+00    5.5625848617E-02    1.3158326756E+02    2.9354535481E-02
    1.0279980000E-03    1.1975313554E+00    1.0671501638E-02    1.3196727880E+02    3.0670731021E-02
    1.0319980000E-03    1.1887352267E+00   -3.5994850279E-02    1.3235120476E+02    2.9793911713E-02
    1.0359980000E-03    1.1642660945E+00   -8.4347882990E-02    1.3275252649E+02    2.7338066971E-02
    1.0399980000E-03    1.1212859464E+00   -1.2359753238E-01    1.3318497094E+02    2.6208980804E-02
    1.0439980000E-03    1.0552114577E+00   -1.3752590595E-01    1.3365750904E+02    2.7106580031E-02
    1.0479980000E-03    9.6883597332E-01   -1.0365252604E-01    1.3417589298E+02    2.9634296236E-02
    1.0519980000E-03    8.8593511125E-01   -7.6426319347E-03    1.3473684836E+02    3.2375869343E-02
    1.0559980000E-03    8.4633865073E-01    1.3126804521E-01    1.3532979318E+02    3.3990153908E-02
    1.0599980000E-03    8.7637682022E-01    2.6845009110E-01    1.3593174222E+02    3.4671442826E-02
    1.0639980000E-03    9.6947324236E-01    3.5487576106E-01    1.3650664652E+02    3.4297062923E-02
    1.0679980000E-03    1.0879205256E+00    3.5605143731E-01    1.3702850497E+02    3.2397318295E-02
    1.0719980000E-03    1.1857264804E+00    2.6981186728E-01    1.3749110155E+02    2.9075823926E-02
    1.0759980000E-03    1.2388824723E+00    1.2379572375E-01    1.3790228028E+02    2.5392794520E-02
    1.0799980000E-03    1.2495667843E+00   -4.8789580747E-02    1.3828199655E+02    2.4052246915E-02
    1.0839980000E-03    1.2214493740E+00   -2.1208383212E-01    1.3867215216E+02    2.6424902950E-02
    1.0879980000E-03    1.1468286686E+00   -3.3395423186E-01    1.3910334156E+02    2.9188117119E-02
    1.0919980000E-03    1.0318012463E+00   -3.8458022639E-01    1.3958897268E+02    3.0974288552E-02
    1.0959980000E-03    9.1070925565E-01   -3.4480941639E-01    1.4013411911E+02    3.1494499714E-02
    1.0999980000E-03    8.3017126617E-01   -2.2916565104E-01    1.4072842998E+02    3.1142777973E-02
    1.1039980000E-03    8.2045394099E-01   -7.8140146535E-02    1.4133996003E+02    3.0384037512E-02
    1.1079980000E-03    8.7895836002E-01    5.8467971149E-02    1.4193222447E+02    2.9338545889E-02
    1.1119980000E-03    9.7133435706E-01    1.4228833021E-01    1.4248584150E+02    2.8021968153E-02
    1.1159980000E-03    1.0572100981E+00    1.6757882245E-01    1.4299443444E+02    2.7601146392E-02
    1.1199980000E-03    1.1208315266E+00    1.5289539981E-01    1.4345802280E+02    2.9029592051E-02
    1.1239980000E-03    1.1630307974E+00    1.1847923326E-01    1.4388294957E+02    3.2456892409E-02
    1.1279980000E-03    1.1880140387E+00    8.0168135969E-02    1.4427958929E+02    3.6036714041E-02
    1.1319980000E-03    1.1949597241E+00    4.0759277637E-02    1.4466276329E+02    3.8129366829E-02
    1.1359980000E-03    1.1862775244E+00   -6.4564886237E-03    1.4504826349E+02    3.7363645756E-02
    1.1399980000E-03    1.1632155496E+00   -5.4501984846E-02    1.4545331609E+02    3.5950405080E-02
    1.1439980000E-03    1.1211292650E+00   -9.1696930758E-02    1.4588983461E+02    3.6022704189E-02
    1.1479980000E-03    1.0541098943E+00   -1.0335412390E-01    1.4636662515E+02    3.8062982020E-02
    1.1519980000E-03    9.6607348422E-01   -6.3935314658E-02    1.4688916724E+02    4.1500175005E-02
    1.1559980000E-03    8.8470489159E-01    3.9022869947E-02    1.4745262699E+02    4.4597138560E-02
    1.1599980000E-03    8.5521208005E-01    1.7965373158E-01    1.4804622276E+02    4.6359963846E-02
    1.1639980000E-03    8.9974320255E-01    3.0832068937E-01    1.4864380895E+02    4.7013233110E-02
    1.1679980000E-03    1.0039290673E+00    3.7492876384E-01    1.4920785428E+02    4.6166870251E-02
    1.1719980000E-03    1.1226325967E+00    3.4911547799E-01    1.4971577709E+02    4.3230884750E-02
    1.1759980000E-03    1.2107427980E+00    2.3737336862E-01    1.5016435593E+02    3.8751051173E-02
    1.1799980000E-03    1.2513911539E+00    7.0446079221E-02    1.5056357810E+02    3.4502580406E-02
    1.1839980000E-03    1.2509140136E+00   -1.1446865394E-01    1.5094104736E+02    3.4461548612E-02
    1.1879980000E-03    1.2080541956E+00   -2.7602702769E-01    1.5134245313E+02    3.7659978048E-02
    1.1919980000E-03    1.1151698753E+00   -3.8268612814E-01    1.5179053385E+02    4.0344167173E-02
    1.1959980000E-03    9.8712759390E-01   -4.0617568470E-01    1.5229629645E+02    4.1606059345E-02
    1.1999980000E-03    8.6722195503E-01   -3.3718696554E-01    1.5286173073E+02    4.1623628387E-02
    1.2039980000E-03    8.0229929593E-01   -2.0088039087E-01    1.5347031206E+02    4.1056333267E-02
    1.2079980000E-03    8.1644073238E-01   -4.4197085669E-02    1.5408311140E+02    4.0421886121E-02
    1.2119980000E-03    8.9494263447E-01    8.2042332203E-02    1.5466540295E+02    3.9720592577E-02
    1.2159980000E-03    9.9316531744E-01    1.4754973295E-01    1.5520449711E+02    3.9248990321E-02
    1.2199980000E-03    1.0731734464E+00    1.6062517215E-01    1.5569820786E+02    4.0022674548E-02
    1.2239980000E-03    1.1292801485E+00    1.4228735725E-01    1.5614909612E+02    4.2750060517E-02
    1.2279980000E-03    1.1658787430E+00    1.1161437718E-01    1.5656458616E+02    4.7373215525E-02
    1.2319980000E-03    1.1863449492E+00    8.2362734381E-02    1.5695658359E+02    5.1325148701E-02
    1.2359980000E-03    1.1896916710E+00    4.9657563344E-02    1.5733931565E+02    5.3213991143E-02
    1.2399980000E-03    1.1804679306E+00    6.7071906357E-03    1.5772764037E+02    5.2331599448E-02
    1.2439980000E-03    1.1572752632E+00   -3.5480840935E-02    1.5813744054E+02    5.1228869709E-02
    1.2479980000E-03    1.1144705052E+00   -6.6515385196E-02    1.5857899149E+02    5.1678115537E-02
    1.2519980000E-03    1.0436324446E+00   -7.3669442957E-02    1.5906083699E+02    5.4040985407E-02
    1.2559980000E-03    9.4763085596E-01   -2.7777247981E-02    1.5958827767E+02    5.7466277076E-02
    1.2599980000E-03    8.6524525804E-01    8.5105044917E-02    1.6015709032E+02    5.9981291291E-02
    1.2639980000E-03    8.4842844531E-01    2.3071969523E-01    1.6075594150E+02    6.1606412386E-02
    1.2679980000E-03    9.1186990152E-01    3.5323080429E-01    1.6135249183E+02    6.2194158387E-02
    1.2719980000E-03    1.0295495841E+00    4.0261603873E-01    1.6190799208E+02    6.1005522577E-02
    1.2759980000E-03    1.1497916707E+00    3.5415159055E-01    1.6240452008E+02    5.7374368553E-02
    1.2799980000E-03    1.2304034422E+00    2.2179914006E-01    1.6284243753E+02    5.2151402019E-02
    1.2839980000E-03    1.2615198437E+00    3.6539702406E-02    1.6323349670E+02    4.7819928075E-02
    1.2879980000E-03    1.2520273533E+00   -1.5953933844E-01    1.6361217154E+02    4.9392248026E-02
    1.2919980000E-03    1.1962295168E+00   -3.1996983348E-01    1.6402446049E+02    5.3755757192E-02
    1.2959980000E-03    1.0892340719E+00   -4.1318378421E-01    1.6448836358E+02    5.7143232224E-02
    1.2999980000E-03    9.5504268620E-01   -4.1314146737E-01    1.6501248703E+02    5.8605254327E-02
    1.3039980000E-03    8.4423151586E-01   -3.2142114201E-01    1.6559407772E+02    5.8589907056E-02
    1.3079980000E-03    8.0273852303E-01   -1.7332964351E-01    1.6620757321E+02    5.7977376210E-02
    1.3119980000E-03    8.4511956016E-01   -2.2392274547E-02    1.6680961024E+02    5.7209330889E-02
    1.3159980000E-03    9.4246291960E-01    7.9821747825E-02    1.6737264248E+02    5.6331470870E-02
    1.3199980000E-03    1.0393360109E+00    1.1527059656E-01    1.6789047319E+02    5.5632735082E-02
    1.3239980000E-03    1.1062116980E+00    1.0921210418E-01    1.6836373894E+02    5.6241468058E-02
    1.3279980000E-03    1.1484819190E+00    8.2269873303E-02    1.6879829903E+02    5.9031472086E-02
    1.3319980000E-03    1.1738191428E+00    4.8730911895E-02    1.6920205876E+02    6.3644506109E-02
    1.3359980000E-03    1.1858707997E+00    2.2389589156E-02    1.6958807495E+02    6.6063644006E-02
    1.3399980000E-03    1.1816604722E+00   -3.2462066981E-03    1.6997092517E+02    6.5842444646E-02
    1.3439980000E-03    1.1649244773E+00   -3.8843692178E-02    1.7036477476E+02    6.2425609961E-02
    1.3479980000E-03    1.1337408869E+00   -7.2598233605E-02    1.7078438272E+02    5.9730650773E-02
    1.3519980000E-03    1.0810821040E+00   -9.2115405725E-02    1.7123873587E+02    5.9163568680E-02
    1.3559980000E-03    9.9702715626E-01   -8.2840949001E-02    1.7173539751E+02    6.0213837919E-02
    1.3599980000E-03    8.9231515362E-01   -1.3278556710E-02    1.7227775289E+02    6.1735060432E-02
    1.3639980000E-03    8.2143355026E-01    1.2066888183E-01    1.7286281262E+02    6.2926814041E-02
    1.3679980000E-03    8.2873654130E-01    2.7399416949E-01    1.7347354428E+02    6.3799119524E-02
    1.3719980000E-03    9.1646973657E-01    3.8985747942E-01    1.7406958702E+02    6.4108667708E-02
    1.3759980000E-03    1.0472048006E+00    4.2328531582E-01    1.7461528502E+02    6.2976589786E-02
    1.3799980000E-03    1.1673554631E+00    3.5838669376E-01    1.7510015508E+02    5.9666318170E-02
    1.3839980000E-03    1.2409110288E+00    2.1498010484E-01    1.7552898255E+02    5.4912455058E-02
    1.3879980000E-03    1.2644241861E+00    2.2986900416E-02    1.7591500375E+02    5.1375976593E-02
    1.3919980000E-03    1.2476917797E+00   -1.7394373671E-01    1.7629631608E+02    5.4227780920E-02
    1.3959980000E-03    1.1832855851E+00   -3.2862928790E-01    1.7671717265E+02    5.9553588458E-02
    1.3999980000E-03    1.0711326706E+00   -4.0852333221E-01    1.7719347577E+02    6.3751002857E-02
    1.4039980000E-03    9.4293097192E-01   -3.9070750782E-01    1.7773045679E+02    6.5578708577E-02
    1.4079980000E-03    8.5228331705E-01   -2.8658362478E-01    1.7831850393E+02    6.5454765804E-02
    1.4119980000E-03    8.3872140565E-01   -1.3955647589E-01    1.7892428192E+02    6.4272181402E-02
    1.4159980000E-03    9.0362148073E-01   -6.5606616635E-03    1.7950799188E+02    6.2449987471E-02
    1.4199980000E-03    1.0052744653E+00    6.4476275434E-02    1.8005132544E+02    5.9815956704E-02
    1.4239980000E-03    1.0888140703E+00    7.2547400721E-02    1.8054933955E+02    5.7415872135E-02
    1.4279980000E-03    1.1409522752E+00    4.9889166329E-02    1.8100448752E+02    5.6699699496E-02
    1.4319980000E-03    1.1705341437E+00    1.3427074385E-02    1.8142509969E+02    5.7859134594E-02
    1.4359980000E-03    1.1848649509E+00   -2.7700214694E-02    1.8181985172E+02    5.9623280560E-02
    1.4399980000E-03    1.1874788904E+00   -6.0453237439E-02    1.8220282062E+02    5.9305785360E-02
    1.4439980000E-03    1.1744864610E+00   -8.6255314907E-02    1.8258937684E+02    5.6081595363E-02
    1.4479980000E-03    1.1456850096E+00   -1.1677623469E-01    1.8299330154E+02    5.1228308084E-02
    1.4519980000E-03    1.0998825323E+00   -1.4217070482E-01    1.8342828633E+02    4.7568410828E-02
    1.4559980000E-03    1.0311024034E+00   -1.4494251106E-01    1.8390290462E+02    4.6200371806E-02
    1.4599980000E-03    9.3655802697E-01   -1.0520337829E-01    1.8442224665E+02    4.6321962552E-02
    1.4639980000E-03    8.4145075308E-01   -2.5557162896E-03    1.8498647552E+02    4.6960224538E-02
    1.4679980000E-03    7.9652458998E-01    1.4821886708E-01    1.8558960665E+02    4.7579686723E-02
    1.4719980000E-03    8.3202638616E-01    2.9958445251E-01    1.8620555541E+02    4.8155655531E-02
    1.4759980000E-03    9.3753217859E-01    3.9933248360E-01    1.8679182166E+02    4.8398435556E-02
    1.4799980000E-03    1.0706623214E+00    4.1143107106E-01    1.8732150616E+02    4.7562675346E-02
    1.4839980000E-03    1.1818107229E+00    3.3085005652E-01    1.8779093094E+02    4.5061056058E-02
    1.4879980000E-03    1.2437038572E+00    1.8265565288E-01    1.8820847115E+02    4.1458731320E-02
    1.4919980000E-03    1.2585047076E+00   -3.7367090028E-03    1.8858996728E+02    3.9504253221E-02
    1.4959980000E-03    1.2335681312E+00   -1.8711883984E-01    1.8897641131E+02    4.2992615595E-02
    1.4999980000E-03    1.1612887864E+00   -3.2538024463E-01    1.8940627446E+02    4.8019986438E-02
    1.5039980000E-03    1.0477518115E+00   -3.8580703945E-01    1.8989350936E+02    5.1865084111E-02
    1.5079980000E-03    9.3064464200E-01   -3.4986894820E-01    1.9044009990E+02    5.3434487149E-02
    1.5119980000E-03    8.6084172578E-01   -2.3697705623E-01    1.9103078344E+02    5.3140876323E-02
    1.5159980000E-03    8.6651710207E-01   -9.3844775583E-02    1.9162973745E+02    5.1645322561E-02
    1.5199980000E-03    9.3796775909E-01    2.5830483054E-02    1.9220375722E+02    4.9006440514E-02
    1.5239980000E-03    1.0304273427E+00    8.4305365258E-02    1.9273911391E+02    4.5321644007E-02
    1.5279980000E-03    1.1052359969E+00    8.4572870141E-02    1.9322920757E+02    4.2564035876E-02
    1.5319980000E-03    1.1532488693E+00    5.3930964509E-02    1.9367696274E+02    4.1687575495E-02
    1.5359980000E-03    1.1802865422E+00    9.5397282170E-03    1.9409096773E+02    4.2557430317E-02
    1.5399980000E-03    1.1921511491E+00   -3.7760010738E-02    1.9448122115E+02    4.3573583664E-02
    1.5439980000E-03    1.1905823829E+00   -7.7069253505E-02    1.9486349281E+02    4.2215891459E-02
    1.5479980000E-03    1.1715279716E+00   -1.1127650704E-01    1.9525390477E+02    3.8683440918E-02
    1.5519980000E-03    1.1355993495E+00   -1.4531189854E-01    1.9566710210E+02    3.4493214607E-02
    1.5559980000E-03    1.0801871353E+00   -1.6733017902E-01    1.9611544309E+02    3.1899069408E-02
    1.5599980000E-03    1.0017883392E+00   -1.5791316164E-01    1.9660678118E+02    3.1284204013E-02
    1.5639980000E-03    9.0649436986E-01   -9.6565947896E-02    1.9714381636E+02    3.2036879316E-02
    1.5679980000E-03    8.2807247195E-01    2.4647803359E-02    1.9772348271E+02    3.2972127739E-02
    1.5719980000E-03    8.0922496389E-01    1.7822661154E-01    1.9833331957E+02    3.3751739327E-02
    1.5759980000E-03    8.6631980700E-01    3.1534504134E-01    1.9894119310E+02    3.4336951901E-02
    1.5799980000E-03    9.7973388204E-01    3.8922717586E-01    1.9950902884E+02    3.4325661787E-02
    1.5839980000E-03    1.1050876367E+00    3.7347565642E-01    2.0001844932E+02    3.3191614660E-02
    1.5879980000E-03    1.1993343052E+00    2.7490472958E-01    2.0046997791E+02    3.0788277334E-02
    1.5919980000E-03    1.2453875763E+00    1.2200302253E-01    2.0087430276E+02    2.7871176567E-02
    1.5959980000E-03    1.2492765748E+00   -5.4947737247E-02    2.0125252724E+02    2.7515777748E-02
    1.5999980000E-03    1.2133488373E+00   -2.1889439556E-01    2.0164800921E+02    3.1070792368E-02
    1.6039980000E-03    1.1309740376E+00   -3.3389128262E-01    2.0209015166E+02    3.5079562281E-02
    1.6079980000E-03    1.0152938559E+00   -3.6835623523E-01    2.0259039839E+02    3.7882445591E-02
    1.6119980000E-03    9.0773024853E-01   -3.1114132545E-01    2.0314787808E+02    3.8876685720E-02
    1.6159980000E-03    8.5369673330E-01   -1.8761446623E-01    2.0374347145E+02    3.8492660978E-02
    1.6199980000E-03    8.7150435955E-01   -4.4826776265E-02    2.0434132146E+02    3.7078584438E-02
    1.6239980000E-03    9.4507691291E-01    6.8172816212E-02    2.0491271532E+02    3.4422171966E-02
    1.6279980000E-03    1.0337594147E+00    1.2076353034E-01    2.0544468117E+02    3.1265251284E-02
    1.6319980000E-03    1.1065224652E+00    1.1795207689E-01    2.0593084427E+02    2.9357689001E-02
    1.6359980000E-03    1.1549782683E+00    8.3980970160E-02    2.0637468980E+02    2.9394202227E-02
    1.6399980000E-03    1.1832441560E+00    3.6333973389E-02    2.0678474059E+02    3.1203050370E-02
    1.6439980000E-03    1.1960571892E+00   -1.2378397184E-02    2.0717232713E+02    3.2665672582E-02
    1.6479980000E-03    1.1923154429E+00   -5.5842926395E-02    2.0755457252E+02    3.1497984559E-02
    1.6519980000E-03    1.1705599242E+00   -9.9144540907E-02    2.0794824561E+02    2.8576539071E-02
    1.6559980000E-03    1.1317511428E+00   -1.3889463690E-01    2.0836898962E+02    2.5623044609E-02
    1.6599980000E-03    1.0716290052E+00   -1.6004978541E-01    2.0882743139E+02    2.4661980591E-02
    1.6639980000E-03    9.8908531736E-01   -1.4256450161E-01    2.0933055384E+02    2.5612016362E-02
    1.6679980000E-03    8.9825757204E-01   -6.6831177120E-02    2.0987888083E+02    2.7563983839E-02
    1.6719980000E-03    8.3621383570E-01    6.3258828305E-02    2.1046555822E+02    2.9003866888E-02
    1.6759980000E-03    8.3834139885E-01    2.1161641548E-01    2.1107309628E+02    2.9860118150E-02
    1.6799980000E-03    9.1072631195E-01    3.2910952384E-01    2.1166745216E+02    3.0128456134E-02
    1.6839980000E-03    1.0269481820E+00    3.7371747338E-01    2.1221573651E+02    2.9412461736E-02
    1.6879980000E-03    1.1410545795E+00    3.2840926298E-01    2.1270516402E+02    2.7387839200E-02
    1.6919980000E-03    1.2173114795E+00    2.1038770418E-01    2.1313922267E+02    2.4435048847E-02
    1.6959980000E-03    1.2477021696E+00    5.0344914715E-02    2.1353098282E+02    2.1892145905E-02
    1.6999980000E-03    1.2394140492E+00   -1.1957673297E-01    2.1391026163E+02    2.2835705283E-02
    1.7039980000E-03    1.1893591536E+00   -2.6535959863E-01    2.1431859769E+02    2.6047637980E-02
    1.7079980000E-03    1.0940997797E+00   -3.5509723358E-01    2.1477648540E+02    2.8932114816E-02
    1.7119980000E-03    9.7466259837E-01   -3.6032092285E-01    2.1529305802E+02    3.0582370348E-02
    1.7159980000E-03    8.7522339472E-01   -2.7934056130E-01    2.1586459437E+02    3.0917879446E-02
    1.7199980000E-03    8.3562655306E-01   -1.4308987196E-01    2.1646799937E+02    3.0365164892E-02
    1.7239980000E-03    8.6687650078E-01    6.8248144741E-04    2.1706689254E+02    2.9121985168E-02
    1.7279980000E-03    9.4707853644E-01    1.0623965366E-01    2.1763519862E+02    2.6987330134E-02
    1.7319980000E-03    1.0362722437E+00    1.5081971592E-01    2.1816144100E+02    2.4912570391E-02
    1.7359980000E-03    1.1074247567E+00    1.4499975745E-01    2.1864167726E+02    2.4404056015E-02
    1.7399980000E-03    1.1556571103E+00    1.1049845487E-01    2.1908027774E+02    2.5949162568E-02
    1.7439980000E-03    1.1846582530E+00    6.5327756323E-02    2.1948584923E+02    2.8947730130E-02
    1.7479980000E-03    1.1972127000E+00    2.0281011554E-02    2.1987157650E+02    3.0662469061E-02
    1.7519980000E-03    1.1913921218E+00   -2.5789313737E-02    2.2025434413E+02    3.0266449024E-02
    1.7559980000E-03    1.1697456725E+00   -7.4619801248E-02    2.2065160252E+02    2.7894556545E-02
    1.7599980000E-03    1.1304306373E+00   -1.1656814460E-01    2.2107814150E+02    2.6495381441E-02
    1.7639980000E-03    1.0685526611E+00   -1.3632235674E-01    2.2154333578E+02    2.7125642152E-02
    1.7679980000E-03    9.8466143237E-01   -1.1228696626E-01    2.2205393264E+02    2.9498704130E-02
    1.7719980000E-03    8.9866021253E-01   -2.6402521806E-02    2.2260824755E+02    3.2387795683E-02
    1.7759980000E-03    8.4925854574E-01    1.0791909035E-01    2.2319674624E+02    3.4213583381E-02
    1.7799980000E-03    8.6734913049E-01    2.4864968495E-01    2.2379934554E+02    3.5051290330E-02
    1.7839980000E-03    9.5188793812E-01    3.4617863664E-01    2.2438090680E+02    3.4873200878E-02
    1.7879980000E-03    1.0694970249E+00    3.6215878246E-01    2.2491223110E+02    3.3213548944E-02
    1.7919980000E-03    1.1730412247E+00    2.8829172669E-01    2.2538416865E+02    3.0019381201E-02
    1.7959980000E-03    1.2336856447E+00    1.4932865644E-01    2.2580269701E+02    2.6238719290E-02
    1.7999980000E-03    1.2505181693E+00   -2.1815408190E-02    2.2618506114E+02    2.4248631511E-02
    1.8039980000E-03    1.2289792406E+00   -1.8918137348E-01    2.2657080711E+02    2.6246641876E-02
    1.8079980000E-03    1.1618618375E+00   -3.1968759549E-01    2.2699448829E+02    2.9085358918E-02
    1.8119980000E-03    1.0514032736E+00   -3.8358559729E-01    2.2747089703E+02    3.1044998498E-02
    1.8159980000E-03    9.2779070168E-01   -3.5796438925E-01    2.2800688904E+02    3.1720703954E-02
    1.8199980000E-03    8.3769124880E-01   -2.5198470552E-01    2.2859522267E+02    3.1463097421E-02
    1.8239980000E-03    8.1577104236E-01   -1.0297804858E-01    2.2920703186E+02    3.0757730468E-02
    1.8279980000E-03    8.6509172443E-01    3.9401645734E-02    2.2980447906E+02    2.9783397085E-02
    1.8319980000E-03    9.5530766379E-01    1.3328144110E-01    2.3036504617E+02    2.8515292690E-02
    1.8359980000E-03    1.0441949401E+00    1.6718869446E-01    2.3088113180E+02    2.7916702792E-02
    1.8399980000E-03    1.1116004856E+00    1.5785142284E-01    2.3135175240E+02    2.9078206252E-02
    1.8439980000E-03    1.1570609350E+00    1.2567593114E-01    2.3178240685E+02    3.2292378211E-02
    1.8479980000E-03    1.1848436904E+00    8.7835363552E-02    2.3218276467E+02    3.6071614344E-02
    1.8519980000E-03    1.1948387770E+00    4.9569649423E-02    2.3256718695E+02    3.8558571206E-02
    1.8559980000E-03    1.1885936678E+00    3.6179266861E-03    2.3295111165E+02    3.8226272885E-02
    1.8599980000E-03    1.1683578095E+00   -4.5015561168E-02    2.3335190178E+02    3.6784233905E-02
    1.8639980000E-03    1.1301050491E+00   -8.4738177640E-02    2.3378251222E+02    3.6571729058E-02
    1.8679980000E-03    1.0676254194E+00   -1.0232162992E-01    2.3425187392E+02    3.8329541865E-02
    1.8719980000E-03    9.8186826429E-01   -7.3395517349E-02    2.3476670310E+02    4.1647343764E-02
    1.8759980000E-03    8.9602562591E-01    1.9594961419E-02    2.3532380818E+02    4.4963555067E-02
    1.8799980000E-03    8.5524387070E-01    1.5711848207E-01    2.3591354127E+02    4.6931290375E-02
    1.8839980000E-03    8.8768015577E-01    2.9139362171E-01    2.3651305693E+02    4.7789505092E-02
    1.8879980000E-03    9.8479195544E-01    3.7093395468E-01    2.3708480827E+02    4.7236126197E-02
    1.8919980000E-03    1.1048537345E+00    3.6061604185E-01    2.3760257539E+02    4.4625234361E-02
    1.8959980000E-03    1.2000467002E+00    2.6053604553E-01    2.3806041181E+02    4.0257783832E-02
    1.8999980000E-03    1.2482546160E+00    9.9682903617E-02    2.3846650863E+02    3.5713867800E-02
    1.9039980000E-03    1.2539102225E+00   -8.5953301295E-02    2.3884427829E+02    3.4792244431E-02
    1.9079980000E-03    1.2185228414E+00   -2.5421721582E-01    2.3923971931E+02    3.7860026208E-02
    1.9119980000E-03    1.1332336961E+00   -3.7178625618E-01    2.3967963439E+02    4.0749539035E-02
    1.9159980000E-03    1.0081178176E+00   -4.1014267666E-01    2.4017591517E+02    4.2275790374E-02
    1.9199980000E-03    8.8322158996E-01   -3.5476813346E-01    2.4073253048E+02    4.2442105733E-02
    1.9239980000E-03    8.0695338830E-01   -2.2618098171E-01    2.4133670508E+02    4.1921552568E-02
    1.9279980000E-03    8.0859455537E-01   -6.8994206617E-02    2.4195178723E+02    4.1308950795E-02
    1.9319980000E-03    8.7973228431E-01    6.4998161320E-02    2.4254017491E+02    4.0626606685E-02
    1.9359980000E-03    9.7841225928E-01    1.4031532542E-01    2.4308618301E+02    4.0080181998E-02
    1.9399980000E-03    1.0622851522E+00    1.6007276025E-01    2.4358689650E+02    4.0615761152E-02
    1.9439980000E-03    1.1217873500E+00    1.4548313661E-01    2.4404405035E+02    4.3002358338E-02
    1.9479980000E-03    1.1609408133E+00    1.1574407411E-01    2.4446446862E+02    4.7506271178E-02
    1.9519980000E-03    1.1840240421E+00    8.6286998970E-02    2.4485919480E+02    5.1679533687E-02
    1.9559980000E-03    1.1897933294E+00    5.5727122652E-02    2.4524256179E+02    5.4101335652E-02
    1.9599980000E-03    1.1825020656E+00    1.4246361003E-02    2.4562885698E+02    5.3436441446E-02
    1.9639980000E-03    1.1619291043E+00   -2.8628467115E-02    2.4603436684E+02    5.2198572851E-02
    1.9679980000E-03    1.1229813076E+00   -6.1690782382E-02    2.4647023725E+02    5.2301146347E-02
    1.9719980000E-03    1.0570668549E+00   -7.4361641088E-02    2.4694488232E+02    5.4354668561E-02
    1.9759980000E-03    9.6330243539E-01   -3.9319986062E-02    2.4746496019E+02    5.7695095503E-02
    1.9799980000E-03    8.7416470148E-01    6.3923036308E-02    2.4802755121E+02    6.0354945888E-02
    1.9839980000E-03    8.4456139490E-01    2.0819568268E-01    2.4862336631E+02    6.2103311368E-02
    1.9879980000E-03    8.9600873684E-01    3.3854278436E-01    2.4922348030E+02    6.2898853068E-02
    1.9919980000E-03    1.0084912147E+00    4.0255060021E-01    2.4978769832E+02    6.2068051870E-02
    1.9959980000E-03    1.1322883035E+00    3.7000422446E-01    2.5029427252E+02    5.8834167112E-02
    1.9999980000E-03    1.2210586187E+00    2.4912254453E-01    2.5074124169E+02    5.3751389812E-02
