 sig=    1.000000000000000      inputfile=
 /home/rjrj524/Finished/vmec_gc_tracer/revised_251128/nc/wout_pwO_nfp2_A6.nc                                                                                                                             
 dt=   2.0000000000000001E-009
 steps=      1000000
 x0=   4.0000000000000001E-002    0.000000000000000      
    6.410000000000000     
 u=   -69000.00000000000     
 v_perp=    141000.0000000000     
 
time(s)         x0(1)       x0(2)        x0(3)      r
    3.9980000000E-06    1.1944744000E+00   -2.6052946939E-02    6.2071660417E+00    3.9038388579E-02
    7.9980000000E-06    1.1907184741E+00    9.3543066493E-03    6.0036611420E+00    3.9191065833E-02
    1.1998000000E-05    1.1800073882E+00    4.6278361490E-02    5.7941849226E+00    4.0571066234E-02
    1.5998000000E-05    1.1620248253E+00    8.3468112839E-02    5.5732384612E+00    4.2666850829E-02
    1.9998000000E-05    1.1354334894E+00    1.1885022413E-01    5.3359850512E+00    4.4868897511E-02
    2.3998000000E-05    1.0978009058E+00    1.4946191922E-01    5.0784977436E+00    4.6631868223E-02
    2.7998000000E-05    1.0458162053E+00    1.7030983202E-01    4.7971399172E+00    4.7914835700E-02
    3.1998000000E-05    9.7737443620E-01    1.7244373683E-01    4.4879738902E+00    4.8935627416E-02
    3.5998000000E-05    8.9624576392E-01    1.4432590501E-01    4.1480684439E+00    4.9792913310E-02
    3.9998000000E-05    8.1620410368E-01    7.8676693983E-02    3.7760114178E+00    5.0618129677E-02
    4.3998000000E-05    7.5631534070E-01   -2.0842649123E-02    3.3719846375E+00    5.1534560534E-02
    4.7998000000E-05    7.3361663750E-01   -1.4071698057E-01    2.9419780032E+00    5.2435110109E-02
    5.1998000000E-05    7.5974954043E-01   -2.6077128654E-01    2.5020926196E+00    5.2829045648E-02
    5.5998000000E-05    8.3167024776E-01   -3.5826249107E-01    2.0737530000E+00    5.2671010138E-02
    5.9998000000E-05    9.3321713837E-01   -4.1406831509E-01    1.6731828590E+00    5.2456418243E-02
    6.3998000000E-05    1.0433524197E+00   -4.1627582391E-01    1.3076146122E+00    5.2897089108E-02
    6.7998000000E-05    1.1401121069E+00   -3.6394177916E-01    9.7978889006E-01    5.4694749666E-02
    7.1998000000E-05    1.2096659538E+00   -2.6928090259E-01    6.8967027685E-01    5.7790861299E-02
    7.5998000000E-05    1.2505485889E+00   -1.4731513290E-01    4.3369700587E-01    6.1509360785E-02
    7.9998000000E-05    1.2679463040E+00   -1.2286536257E-02    2.0441652530E-01    6.4198339229E-02
    8.3998000000E-05    1.2672639398E+00    1.2454774622E-01   -1.5658044841E-02    6.3915084674E-02
    8.7998000000E-05    1.2471264969E+00    2.5525691928E-01   -2.4902383191E-01    6.1846004666E-02
    9.1998000000E-05    1.2003421637E+00    3.6965692046E-01   -5.0826514685E-01    6.0294221112E-02
    9.5998000000E-05    1.1207432617E+00    4.5639858319E-01   -7.9743532815E-01    6.0166184792E-02
    9.9998000000E-05    1.0086997420E+00    5.0269555896E-01   -1.1183057290E+00    6.1766441871E-02
    1.0399800000E-04    8.7671735335E-01    4.9657101797E-01   -1.4724816779E+00    6.4572335975E-02
    1.0799800000E-04    7.4471786722E-01    4.3351088862E-01   -1.8631255792E+00    6.7403153355E-02
    1.1199800000E-04    6.3355176139E-01    3.1827948602E-01   -2.2919495125E+00    6.9467203767E-02
    1.1599800000E-04    5.6451926441E-01    1.6681358610E-01   -2.7547818116E+00    7.0082202615E-02
    1.1999800000E-04    5.4782275175E-01    2.2042159817E-03   -3.2342878461E+00    6.8739539195E-02
    1.2399800000E-04    5.8033128932E-01   -1.5906560600E-01   -3.7034244322E+00    6.5227541791E-02
    1.2799800000E-04    6.5504884065E-01   -3.0065795398E-01   -4.1423144293E+00    6.0073231428E-02
    1.3199800000E-04    7.6116126072E-01   -4.0402263886E-01   -4.5449010663E+00    5.4010220485E-02
    1.3599800000E-04    8.8067338515E-01   -4.5893834399E-01   -4.9109761204E+00    4.7698330165E-02
    1.3999800000E-04    9.9479989646E-01   -4.6824091300E-01   -5.2444388947E+00    4.2037438403E-02
    1.4399800000E-04    1.0920740855E+00   -4.3969927322E-01   -5.5490868399E+00    3.7497837463E-02
    1.4799800000E-04    1.1663855795E+00   -3.8064750463E-01   -5.8279315836E+00    3.4390366526E-02
    1.5199800000E-04    1.2155265768E+00   -2.9889383548E-01   -6.0834620897E+00    3.2807328654E-02
    1.5599800000E-04    1.2418357190E+00   -2.0155701199E-01   -6.3180626051E+00    3.2440571169E-02
    1.5999800000E-04    1.2497729370E+00   -9.4242877402E-02   -6.5382613656E+00    3.2255618313E-02
    1.6399800000E-04    1.2420034609E+00    1.7439440539E-02   -6.7587906906E+00    3.0949118824E-02
    1.6799800000E-04    1.2168934111E+00    1.2692000156E-01   -6.9965375126E+00    2.8276008987E-02
    1.7199800000E-04    1.1704099869E+00    2.2291164850E-01   -7.2624053524E+00    2.5127887730E-02
    1.7599800000E-04    1.1014884140E+00    2.9049192957E-01   -7.5625980283E+00    2.2279591599E-02
    1.7999800000E-04    1.0167482024E+00    3.1590097674E-01   -7.9001274910E+00    2.0308683813E-02
    1.8399800000E-04    9.3199011471E-01    2.9302522562E-01   -8.2731081111E+00    1.9368500524E-02
    1.8799800000E-04    8.6608629638E-01    2.2785092147E-01   -8.6748455809E+00    1.9152560027E-02
    1.9199800000E-04    8.3356439538E-01    1.3523085889E-01   -9.0931008575E+00    1.9353610488E-02
    1.9599800000E-04    8.4076670118E-01    3.4550608040E-02   -9.5118817228E+00    1.9845054490E-02
    1.9999800000E-04    8.8458506293E-01   -5.4008607654E-02   -9.9161895631E+00    2.0732568537E-02
    2.0399800000E-04    9.5226291317E-01   -1.1349256148E-01   -1.0296805858E+01    2.2183745776E-02
    2.0799800000E-04    1.0258512306E+00   -1.3580005081E-01   -1.0648550672E+01    2.3912581337E-02
    2.1199800000E-04    1.0906552285E+00   -1.2403215147E-01   -1.0968761557E+01    2.5608371890E-02
    2.1599800000E-04    1.1400854504E+00   -8.8765018385E-02   -1.1258049696E+01    2.7070028674E-02
    2.1999800000E-04    1.1742357331E+00   -4.0888079419E-02   -1.1519986473E+01    2.8184766018E-02
    2.2399800000E-04    1.1958205813E+00    1.2378764752E-02   -1.1759196254E+01    2.9035741408E-02
    2.2799800000E-04    1.2072405108E+00    6.6623941528E-02   -1.1981576201E+01    2.9867618663E-02
    2.3199800000E-04    1.2098370710E+00    1.1915414086E-01   -1.2194521817E+01    3.1024071094E-02
    2.3599800000E-04    1.2040996367E+00    1.6821207369E-01   -1.2405609302E+01    3.2820734417E-02
    2.3999800000E-04    1.1900123546E+00    2.1225800977E-01   -1.2621259587E+01    3.5399462114E-02
    2.4399800000E-04    1.1673357840E+00    2.4927919523E-01   -1.2846357680E+01    3.8389027257E-02
    2.4799800000E-04    1.1350417777E+00    2.7893567766E-01   -1.3084857514E+01    4.1385960253E-02
    2.5199800000E-04    1.0911423778E+00    3.0268598541E-01   -1.3339352685E+01    4.4494321771E-02
    2.5599800000E-04    1.0335956106E+00    3.1891187466E-01   -1.3612802521E+01    4.7835209700E-02
    2.5999800000E-04    9.6078354378E-01    3.2058061069E-01   -1.3909078727E+01    5.1575684086E-02
    2.6399800000E-04    8.7566885375E-01    2.9609933608E-01   -1.4232816230E+01    5.5521097289E-02
    2.6799800000E-04    7.8852651077E-01    2.3636765854E-01   -1.4587692762E+01    5.9744848801E-02
    2.7199800000E-04    7.1265615756E-01    1.4067457815E-01   -1.4976275674E+01    6.4082759581E-02
    2.7599800000E-04    6.5854813857E-01    1.6524133963E-02   -1.5397494243E+01    6.7941865349E-02
    2.7999800000E-04    6.3983230906E-01   -1.2466358227E-01   -1.5846092239E+01    7.0970268508E-02
    2.8399800000E-04    6.7208274180E-01   -2.6593550735E-01   -1.6304788943E+01    7.2635156223E-02
    2.8799800000E-04    7.5514560650E-01   -3.8502436317E-01   -1.6748449519E+01    7.3094229393E-02
    2.9199800000E-04    8.7091577908E-01   -4.6106646355E-01   -1.7160470889E+01    7.2660032772E-02
    2.9599800000E-04    9.9769508035E-01   -4.8149759147E-01   -1.7536098724E+01    7.2158184448E-02
    2.9999800000E-04    1.1124324768E+00   -4.4362631101E-01   -1.7875228003E+01    7.2707087275E-02
    3.0399800000E-04    1.1973166526E+00   -3.5773358510E-01   -1.8178006831E+01    7.4850243347E-02
    3.0799800000E-04    1.2490440659E+00   -2.3851605905E-01   -1.8446315549E+01    7.8182564392E-02
    3.1199800000E-04    1.2727931095E+00   -1.0005418266E-01   -1.8684552173E+01    8.1606862184E-02
    3.1599800000E-04    1.2765113849E+00    4.4633409587E-02   -1.8905821406E+01    8.2419962669E-02
    3.1999800000E-04    1.2622198531E+00    1.8688317727E-01   -1.9134483575E+01    7.9765311349E-02
    3.2399800000E-04    1.2232788498E+00    3.1583477279E-01   -1.9389193466E+01    7.6289585243E-02
    3.2799800000E-04    1.1524024697E+00    4.1747650680E-01   -1.9676675562E+01    7.3731381725E-02
    3.3199800000E-04    1.0482834327E+00    4.7765426989E-01   -1.9999590672E+01    7.2675898643E-02
    3.3599800000E-04    9.2228734984E-01    4.8274984035E-01   -2.0358644065E+01    7.3062542657E-02
    3.3999800000E-04    7.9702657622E-01    4.2931871244E-01   -2.0754409811E+01    7.3759506721E-02
    3.4399800000E-04    6.9429952268E-01    3.2570292882E-01   -2.1185579384E+01    7.3840820282E-02
    3.4799800000E-04    6.3564056798E-01    1.8909581967E-01   -2.1642308929E+01    7.2685834325E-02
    3.5199800000E-04    6.3055295195E-01    4.2488572173E-02   -2.2101745068E+01    7.0154122624E-02
    3.5599800000E-04    6.6916357536E-01   -9.4842136995E-02   -2.2540677865E+01    6.6270534513E-02
    3.5999800000E-04    7.3571782598E-01   -2.0925833443E-01   -2.2948697167E+01    6.1713493858E-02
    3.6399800000E-04    8.2053715470E-01   -2.9041572750E-01   -2.3322603931E+01    5.6915333551E-02
    3.6799800000E-04    9.1114560779E-01   -3.3402144694E-01   -2.3663469929E+01    5.2357137471E-02
    3.7199800000E-04    9.9417028241E-01   -3.4522296253E-01   -2.3974791464E+01    4.8092297268E-02
    3.7599800000E-04    1.0624280158E+00   -3.3544477424E-01   -2.4260986877E+01    4.4322860344E-02
    3.7999800000E-04    1.1155287457E+00   -3.1434558156E-01   -2.4526280278E+01    4.1024576829E-02
    3.8399800000E-04    1.1556421278E+00   -2.8539477204E-01   -2.4774245525E+01    3.7855050335E-02
    3.8799800000E-04    1.1849633146E+00   -2.4764380034E-01   -2.5007476970E+01    3.4633216475E-02
    3.9199800000E-04    1.2044332595E+00   -2.0162089453E-01   -2.5229335350E+01    3.1841520965E-02
    3.9599800000E-04    1.2143556496E+00   -1.4931747232E-01   -2.5443920548E+01    2.9786728644E-02
    3.9999800000E-04    1.2150434129E+00   -9.2242261509E-02   -2.5657406313E+01    2.8294420307E-02
    4.0399800000E-04    1.2063297943E+00   -3.2171186269E-02   -2.5877862333E+01    2.7082981159E-02
    4.0799800000E-04    1.1870202934E+00    2.8309050025E-02   -2.6113772895E+01    2.5802595619E-02
    4.1199800000E-04    1.1547573613E+00    8.4342162837E-02   -2.6372126397E+01    2.4228766209E-02
    4.1599800000E-04    1.1070680570E+00    1.2770253662E-01   -2.6658062940E+01    2.2312000825E-02
    4.1999800000E-04    1.0444787054E+00    1.4670144332E-01   -2.6975294781E+01    2.0197662665E-02
    4.2399800000E-04    9.7385818885E-01    1.3092596167E-01   -2.7324335707E+01    1.8183009352E-02
    4.2799800000E-04    9.0818330236E-01    7.7995039466E-02   -2.7702011253E+01    1.6535670187E-02
    4.3199800000E-04    8.6274245580E-01   -4.3802473833E-03   -2.8102465104E+01    1.5349755637E-02
    4.3599800000E-04    8.5048743014E-01   -1.0085005835E-01   -2.8517025012E+01    1.4717636833E-02
    4.3999800000E-04    8.7571116343E-01   -1.9219340521E-01   -2.8932452298E+01    1.4561728515E-02
    4.4399800000E-04    9.3372169774E-01   -2.5948548842E-01   -2.9333731559E+01    1.4955885468E-02
    4.4799800000E-04    1.0120002530E+00   -2.8751928768E-01   -2.9708339803E+01    1.6117752398E-02
    4.5199800000E-04    1.0930089356E+00   -2.6917480851E-01   -3.0048727607E+01    1.8226543439E-02
    4.5599800000E-04    1.1608651571E+00   -2.0919734175E-01   -3.0352383886E+01    2.1047468157E-02
    4.5999800000E-04    1.2080719900E+00   -1.2064173234E-01   -3.0621824399E+01    2.4068447260E-02
    4.6399800000E-04    1.2348277788E+00   -1.8389073953E-02   -3.0862800622E+01    2.6700797544E-02
    4.6799800000E-04    1.2447321132E+00    8.6170494136E-02   -3.1084922802E+01    2.8262821377E-02
    4.7199800000E-04    1.2397853901E+00    1.8641088745E-01   -3.1303405679E+01    2.8860520082E-02
    4.7599800000E-04    1.2183794200E+00    2.7771848343E-01   -3.1532837888E+01    2.9584171365E-02
    4.7999800000E-04    1.1769392838E+00    3.5567791545E-01   -3.1780546850E+01    3.1396096037E-02
    4.8399800000E-04    1.1132790294E+00    4.1437778636E-01   -3.2049140223E+01    3.4508140989E-02
    4.8799800000E-04    1.0283778222E+00    4.4806764526E-01   -3.2341049851E+01    3.8893758832E-02
    4.9199800000E-04    9.2537489728E-01    4.5089747497E-01   -3.2659449729E+01    4.4380883965E-02
    4.9599800000E-04    8.1169611877E-01    4.1431782723E-01   -3.3008007497E+01    5.0617897061E-02
    4.9999800000E-04    7.0259334649E-01    3.3172519637E-01   -3.3391073416E+01    5.7080403087E-02
    5.0399800000E-04    6.1670251997E-01    2.0696966124E-01   -3.3810579489E+01    6.3058293266E-02
    5.0799800000E-04    5.6662126412E-01    5.5063297386E-02   -3.4263830318E+01    6.7960708074E-02
    5.1199800000E-04    5.6113847951E-01   -1.0713273222E-01   -3.4738830893E+01    7.0820507851E-02
    5.1599800000E-04    6.0759814237E-01   -2.6445632822E-01   -3.5210846847E+01    7.1676546011E-02
    5.1999800000E-04    7.0344093269E-01   -3.9548153121E-01   -3.5656004922E+01    7.0787335619E-02
    5.2399800000E-04    8.2940764765E-01   -4.7962550097E-01   -3.6064039002E+01    6.8825660458E-02
    5.2799800000E-04    9.6412338921E-01   -5.0721011299E-01   -3.6434497873E+01    6.6477847982E-02
    5.3199800000E-04    1.0863961931E+00   -4.7826346761E-01   -3.6770052614E+01    6.4843190572E-02
    5.3599800000E-04    1.1788049340E+00   -4.0267612771E-01   -3.7072610201E+01    6.4887203357E-02
    5.3999800000E-04    1.2369427852E+00   -2.9405642084E-01   -3.7343557489E+01    6.6460850286E-02
    5.4399800000E-04    1.2654250916E+00   -1.6467889324E-01   -3.7585835185E+01    6.8912976833E-02
    5.4799800000E-04    1.2721419820E+00   -2.6101280997E-02   -3.7808505934E+01    7.0243080562E-02
    5.5199800000E-04    1.2612191933E+00    1.1310190400E-01   -3.8032530264E+01    6.8356715466E-02
    5.5599800000E-04    1.2286448921E+00    2.4305550691E-01   -3.8279166302E+01    6.4632797566E-02
    5.5999800000E-04    1.1679064696E+00    3.4974732878E-01   -3.8558362016E+01    6.1219757616E-02
    5.6399800000E-04    1.0773166596E+00    4.1859962007E-01   -3.8874334087E+01    5.9003682330E-02
    5.6799800000E-04    9.6612626610E-01    4.3517805807E-01   -3.9228291573E+01    5.8270014812E-02
    5.7199800000E-04    8.5539297094E-01    3.9530488387E-01   -3.9618574218E+01    5.8414012428E-02
    5.7599800000E-04    7.6719029399E-01    3.0780016253E-01   -4.0040704106E+01    5.8609820044E-02
    5.7999800000E-04    7.2081598436E-01    1.8963208708E-01   -4.0482035681E+01    5.8222088182E-02
    5.8399800000E-04    7.2525629223E-01    6.3119608898E-02   -4.0921371005E+01    5.7105288574E-02
    5.8799800000E-04    7.7269145936E-01   -5.0030877689E-02   -4.1338674351E+01    5.5655430552E-02
    5.9199800000E-04    8.4644475494E-01   -1.3434113547E-01   -4.1724799440E+01    5.4212648876E-02
    5.9599800000E-04    9.2927810846E-01   -1.8192022596E-01   -4.2078246264E+01    5.2790570943E-02
    5.9999800000E-04    1.0053762794E+00   -1.9512424588E-01   -4.2400449649E+01    5.1292954603E-02
    6.0399800000E-04    1.0665873489E+00   -1.8385909548E-01   -4.2693668284E+01    4.9660506881E-02
    6.0799800000E-04    1.1122666523E+00   -1.5909782273E-01   -4.2961815014E+01    4.7676361445E-02
    6.1199800000E-04    1.1454168453E+00   -1.2790944680E-01   -4.3208749512E+01    4.5139043939E-02
    6.1599800000E-04    1.1689778552E+00   -9.3956409937E-02   -4.3437939693E+01    4.2497638034E-02
    6.1999800000E-04    1.1846257425E+00   -5.9296164015E-02   -4.3653236058E+01    4.0413913327E-02
    6.2399800000E-04    1.1928759076E+00   -2.5120105605E-02   -4.3859329586E+01    3.9357974828E-02
    6.2799800000E-04    1.1939296893E+00    8.7477787804E-03   -4.4061437890E+01    3.9171733052E-02
    6.3199800000E-04    1.1878399568E+00    4.3099786159E-02   -4.4265834439E+01    3.9847219225E-02
    6.3599800000E-04    1.1744774937E+00    7.8215577257E-02   -4.4477984666E+01    4.1639541614E-02
    6.3999800000E-04    1.1534896135E+00    1.1309918992E-01   -4.4702780229E+01    4.4136762560E-02
    6.4399800000E-04    1.1235009838E+00    1.4582653971E-01   -4.4944453539E+01    4.6689675012E-02
    6.4799800000E-04    1.0818604500E+00    1.7327467371E-01   -4.5206541911E+01    4.8728256721E-02
    6.5199800000E-04    1.0253095567E+00    1.8951693411E-01   -4.5492768985E+01    5.0324859975E-02
    6.5599800000E-04    9.5295224440E-01    1.8448350844E-01   -4.5807144370E+01    5.1734553153E-02
    6.5999800000E-04    8.7059799024E-01    1.4720396751E-01   -4.6152375911E+01    5.3035230224E-02
    6.6399800000E-04    7.9275073772E-01    7.2661069759E-02   -4.6529998903E+01    5.4341470702E-02
    6.6799800000E-04    7.3712737972E-01   -3.3690399282E-02   -4.6939604187E+01    5.5685911560E-02
    6.7199800000E-04    7.2061270037E-01   -1.5794756097E-01   -4.7374403362E+01    5.6862988464E-02
    6.7599800000E-04    7.5432106990E-01   -2.7954235601E-01   -4.7816707943E+01    5.7381150905E-02
    6.7999800000E-04    8.3322720407E-01   -3.7571162315E-01   -4.8244585861E+01    5.7262282611E-02
    6.8399800000E-04    9.3973473293E-01   -4.2783059225E-01   -4.8642875232E+01    5.7042887062E-02
    6.8799800000E-04    1.0522272510E+00   -4.2490442958E-01   -4.9005563134E+01    5.7502895883E-02
    6.9199800000E-04    1.1486672506E+00   -3.6749050533E-01   -4.9330466903E+01    5.9377771333E-02
    6.9599800000E-04    1.2164238464E+00   -2.6870097111E-01   -4.9617949821E+01    6.2557660189E-02
    6.9999800000E-04    1.2551434311E+00   -1.4337606539E-01   -4.9871638070E+01    6.6326883327E-02
    7.0399800000E-04    1.2706391559E+00   -5.7816946213E-03   -5.0099447950E+01    6.8872672001E-02
    7.0799800000E-04    1.2682245257E+00    1.3306552678E-01   -5.0320132377E+01    6.8240235397E-02
    7.1199800000E-04    1.2457004181E+00    2.6503918555E-01   -5.0556311469E+01    6.5870313642E-02
    7.1599800000E-04    1.1954086844E+00    3.7922947679E-01   -5.0819699835E+01    6.4087395082E-02
    7.1999800000E-04    1.1114963311E+00    4.6368456637E-01   -5.1114006078E+01    6.3739175967E-02
    7.2399800000E-04    9.9549448594E-01    5.0506213464E-01   -5.1440874712E+01    6.5106306146E-02
    7.2799800000E-04    8.6193207413E-01    4.9180363791E-01   -5.1801867561E+01    6.7516918210E-02
    7.3199800000E-04    7.3178419987E-01    4.2118033465E-01   -5.2199890274E+01    6.9765495076E-02
    7.3599800000E-04    6.2607146689E-01    3.0019798232E-01   -5.2635776006E+01    7.1116423780E-02
    7.3999800000E-04    5.6589158710E-01    1.4681080087E-01   -5.3102859929E+01    7.0871928959E-02
    7.4399800000E-04    5.5841477281E-01   -1.6192069844E-02   -5.3580318657E+01    6.8673173968E-02
    7.4799800000E-04    5.9803630328E-01   -1.7287992374E-01   -5.4041808893E+01    6.4321436757E-02
    7.5199800000E-04    6.7627932250E-01   -3.0690460076E-01   -5.4471338432E+01    5.8636167633E-02
    7.5599800000E-04    7.8207760278E-01   -4.0152941143E-01   -5.4864598396E+01    5.2273358152E-02
    7.5999800000E-04    8.9744265485E-01   -4.4934314758E-01   -5.5222266907E+01    4.5926194844E-02
    7.6399800000E-04    1.0052213210E+00   -4.5501254618E-01   -5.5548607383E+01    4.0248624196E-02
    7.6799800000E-04    1.0959811493E+00   -4.2709016684E-01   -5.5847376726E+01    3.5617145118E-02
    7.7199800000E-04    1.1655477332E+00   -3.7212984197E-01   -5.6121812878E+01    3.2280375099E-02
    7.7599800000E-04    1.2122480188E+00   -2.9616705041E-01   -5.6374510089E+01    3.0291787022E-02
    7.7999800000E-04    1.2377809127E+00   -2.0551593696E-01   -5.6607774678E+01    2.9504960502E-02
    7.8399800000E-04    1.2459041669E+00   -1.0500287658E-01   -5.6827638035E+01    2.9054839389E-02
    7.8799800000E-04    1.2389497692E+00    7.0672899179E-04   -5.7047715896E+01    2.7748707800E-02
    7.9199800000E-04    1.2155861380E+00    1.0547708438E-01   -5.7284097387E+01    2.5251444797E-02
    7.9599800000E-04    1.1721005890E+00    1.9883096096E-01   -5.7547607596E+01    2.2225209906E-02
    7.9999800000E-04    1.1072219300E+00    2.6613153534E-01   -5.7844572393E+01    1.9328117452E-02
    8.0399800000E-04    1.0267848873E+00    2.9349872864E-01   -5.8178283426E+01    1.7096842894E-02
    8.0799800000E-04    9.4552913785E-01    2.7408745071E-01   -5.8547242488E+01    1.5831481031E-02
    8.1199800000E-04    8.8154227358E-01    2.1294452855E-01   -5.8944880182E+01    1.5365410453E-02
    8.1599800000E-04    8.4887691942E-01    1.2416502308E-01   -5.9359493775E+01    1.5449375143E-02
    8.1999800000E-04    8.5388933074E-01    2.6421618319E-02   -5.9776021586E+01    1.5971977918E-02
    8.2399800000E-04    8.9425394051E-01   -6.0650147025E-02   -6.0180263397E+01    1.7036245203E-02
    8.2799800000E-04    9.5805532626E-01   -1.2046950226E-01   -6.0562749649E+01    1.8598419905E-02
    8.3199800000E-04    1.0293807582E+00   -1.4385793422E-01   -6.0917361230E+01    2.0503959447E-02
    8.3599800000E-04    1.0943336396E+00   -1.3158422248E-01   -6.1240533296E+01    2.2537509434E-02
    8.3999800000E-04    1.1449697996E+00   -9.3133166580E-02   -6.1532147049E+01    2.4412206836E-02
    8.4399800000E-04    1.1800031822E+00   -4.0301519813E-02   -6.1795500431E+01    2.5953967892E-02
    8.4799800000E-04    1.2017213939E+00    1.8258840872E-02   -6.2035420405E+01    2.7188313565E-02
    8.5199800000E-04    1.2126228913E+00    7.7308049218E-02   -6.2258316461E+01    2.8316679807E-02
    8.5599800000E-04    1.2141374061E+00    1.3398098369E-01   -6.2472296223E+01    2.9676544723E-02
    8.5999800000E-04    1.2066360902E+00    1.8643161028E-01   -6.2685510752E+01    3.1569963599E-02
    8.6399800000E-04    1.1899149669E+00    2.3317828403E-01   -6.2904559721E+01    3.4201622929E-02
    8.6799800000E-04    1.1636732746E+00    2.7227872390E-01   -6.3133967504E+01    3.7359700393E-02
    8.7199800000E-04    1.1271760147E+00    3.0273277510E-01   -6.3377322584E+01    4.0484070199E-02
    8.7599800000E-04    1.0783678001E+00    3.2577393707E-01   -6.3637290490E+01    4.3687121365E-02
    8.7999800000E-04    1.0150141099E+00    3.3933296636E-01   -6.3917064515E+01    4.7249258647E-02
    8.8399800000E-04    9.3630495811E-01    3.3522062511E-01   -6.4220752964E+01    5.1335510667E-02
    8.8799800000E-04    8.4727788453E-01    3.0164907857E-01   -6.4552869595E+01    5.5692394854E-02
    8.9199800000E-04    7.5994573241E-01    2.3121599218E-01   -6.4917089270E+01    6.0343742714E-02
    8.9599800000E-04    6.8771966097E-01    1.2559559006E-01   -6.5315536729E+01    6.4933118088E-02
    8.9999800000E-04    6.4028502968E-01   -5.9979055993E-03   -6.5746016125E+01    6.8941634862E-02
    9.0399800000E-04    6.3199104800E-01   -1.5113604928E-01   -6.6201164583E+01    7.1844407084E-02
    9.0799800000E-04    6.7626723223E-01   -2.9196672053E-01   -6.6660670488E+01    7.3318136901E-02
    9.1199800000E-04    7.6898002617E-01   -4.0577281765E-01   -6.7099812584E+01    7.3530157886E-02
    9.1599800000E-04    8.8997155755E-01   -4.7310003054E-01   -6.7505092704E+01    7.2932833595E-02
    9.1999800000E-04    1.0176344982E+00   -4.8322259104E-01   -6.7873639776E+01    7.2385090496E-02
    9.2399800000E-04    1.1288541312E+00   -4.3606878283E-01   -6.8205916301E+01    7.3053750680E-02
    9.2799800000E-04    1.2083304235E+00   -3.4360983933E-01   -6.8502318310E+01    7.5298824771E-02
    9.3199800000E-04    1.2548666726E+00   -2.2032474239E-01   -6.8765027971E+01    7.8651222000E-02
    9.3599800000E-04    1.2746419610E+00   -8.0221687856E-02   -6.8999130318E+01    8.1806556355E-02
    9.3999800000E-04    1.2753325027E+00    6.4540282424E-02   -6.9219841741E+01    8.1979762642E-02
    9.4399800000E-04    1.2573988167E+00    2.0553563559E-01   -6.9451947434E+01    7.8944240671E-02
    9.4799800000E-04    1.2135119046E+00    3.3094619834E-01   -6.9711969808E+01    7.5462589755E-02
    9.5199800000E-04    1.1371688730E+00    4.2663947938E-01   -7.0005586129E+01    7.3002885363E-02
    9.5599800000E-04    1.0287957717E+00    4.7816546135E-01   -7.0335209324E+01    7.2084360055E-02
    9.5999800001E-04    9.0251860855E-01    4.7296451903E-01   -7.0701234871E+01    7.2476312337E-02
    9.6399800001E-04    7.8143049245E-01    4.1025949631E-01   -7.1103912459E+01    7.3037889461E-02
    9.6799800001E-04    6.8724237907E-01    3.0031496317E-01   -7.1540489356E+01    7.2886237198E-02
    9.7199800001E-04    6.4039258044E-01    1.6203513637E-01   -7.1998061710E+01    7.1528758962E-02
    9.7599800001E-04    6.4645106788E-01    1.8298408411E-02   -7.2452316684E+01    6.8829703423E-02
    9.7999800001E-04    6.9262206983E-01   -1.1241669891E-01   -7.2882453414E+01    6.5058193400E-02
    9.8399800001E-04    7.6363036718E-01   -2.1749857248E-01   -7.3280776219E+01    6.0723225008E-02
    9.8799800001E-04    8.4935090432E-01   -2.8794897857E-01   -7.3645176364E+01    5.6339350453E-02
    9.9199800001E-04    9.3691861347E-01   -3.2185319036E-01   -7.3977507287E+01    5.2235714919E-02
    9.9599800001E-04    1.0143561533E+00   -3.2635335618E-01   -7.4281224240E+01    4.8352955015E-02
    9.9999800001E-04    1.0766411922E+00   -3.1321171763E-01   -7.4560897655E+01    4.4865097084E-02
    1.0039980000E-03    1.1245695672E+00   -2.9100580360E-01   -7.4820612677E+01    4.1711572573E-02
    1.0079980000E-03    1.1602700890E+00   -2.6253484211E-01   -7.5063653518E+01    3.8678545164E-02
    1.0119980000E-03    1.1858152855E+00   -2.2661970287E-01   -7.5292479492E+01    3.5629025167E-02
    1.0159980000E-03    1.2024390612E+00   -1.8315617703E-01   -7.5510750131E+01    3.2884716004E-02
    1.0199980000E-03    1.2104368122E+00   -1.3414560437E-01   -7.5722991144E+01    3.0902011418E-02
    1.0239980000E-03    1.2099376436E+00   -8.1165288918E-02   -7.5935301157E+01    2.9582502146E-02
    1.0279980000E-03    1.2006255701E+00   -2.5869141026E-02   -7.6155248151E+01    2.8631037505E-02
    1.0319980000E-03    1.1813546252E+00    2.9279196183E-02   -7.6390580053E+01    2.7704599054E-02
    1.0359980000E-03    1.1498995796E+00    8.0131773305E-02   -7.6647709061E+01    2.6538966018E-02
    1.0399980000E-03    1.1035277690E+00    1.1981832373E-01   -7.6931520689E+01    2.5027122069E-02
    1.0439980000E-03    1.0415692155E+00    1.3778198949E-01   -7.7245886581E+01    2.3264187406E-02
    1.0479980000E-03    9.6936423062E-01    1.2294959355E-01   -7.7591986782E+01    2.1461507326E-02
    1.0519980000E-03    8.9992934526E-01    7.0833672320E-02   -7.7967517396E+01    1.9868523810E-02
    1.0559980000E-03    8.5077878295E-01   -1.2474028261E-02   -7.8367547003E+01    1.8793085582E-02
    1.0599980000E-03    8.3603156670E-01   -1.1149733926E-01   -7.8783880610E+01    1.8221357168E-02
    1.0639980000E-03    8.6065209186E-01   -2.0641792205E-01   -7.9202646548E+01    1.7983775358E-02
    1.0679980000E-03    9.2010810223E-01   -2.7760746680E-01   -7.9607899327E+01    1.8155588897E-02
    1.0719980000E-03    1.0015154704E+00   -3.0911775599E-01   -7.9986470461E+01    1.9001049853E-02
    1.0759980000E-03    1.0866160899E+00   -2.9297321697E-01   -8.0330640213E+01    2.0830058490E-02
    1.0799980000E-03    1.1585246914E+00   -2.3308958889E-01   -8.0637556060E+01    2.3568593317E-02
    1.0839980000E-03    1.2088792987E+00   -1.4229960318E-01   -8.0909435082E+01    2.6683416759E-02
    1.0879980000E-03    1.2375584787E+00   -3.5670239405E-02   -8.1151914931E+01    2.9485457557E-02
    1.0919980000E-03    1.2483836663E+00    7.4641890192E-02   -8.1374611738E+01    3.1093257068E-02
    1.0959980000E-03    1.2437050190E+00    1.8152080857E-01   -8.1593366443E+01    3.1479235267E-02
    1.0999980000E-03    1.2217027942E+00    2.7949410521E-01   -8.1823913463E+01    3.1810872516E-02
    1.1039980000E-03    1.1781566361E+00    3.6333965724E-01   -8.2074194003E+01    3.3216443831E-02
    1.1079980000E-03    1.1101840577E+00    4.2650346507E-01   -8.2346919638E+01    3.6092479680E-02
    1.1119980000E-03    1.0189953078E+00    4.6154859871E-01   -8.2644472254E+01    4.0395069052E-02
    1.1159980000E-03    9.0944365510E-01    4.6150368044E-01   -8.2969817605E+01    4.5876870400E-02
    1.1199980000E-03    7.9098701509E-01    4.1833327059E-01   -8.3326557438E+01    5.2131586270E-02
    1.1239980000E-03    6.8069440275E-01    3.2696710007E-01   -8.3718932789E+01    5.8399969891E-02
    1.1279980000E-03    5.9760267777E-01    1.9400203883E-01   -8.4147973017E+01    6.3927328898E-02
    1.1319980000E-03    5.5387695396E-01    3.6633689984E-02   -8.4609755309E+01    6.8112760146E-02
    1.1359980000E-03    5.5752762774E-01   -1.2788631289E-01   -8.5088615125E+01    7.0122424287E-02
    1.1399980000E-03    6.1349695432E-01   -2.8423225103E-01   -8.5557862476E+01    7.0155002418E-02
    1.1439980000E-03    7.1603208799E-01   -4.1011248890E-01   -8.5996304213E+01    6.8535066300E-02
    1.1479980000E-03    8.4484899671E-01   -4.8666104407E-01   -8.6396867541E+01    6.5989125432E-02
    1.1519980000E-03    9.7886085661E-01   -5.0642738376E-01   -8.6760224994E+01    6.3218654702E-02
    1.1559980000E-03    1.0974924206E+00   -4.7149969529E-01   -8.7089477516E+01    6.1357455157E-02
    1.1599980000E-03    1.1853257014E+00   -3.9262049504E-01   -8.7386525842E+01    6.1211535197E-02
    1.1639980000E-03    1.2394835363E+00   -2.8303042405E-01   -8.7652913284E+01    6.2582026085E-02
    1.1679980000E-03    1.2651290717E+00   -1.5438506412E-01   -8.7891830264E+01    6.4768433812E-02
    1.1719980000E-03    1.2698883825E+00   -1.7549154888E-02   -8.8113267771E+01    6.5719737502E-02
    1.1759980000E-03    1.2569764146E+00    1.1930787742E-01   -8.8338550449E+01    6.3595660872E-02
    1.1799980000E-03    1.2220018352E+00    2.4599991787E-01   -8.8587671658E+01    5.9894582982E-02
    1.1839980000E-03    1.1589741594E+00    3.4851305594E-01   -8.8869783406E+01    5.6575890023E-02
    1.1879980000E-03    1.0672400945E+00    4.1209958857E-01   -8.9189019838E+01    5.4461161863E-02
    1.1919980000E-03    9.5754915025E-01    4.2285573896E-01   -8.9546289869E+01    5.3781354255E-02
    1.1959980000E-03    8.5117025324E-01    3.7834312319E-01   -8.9939456593E+01    5.3925353766E-02
    1.1999980000E-03    7.6972951350E-01    2.8845030818E-01   -9.0362964053E+01    5.4140688495E-02
    1.2039980000E-03    7.3138305963E-01    1.7084339673E-01   -9.0802791669E+01    5.3841641556E-02
    1.2079980000E-03    7.4292476577E-01    4.7977171375E-02   -9.1237756919E+01    5.2935802064E-02
    1.2119980000E-03    7.9535682703E-01   -5.8826286287E-02   -9.1649371539E+01    5.1881560312E-02
    1.2159980000E-03    8.7209531004E-01   -1.3449808200E-01   -9.2029644005E+01    5.0911968617E-02
    1.2199980000E-03    9.5466363402E-01   -1.7254867049E-01   -9.2377480864E+01    4.9957531518E-02
    1.2239980000E-03    1.0273310307E+00   -1.7773618814E-01   -9.2694200898E+01    4.8865919506E-02
    1.2279980000E-03    1.0838751067E+00   -1.6119446735E-01   -9.2982274150E+01    4.7562218047E-02
    1.2319980000E-03    1.1252875772E+00   -1.3298129901E-01   -9.3245618936E+01    4.5825082654E-02
    1.2359980000E-03    1.1548562647E+00   -9.9026119617E-02   -9.3487926548E+01    4.3573199637E-02
    1.2399980000E-03    1.1752991387E+00   -6.2671628267E-02   -9.3712940722E+01    4.1270100474E-02
    1.2439980000E-03    1.1881989975E+00   -2.6077911915E-02   -9.3925100085E+01    3.9569207927E-02
    1.2479980000E-03    1.1940451956E+00    9.3533282755E-03   -9.4129703519E+01    3.9021778000E-02
    1.2519980000E-03    1.1927989629E+00    4.3380899106E-02   -9.4332064736E+01    3.9614778939E-02
    1.2559980000E-03    1.1843116228E+00    7.6671002500E-02   -9.4538241750E+01    4.0953012974E-02
    1.2599980000E-03    1.1682483616E+00    1.0984815151E-01   -9.4753702447E+01    4.3124104950E-02
    1.2639980000E-03    1.1441461501E+00    1.4230622670E-01   -9.4982844145E+01    4.5864647753E-02
    1.2679980000E-03    1.1105423235E+00    1.7223472645E-01   -9.5229351981E+01    4.8617258209E-02
    1.2719980000E-03    1.0645861952E+00    1.9620760748E-01   -9.5496439168E+01    5.0864709206E-02
    1.2759980000E-03    1.0032715799E+00    2.0718358934E-01   -9.5788020326E+01    5.2790659417E-02
    1.2799980000E-03    9.2728450296E-01    1.9413952751E-01   -9.6108134312E+01    5.4634569210E-02
    1.2839980000E-03    8.4449516920E-01    1.4714416671E-01   -9.6459293361E+01    5.6440245044E-02
    1.2879980000E-03    7.6952654244E-01    6.3640737926E-02   -9.6843096990E+01    5.8242727379E-02
    1.2919980000E-03    7.1891401995E-01   -4.9405267753E-02   -9.7258736064E+01    5.9989882577E-02
    1.2959980000E-03    7.0966136754E-01   -1.7761541110E-01   -9.7698322607E+01    6.1381916281E-02
    1.2999980000E-03    7.5186129878E-01   -2.9993929336E-01   -9.8142408351E+01    6.1986227364E-02
    1.3039980000E-03    8.3815404210E-01   -3.9362932113E-01   -9.8568871112E+01    6.1886060110E-02
    1.3079980000E-03    9.4939239018E-01   -4.4080872345E-01   -9.8964037345E+01    6.1672559056E-02
    1.3119980000E-03    1.0636197175E+00   -4.3152925494E-01   -9.9323098844E+01    6.2196282005E-02
    1.3159980000E-03    1.1588266786E+00   -3.6821305915E-01   -9.9644381111E+01    6.4200355024E-02
    1.3199980000E-03    1.2239923602E+00   -2.6475349655E-01   -9.9928585932E+01    6.7501865508E-02
    1.3239980000E-03    1.2599594523E+00   -1.3580340390E-01   -1.0017943584E+02    7.1321621670E-02
    1.3279980000E-03    1.2731846792E+00    4.2878434911E-03   -1.0040558933E+02    7.3639909335E-02
    1.3319980000E-03    1.2686820738E+00    1.4489119554E-01   -1.0062727763E+02    7.2587134143E-02
    1.3359980000E-03    1.2432266169E+00    2.7758223517E-01   -1.0086691001E+02    6.9928890765E-02
    1.3399980000E-03    1.1887793265E+00    3.9066671059E-01   -1.0113507712E+02    6.7952688664E-02
    1.3439980000E-03    1.1000199315E+00    4.7163108079E-01   -1.0143511637E+02    6.7435715716E-02
    1.3479980000E-03    9.7999338781E-01    5.0671758413E-01   -1.0176849213E+02    6.8619303475E-02
    1.3519980000E-03    8.4545673368E-01    4.8517034124E-01   -1.0213676479E+02    7.0657017823E-02
    1.3559980000E-03    7.1803842503E-01    4.0641692101E-01   -1.0254245387E+02    7.2375245170E-02
    1.3599980000E-03    6.1906738776E-01    2.7967884718E-01   -1.0298527401E+02    7.3048477097E-02
    1.3639980000E-03    5.6884184447E-01    1.2485259929E-01   -1.0345538730E+02    7.2035070951E-02
    1.3679980000E-03    5.7105539068E-01   -3.5967897834E-02   -1.0392914134E+02    6.9047009680E-02
    1.3719980000E-03    6.1747852076E-01   -1.8722269855E-01   -1.0438196278E+02    6.4042455838E-02
    1.3759980000E-03    6.9895767454E-01   -3.1293514559E-01   -1.0480163078E+02    5.7964000777E-02
    1.3799980000E-03    8.0408018742E-01   -3.9835238696E-01   -1.0518517213E+02    5.1427489709E-02
    1.3839980000E-03    9.1496516375E-01   -4.3888738229E-01   -1.0553421849E+02    4.5133104107E-02
    1.3879980000E-03    1.0161812024E+00   -4.4092694103E-01   -1.0585317826E+02    3.9513336246E-02
    1.3919980000E-03    1.1003041645E+00   -4.1367876563E-01   -1.0614588787E+02    3.4854794588E-02
    1.3959980000E-03    1.1649452048E+00   -3.6298452956E-01   -1.0641582414E+02    3.1363388632E-02
    1.3999980000E-03    1.2090690990E+00   -2.9308251204E-01   -1.0666561682E+02    2.9017969362E-02
    1.4039980000E-03    1.2337751477E+00   -2.0924240424E-01   -1.0689756226E+02    2.7792251989E-02
    1.4079980000E-03    1.2421038391E+00   -1.1586627644E-01   -1.0711718999E+02    2.7074099202E-02
    1.4119980000E-03    1.2360595471E+00   -1.6604754215E-02   -1.0733685742E+02    2.5763807552E-02
    1.4159980000E-03    1.2145648242E+00    8.3039022033E-02   -1.0757180756E+02    2.3430724552E-02
    1.4199980000E-03    1.1742103009E+00    1.7345867525E-01   -1.0783283758E+02    2.0527505985E-02
    1.4239980000E-03    1.1134462079E+00    2.4046248812E-01   -1.0812639260E+02    1.7605579637E-02
    1.4279980000E-03    1.0372622959E+00    2.6992069921E-01   -1.0845599720E+02    1.5140163670E-02
    1.4319980000E-03    9.5921209784E-01    2.5416172628E-01   -1.0882059224E+02    1.3520151737E-02
    1.4359980000E-03    8.9654794173E-01    1.9715390313E-01   -1.0921395125E+02    1.2749112065E-02
    1.4399980000E-03    8.6300198407E-01    1.1208244961E-01   -1.0962503464E+02    1.2652979260E-02
    1.4439980000E-03    8.6508160424E-01    1.6798619242E-02   -1.1003968175E+02    1.3099409341E-02
    1.4479980000E-03    9.0090000223E-01   -6.9813398707E-02   -1.1044442678E+02    1.4078827218E-02
    1.4519980000E-03    9.6039191018E-01   -1.3100864624E-01   -1.1082944306E+02    1.5612935578E-02
    1.4559980000E-03    1.0300086107E+00   -1.5606894884E-01   -1.1118767137E+02    1.7697337906E-02
    1.4599980000E-03    1.0958216281E+00   -1.4377353086E-01   -1.1151454397E+02    2.0033013533E-02
    1.4639980000E-03    1.1483844754E+00   -1.0233640262E-01   -1.1180912879E+02    2.2268171093E-02
    1.4679980000E-03    1.1849224697E+00   -4.4252553577E-02   -1.1207440699E+02    2.4186900802E-02
    1.4719980000E-03    1.2072266886E+00    2.0294597477E-02   -1.1231535666E+02    2.5761774158E-02
    1.4759980000E-03    1.2179093560E+00    8.5021662018E-02   -1.1253887671E+02    2.7125957321E-02
    1.4799980000E-03    1.2185147702E+00    1.4671973414E-01   -1.1275393291E+02    2.8626167771E-02
    1.4839980000E-03    1.2092838143E+00    2.0338933118E-01   -1.1296934685E+02    3.0590969551E-02
    1.4879980000E-03    1.1897958691E+00    2.5331385695E-01   -1.1319192952E+02    3.3214672167E-02
    1.4919980000E-03    1.1596330758E+00    2.9473833063E-01   -1.1342593316E+02    3.6468389592E-02
    1.4959980000E-03    1.1183015490E+00    3.2623089982E-01   -1.1367448933E+02    3.9802108874E-02
    1.4999980000E-03    1.0638621159E+00    3.4849948229E-01   -1.1394034405E+02    4.3241452517E-02
    1.5039980000E-03    9.9407468859E-01    3.5876491768E-01   -1.1422704856E+02    4.7150559226E-02
    1.5079980000E-03    9.0925912986E-01    3.4778029447E-01   -1.1453884853E+02    5.1683720014E-02
    1.5119980000E-03    8.1673223728E-01    3.0401758664E-01   -1.1488012491E+02    5.6573173836E-02
    1.5159980000E-03    7.3011400150E-01    2.2213594400E-01   -1.1525456326E+02    6.1706042500E-02
    1.5199980000E-03    6.6248389105E-01    1.0642782781E-01   -1.1566346152E+02    6.6554204929E-02
    1.5239980000E-03    6.2292563537E-01   -3.2371794688E-02   -1.1610349597E+02    7.0687394277E-02
    1.5279980000E-03    6.2645422110E-01   -1.8079692741E-01   -1.1656445472E+02    7.3400449879E-02
    1.5319980000E-03    6.8358047466E-01   -3.2011874343E-01   -1.1702325736E+02    7.4647967182E-02
    1.5359980000E-03    7.8582295265E-01   -4.2728694634E-01   -1.1745662408E+02    7.4593685537E-02
    1.5399980000E-03    9.1163705077E-01   -4.8465066304E-01   -1.1785444154E+02    7.3836114225E-02
    1.5439980000E-03    1.0393399753E+00   -4.8353086990E-01   -1.1821547071E+02    7.3277055905E-02
    1.5479980000E-03    1.1461060593E+00   -4.2673177214E-01   -1.1854054764E+02    7.4103769732E-02
    1.5519980000E-03    1.2196034387E+00   -3.2751385115E-01   -1.1883031876E+02    7.6477654857E-02
    1.5559980000E-03    1.2606284172E+00   -2.0004330153E-01   -1.1908722807E+02    7.9857797238E-02
    1.5599980000E-03    1.2762959432E+00   -5.8267221349E-02   -1.1931736819E+02    8.2656670544E-02
    1.5639980000E-03    1.2736865399E+00    8.6677364132E-02   -1.1953833662E+02    8.2120758710E-02
    1.5679980000E-03    1.2515227090E+00    2.2617481919E-01   -1.1977483411E+02    7.8733803404E-02
    1.5719980000E-03    1.2020079034E+00    3.4740070765E-01   -1.2004102289E+02    7.5254867407E-02
    1.5759980000E-03    1.1196631828E+00    4.3612300071E-01   -1.2034169354E+02    7.2901593469E-02
    1.5799980000E-03    1.0071058490E+00    4.7762091337E-01   -1.2067891544E+02    7.2127314656E-02
    1.5839980000E-03    8.8136182853E-01    4.6104222160E-01   -1.2105274355E+02    7.2499537470E-02
    1.5879980000E-03    7.6565650479E-01    3.8854750869E-01   -1.2146287869E+02    7.2903653026E-02
    1.5919980000E-03    6.8167828038E-01    2.7244564647E-01   -1.2190457995E+02    7.2495813926E-02
    1.5959980000E-03    6.4792347895E-01    1.3325392263E-01   -1.2236163048E+02    7.0933275376E-02
    1.5999980000E-03    6.6559428120E-01   -6.4719382551E-03   -1.2280906968E+02    6.8089277766E-02
    1.6039980000E-03    7.1929200708E-01   -1.2926184846E-01   -1.2322928630E+02    6.4464295789E-02
    1.6079980000E-03    7.9451348258E-01   -2.2364645604E-01   -1.2361697238E+02    6.0369951705E-02
    1.6119980000E-03    8.8036309629E-01   -2.8239762675E-01   -1.2397124557E+02    5.6391538943E-02
    1.6159980000E-03    9.6396252940E-01   -3.0618497678E-01   -1.2429445828E+02    5.2668652507E-02
    1.6199980000E-03    1.0351558614E+00   -3.0409681166E-01   -1.2459007634E+02    4.9118726741E-02
    1.6239980000E-03    1.0912143041E+00   -2.8775426050E-01   -1.2486281239E+02    4.5839306217E-02
    1.6279980000E-03    1.1339269264E+00   -2.6437281102E-01   -1.2511647016E+02    4.2724028366E-02
    1.6319980000E-03    1.1652518937E+00   -2.3611067602E-01   -1.2535412918E+02    3.9724665672E-02
    1.6359980000E-03    1.1869513540E+00   -2.0182913079E-01   -1.2557824951E+02    3.6882517213E-02
    1.6399980000E-03    1.2004780820E+00   -1.6084236552E-01   -1.2579267629E+02    3.4323565709E-02
    1.6439980000E-03    1.2062310995E+00   -1.1477095696E-01   -1.2600240368E+02    3.2485484825E-02
    1.6479980000E-03    1.2041577239E+00   -6.5397463390E-02   -1.2621357622E+02    3.1406937209E-02
    1.6519980000E-03    1.1937671259E+00   -1.4392104491E-02   -1.2643327666E+02    3.0797081818E-02
    1.6559980000E-03    1.1739118606E+00    3.5795961665E-02   -1.2666857910E+02    3.0283049929E-02
    1.6599980000E-03    1.1424382137E+00    8.1534448357E-02   -1.2692529661E+02    2.9571540001E-02
    1.6639980000E-03    1.0963601758E+00    1.1710989704E-01   -1.2720797609E+02    2.8515189601E-02
    1.6679980000E-03    1.0339680035E+00    1.3304329853E-01   -1.2752057843E+02    2.7147378305E-02
    1.6719980000E-03    9.5952291763E-01    1.1760981786E-01   -1.2786481669E+02    2.5635696392E-02
    1.6759980000E-03    8.8683568735E-01    6.4284340505E-02   -1.2823921798E+02    2.4367473976E-02
    1.6799980000E-03    8.3500179810E-01   -2.1484872856E-02   -1.2863986733E+02    2.3603858815E-02
    1.6839980000E-03    8.1885957629E-01   -1.2383200125E-01   -1.2905876983E+02    2.3098014479E-02
    1.6879980000E-03    8.4424685496E-01   -2.2255123690E-01   -1.2948124903E+02    2.2759780492E-02
    1.6919980000E-03    9.0647096539E-01   -2.9733186849E-01   -1.2989033585E+02    2.2701073763E-02
    1.6959980000E-03    9.9189061678E-01   -3.3168541597E-01   -1.3027234779E+02    2.3248209098E-02
    1.6999980000E-03    1.0814438794E+00   -3.1700090276E-01   -1.3061967536E+02    2.4785676147E-02
    1.7039980000E-03    1.1573605896E+00   -2.5659475127E-01   -1.3092932344E+02    2.7400240570E-02
    1.7079980000E-03    1.2105927760E+00   -1.6331991149E-01   -1.3120323307E+02    3.0590479855E-02
    1.7119980000E-03    1.2408946851E+00   -5.2300771498E-02   -1.3144689826E+02    3.3566416099E-02
    1.7159980000E-03    1.2523711831E+00    6.3738903206E-02   -1.3167001362E+02    3.5215250448E-02
    1.7199980000E-03    1.2477134492E+00    1.7715912574E-01   -1.3188921025E+02    3.5344371818E-02
    1.7239980000E-03    1.2248394738E+00    2.8185465542E-01   -1.3212126408E+02    3.5262266382E-02
    1.7279980000E-03    1.1788247479E+00    3.7149036181E-01   -1.3237459856E+02    3.6221405304E-02
    1.7319980000E-03    1.1061478693E+00    4.3871551020E-01   -1.3265205948E+02    3.8756584474E-02
    1.7359980000E-03    1.0082446545E+00    4.7455070322E-01   -1.3295593858E+02    4.2867815517E-02
    1.7399980000E-03    8.9192581708E-01    4.7082029651E-01   -1.3328897197E+02    4.8218996033E-02
    1.7439980000E-03    7.6898389022E-01    4.2013131782E-01   -1.3365483156E+02    5.4311947145E-02
    1.7479980000E-03    6.5833273629E-01    3.1936865959E-01   -1.3405738803E+02    6.0150993149E-02
    1.7519980000E-03    5.7918948660E-01    1.7823881266E-01   -1.3449665158E+02    6.4994125017E-02
    1.7559980000E-03    5.4332537513E-01    1.6074772773E-02   -1.3496673240E+02    6.8152970942E-02
    1.7599980000E-03    5.5701412597E-01   -1.4998077903E-01   -1.3544762448E+02    6.9123166795E-02
    1.7639980000E-03    6.2262926586E-01   -3.0411354831E-01   -1.3591183804E+02    6.8106073659E-02
    1.7679980000E-03    7.3114124349E-01   -4.2351613354E-01   -1.3634210011E+02    6.5608631946E-02
    1.7719980000E-03    8.6188132149E-01   -4.9152381993E-01   -1.3673415744E+02    6.2336669427E-02
    1.7759980000E-03    9.9394181441E-01   -5.0331586451E-01   -1.3708966877E+02    5.9075462376E-02
    1.7799980000E-03    1.1079700755E+00   -4.6297998182E-01   -1.3741204885E+02    5.6923665955E-02
    1.7839980000E-03    1.1908203337E+00   -3.8174031362E-01   -1.3770320697E+02    5.6509470408E-02
    1.7879980000E-03    1.2409653388E+00   -2.7221935980E-01   -1.3796485106E+02    5.7601208063E-02
    1.7919980000E-03    1.2639145651E+00   -1.4532617393E-01   -1.3820046999E+02    5.9449555919E-02
    1.7959980000E-03    1.2668304046E+00   -1.1103958801E-02   -1.3842090731E+02    6.0018087337E-02
    1.7999980000E-03    1.2520295766E+00    1.2264150026E-01   -1.3864747983E+02    5.7725666507E-02
    1.8039980000E-03    1.2149357873E+00    2.4555533831E-01   -1.3889881058E+02    5.4086062934E-02
    1.8079980000E-03    1.1501770154E+00    3.4364247634E-01   -1.3918344103E+02    5.0864834600E-02
    1.8119980000E-03    1.0582008027E+00    4.0194941584E-01   -1.3950547345E+02    4.8833185766E-02
    1.8159980000E-03    9.5101851980E-01    4.0735317132E-01   -1.3986551300E+02    4.8177500572E-02
    1.8199980000E-03    8.4983760605E-01    3.5900318333E-01   -1.4026086920E+02    4.8313692225E-02
    1.8239980000E-03    7.7573207417E-01    2.6769943147E-01   -1.4068483074E+02    4.8572520705E-02
    1.8279980000E-03    7.4533118888E-01    1.5165827806E-01   -1.4112225144E+02    4.8416326541E-02
    1.8319980000E-03    7.6344603290E-01    3.3330617698E-02   -1.4155238964E+02    4.7815805633E-02
    1.8359980000E-03    8.2032701233E-01   -6.6395506293E-02   -1.4195837260E+02    4.7217721395E-02
    1.8399980000E-03    8.9928691716E-01   -1.3287182306E-01   -1.4233312360E+02    4.6726050595E-02
    1.8439980000E-03    9.8061186029E-01   -1.6129873740E-01   -1.4267569692E+02    4.6200970948E-02
    1.8479980000E-03    1.0492421767E+00   -1.5884863186E-01   -1.4298722941E+02    4.5509040469E-02
    1.8519980000E-03    1.1010847031E+00   -1.3729822438E-01   -1.4327041490E+02    4.4559588368E-02
    1.8559980000E-03    1.1383515690E+00   -1.0562388186E-01   -1.4352916317E+02    4.3177004580E-02
    1.8599980000E-03    1.1644023441E+00   -6.8760604255E-02   -1.4376711220E+02    4.1399586692E-02
    1.8639980000E-03    1.1816755464E+00   -2.9859845225E-02   -1.4398837046E+02    3.9677749693E-02
    1.8679980000E-03    1.1916611902E+00    8.7870742061E-03   -1.4419798144E+02    3.8552485788E-02
    1.8719980000E-03    1.1949005647E+00    4.5542000461E-02   -1.4440189890E+02    3.8480842769E-02
    1.8759980000E-03    1.1911503631E+00    7.9929531118E-02   -1.4460569728E+02    3.9689042524E-02
    1.8799980000E-03    1.1799592491E+00    1.1236910803E-01   -1.4481492113E+02    4.1717115374E-02
    1.8839980000E-03    1.1608060223E+00    1.4365746787E-01   -1.4503472055E+02    4.4291386166E-02
    1.8879980000E-03    1.1330895363E+00    1.7359410401E-01   -1.4526909422E+02    4.7185149972E-02
    1.8919980000E-03    1.0951888882E+00    2.0046094118E-01   -1.4552130764E+02    5.0032702368E-02
    1.8959980000E-03    1.0441010419E+00    2.2024802340E-01   -1.4579440725E+02    5.2479209280E-02
    1.8999980000E-03    9.7745680140E-01    2.2454075158E-01   -1.4609259792E+02    5.4790869837E-02
    1.9039980000E-03    8.9805965770E-01    2.0174299412E-01   -1.4641981740E+02    5.7122060771E-02
    1.9079980000E-03    8.1573174603E-01    1.4368173038E-01   -1.4677839784E+02    5.9483930779E-02
    1.9119980000E-03    7.4479055022E-01    5.0438065903E-02   -1.4716986714E+02    6.1766766791E-02
    1.9159980000E-03    7.0077808683E-01   -6.9605466085E-02   -1.4759270591E+02    6.3877668930E-02
    1.9199980000E-03    7.0098925640E-01   -2.0134991611E-01   -1.4803728939E+02    6.5401306728E-02
    1.9239980000E-03    7.5344590327E-01   -3.2315643021E-01   -1.4848218796E+02    6.6032440021E-02
    1.9279980000E-03    8.4776091792E-01   -4.1249864185E-01   -1.4890572530E+02    6.5913050983E-02
    1.9319980000E-03    9.6359314231E-01   -4.5258956390E-01   -1.4929626351E+02    6.5708096097E-02
    1.9359980000E-03    1.0785205224E+00   -4.3502331258E-01   -1.4965029745E+02    6.6340988983E-02
    1.9399980000E-03    1.1710875653E+00   -3.6457145434E-01   -1.4996662379E+02    6.8512557233E-02
    1.9439980000E-03    1.2324546330E+00   -2.5575146824E-01   -1.5024636200E+02    7.1946491836E-02
    1.9479980000E-03    1.2648027328E+00   -1.2307283943E-01   -1.5049342871E+02    7.5768182826E-02
    1.9519980000E-03    1.2752133114E+00    1.9152712639E-02   -1.5071768322E+02    7.7704647075E-02
    1.9559980000E-03    1.2680108747E+00    1.6091152329E-01   -1.5094101446E+02    7.6144963657E-02
    1.9599980000E-03    1.2387166762E+00    2.9329194507E-01   -1.5118502197E+02    7.3237701017E-02
    1.9639980000E-03    1.1791232764E+00    4.0380250344E-01   -1.5145887171E+02    7.1132223996E-02
    1.9679980000E-03    1.0847819025E+00    4.7943297492E-01   -1.5176552562E+02    7.0521769358E-02
    1.9719980000E-03    9.6088860637E-01    5.0614310269E-01   -1.5210625317E+02    7.1569652510E-02
    1.9759980000E-03    8.2645098605E-01    4.7467564377E-01   -1.5248260594E+02    7.3248260456E-02
    1.9799980000E-03    7.0334913207E-01    3.8695759815E-01   -1.5289654764E+02    7.4467927322E-02
    1.9839980000E-03    6.1338113580E-01    2.5455579415E-01   -1.5334614937E+02    7.4486296514E-02
    1.9879980000E-03    5.7488182611E-01    9.9112758787E-02   -1.5381762850E+02    7.2803857886E-02
    1.9919980000E-03    5.8763799032E-01   -5.8387249677E-02   -1.5428545579E+02    6.9119549489E-02
    1.9959980000E-03    6.4080602866E-01   -2.0266647101E-01   -1.5472811342E+02    6.3711753847E-02
    1.9999980000E-03    7.2532135359E-01   -3.1852783166E-01   -1.5513679648E+02    5.7423878477E-02
