 sig=    1.000000000000000      inputfile=
 /home/rjrj524/Finished/vmec_gc_tracer/revised_251128/nc/wout_pwO_nfp2_A6.nc                                                                                                                             
 dt=   2.0000000000000001E-009
 steps=      1000000
 x0=   5.4800000000000001E-002    3.080000000000000      
    6.410000000000000     
 u=    145000.0000000000     
 v_perp=    37400.00000000000     
 
time(s)         x0(1)       x0(2)        x0(3)      r
    3.9980000000E-06    1.2289913859E+00   -2.3759010475E-01    6.8315998201E+00    5.8615994230E-02
    7.9980000000E-06    1.1381372840E+00   -3.7276928894E-01    7.2900097753E+00    6.2863623275E-02
    1.1998000000E-05    1.0098361311E+00   -4.1191797832E-01    7.7968650556E+00    6.5414312652E-02
    1.5998000000E-05    8.9094818345E-01   -3.5144230436E-01    8.3557013390E+00    6.6022319474E-02
    1.9998000000E-05    8.3139033698E-01   -2.2170277286E-01    8.9525429939E+00    6.5485429194E-02
    2.3998000000E-05    8.5620456423E-01   -7.3308902905E-02    9.5524923448E+00    6.4405537400E-02
    2.7998000000E-05    9.4995616091E-01    3.6011840269E-02    1.0127179696E+01    6.2864633254E-02
    3.1998000000E-05    1.0546346290E+00    7.0254929003E-02    1.0667733445E+01    6.0691955941E-02
    3.5998000000E-05    1.1263264804E+00    5.1971214311E-02    1.1171607126E+01    5.9346640660E-02
    3.9998000000E-05    1.1665046625E+00    1.1858395718E-02    1.1644716598E+01    5.9560597032E-02
    4.3998000000E-05    1.1851096947E+00   -3.9074562568E-02    1.2094841941E+01    6.0469277115E-02
    4.7998000000E-05    1.1870063935E+00   -8.3230059140E-02    1.2533592671E+01    5.9953288194E-02
    5.1998000000E-05    1.1688666785E+00   -1.1462038480E-01    1.2975896743E+01    5.6583632120E-02
    5.5998000000E-05    1.1289549360E+00   -1.4787792828E-01    1.3434231355E+01    5.2279238409E-02
    5.9998000000E-05    1.0659373490E+00   -1.6921208601E-01    1.3922991856E+01    4.9356542381E-02
    6.3998000000E-05    9.7540545456E-01   -1.5372513885E-01    1.4448742351E+01    4.8101007558E-02
    6.7998000000E-05    8.6773574757E-01   -7.8304727457E-02    1.5010915654E+01    4.7813585090E-02
    7.1998000000E-05    7.8838235149E-01    5.9439927614E-02    1.5607583886E+01    4.7792219955E-02
    7.5998000000E-05    7.8207164331E-01    2.2279334157E-01    1.6227130368E+01    4.7812387609E-02
    7.9998000000E-05    8.5885081700E-01    3.5982908761E-01    1.6834889703E+01    4.8150603809E-02
    8.3998000000E-05    9.8900129302E-01    4.2490074204E-01    1.7396946708E+01    4.8259607382E-02
    8.7998000000E-05    1.1243149601E+00    3.9233836980E-01    1.7904570858E+01    4.7317161544E-02
    9.1998000000E-05    1.2196720187E+00    2.6845993140E-01    1.8364851818E+01    4.4952972503E-02
    9.5998000000E-05    1.2584778917E+00    7.7200862918E-02    1.8790410297E+01    4.2203043133E-02
    9.9998000000E-05    1.2468939610E+00   -1.3558140396E-01    1.9204963522E+01    4.3566830964E-02
    1.0399800000E-04    1.1829826205E+00   -3.0257938385E-01    1.9645167490E+01    4.7594739923E-02
    1.0799800000E-04    1.0707147763E+00   -3.8736613604E-01    2.0128985851E+01    5.0750912438E-02
    1.1199800000E-04    9.4449056546E-01   -3.7184998384E-01    2.0664218174E+01    5.2111027223E-02
    1.1599800000E-04    8.5528197653E-01   -2.7105878506E-01    2.1246127442E+01    5.2046647207E-02
    1.1999800000E-04    8.3953847488E-01   -1.2679344306E-01    2.1848636655E+01    5.1206186256E-02
    1.2399800000E-04    9.0043982765E-01    7.3374441702E-03    2.2438189970E+01    4.9834311811E-02
    1.2799800000E-04    1.0015495168E+00    8.2924930496E-02    2.2997730128E+01    4.7677093177E-02
    1.3199800000E-04    1.0900420517E+00    9.1044081970E-02    2.3521404043E+01    4.5777265863E-02
    1.3599800000E-04    1.1473877557E+00    5.9789030232E-02    2.4009784875E+01    4.5299470720E-02
    1.3999800000E-04    1.1791720986E+00    9.4423527047E-03    2.4469821113E+01    4.6333046540E-02
    1.4399800000E-04    1.1916171535E+00   -4.4726505304E-02    2.4910833384E+01    4.7249771528E-02
    1.4799800000E-04    1.1848090715E+00   -8.7654066279E-02    2.5348260114E+01    4.5411364130E-02
    1.5199800000E-04    1.1547859267E+00   -1.2758702085E-01    2.5795720580E+01    4.1940500494E-02
    1.5599800000E-04    1.1033039323E+00   -1.6164472308E-01    2.6268133179E+01    3.8695084980E-02
    1.5999800000E-04    1.0259718472E+00   -1.6844697790E-01    2.6775618794E+01    3.7240048834E-02
    1.6399800000E-04    9.2505556931E-01   -1.2439439912E-01    2.7320845860E+01    3.7064220508E-02
    1.6799800000E-04    8.3016029168E-01   -1.4983708184E-02    2.7901476802E+01    3.7404777644E-02
    1.7199800000E-04    7.8953874706E-01    1.3880382155E-01    2.8511218867E+01    3.7754878873E-02
    1.7599800000E-04    8.2864844870E-01    2.8954198809E-01    2.9125798165E+01    3.8166575755E-02
    1.7999800000E-04    9.3545071099E-01    3.8769354761E-01    2.9708856035E+01    3.8441462762E-02
    1.8399800000E-04    1.0695062397E+00    3.9798309460E-01    3.0240109877E+01    3.7987095115E-02
    1.8799800000E-04    1.1823510745E+00    3.1212196713E-01    3.0720241296E+01    3.6251023070E-02
    1.9199800000E-04    1.2439560551E+00    1.5112212912E-01    3.1159775873E+01    3.3599462082E-02
    1.9599800000E-04    1.2530406593E+00   -5.1961803310E-02    3.1575874329E+01    3.2814182140E-02
    1.9999800000E-04    1.2126917887E+00   -2.3672696136E-01    3.2003147033E+01    3.5827712837E-02
    2.0399800000E-04    1.1196956117E+00   -3.5593759860E-01    3.2467276680E+01    3.8877534040E-02
    2.0799800000E-04    9.9413399275E-01   -3.8286681127E-01    3.2980158272E+01    4.0604767926E-02
    2.1199800000E-04    8.8190691903E-01   -3.1527411866E-01    3.3544163850E+01    4.0955521044E-02
    2.1599800000E-04    8.2783430613E-01   -1.8341791565E-01    3.4144254674E+01    4.0487729068E-02
    2.1999800000E-04    8.5111803137E-01   -3.5288105902E-02    3.4747575963E+01    3.9589685662E-02
    2.2399800000E-04    9.3584269754E-01    7.7745562730E-02    3.5327381211E+01    3.8226086357E-02
    2.2799800000E-04    1.0350745815E+00    1.2425232451E-01    3.5873551482E+01    3.6556119854E-02
    2.3199800000E-04    1.1116292469E+00    1.1478725656E-01    3.6382709050E+01    3.5959718137E-02
    2.3599800000E-04    1.1604073926E+00    7.4031122908E-02    3.6857985246E+01    3.7059074328E-02
    2.3999800000E-04    1.1869169951E+00    2.0582223035E-02    3.7307052646E+01    3.9314652247E-02
    2.4399800000E-04    1.1936893445E+00   -2.9165244247E-02    3.7743652128E+01    3.9649066695E-02
    2.4799800000E-04    1.1768205376E+00   -7.6482548759E-02    3.8183064831E+01    3.7697316959E-02
    2.5199800000E-04    1.1392502377E+00   -1.2283714751E-01    3.8640369359E+01    3.4670526138E-02
    2.5599800000E-04    1.0777005730E+00   -1.5119995943E-01    3.9128288674E+01    3.3224822944E-02
    2.5999800000E-04    9.8924031697E-01   -1.3955613359E-01    3.9652929079E+01    3.3372205163E-02
    2.6399800000E-04    8.8804247859E-01   -6.5867522897E-02    4.0214256717E+01    3.4296391708E-02
    2.6799800000E-04    8.1878059361E-01    6.7322395837E-02    4.0807938897E+01    3.5061204153E-02
    2.7199800000E-04    8.1997871441E-01    2.2043154069E-01    4.1419202784E+01    3.5660161327E-02
    2.7599800000E-04    8.9643501224E-01    3.4250129483E-01    4.2015956740E+01    3.6017457584E-02
    2.7999800000E-04    1.0198270345E+00    3.9013863569E-01    4.2568746054E+01    3.5668319848E-02
    2.8399800000E-04    1.1428117267E+00    3.4133829107E-01    4.3069306875E+01    3.4097163166E-02
    2.8799800000E-04    1.2247497534E+00    2.0743464129E-01    4.3523873821E+01    3.1427725600E-02
    2.9199800000E-04    1.2534118396E+00    1.7439379079E-02    4.3946346445E+01    2.9247111743E-02
    2.9599800000E-04    1.2333948110E+00   -1.7796199575E-01    4.4365567052E+01    3.0919862734E-02
    2.9999800000E-04    1.1605688673E+00   -3.2380610340E-01    4.4813437905E+01    3.3689158752E-02
    3.0399800000E-04    1.0423724584E+00   -3.8894581832E-01    4.5305341383E+01    3.5478155770E-02
    3.0799800000E-04    9.1540550529E-01   -3.5715341683E-01    4.5849171356E+01    3.5995973885E-02
    3.1199800000E-04    8.2792595748E-01   -2.4522621296E-01    4.6439973187E+01    3.5719890047E-02
    3.1599800000E-04    8.1297570033E-01   -9.3780327563E-02    4.7051428768E+01    3.5154219883E-02
    3.1999800000E-04    8.7196054047E-01    4.6458833246E-02    4.7649838916E+01    3.4428929566E-02
    3.2399800000E-04    9.7131932486E-01    1.3200627438E-01    4.8217280486E+01    3.3507154048E-02
    3.2799800000E-04    1.0639902856E+00    1.5312502118E-01    4.8748539267E+01    3.3163445273E-02
    3.3199800000E-04    1.1302554228E+00    1.3020021932E-01    4.9242598463E+01    3.4308883776E-02
    3.3599800000E-04    1.1716521983E+00    8.5596132239E-02    4.9704576657E+01    3.7198281345E-02
    3.3999800000E-04    1.1924077296E+00    3.7958970132E-02    5.0145916062E+01    3.9514682570E-02
    3.4399800000E-04    1.1896263161E+00   -1.0561199021E-02    5.0582061405E+01    3.9686249854E-02
    3.4799800000E-04    1.1665573348E+00   -6.4426186061E-02    5.1027734848E+01    3.7518197325E-02
    3.5199800000E-04    1.1221755895E+00   -1.0875056622E-01    5.1497770538E+01    3.6125977339E-02
    3.5599800000E-04    1.0507737272E+00   -1.2531516506E-01    5.2000545495E+01    3.6471196917E-02
    3.5999800000E-04    9.5383438052E-01   -9.0448977216E-02    5.2540307331E+01    3.8053657018E-02
    3.6399800000E-04    8.6275164207E-01    1.2089509589E-02    5.3114607914E+01    3.9543589655E-02
    3.6799800000E-04    8.2654710614E-01    1.5759619323E-01    5.3715137845E+01    4.0510635789E-02
    3.7199800000E-04    8.6761235347E-01    2.9593713930E-01    5.4318252198E+01    4.1066917282E-02
    3.7599800000E-04    9.7246623588E-01    3.7744475577E-01    5.4890205936E+01    4.0896952525E-02
    3.7999800000E-04    1.0993475798E+00    3.6775967014E-01    5.5412094231E+01    3.9429752755E-02
    3.8399800000E-04    1.2003179030E+00    2.6277976923E-01    5.5883977551E+01    3.6543827530E-02
    3.8799800000E-04    1.2498474820E+00    8.6793094092E-02    5.6316393731E+01    3.3292894307E-02
    3.9199800000E-04    1.2490756702E+00   -1.1802110957E-01    5.6731596261E+01    3.3298859654E-02
    3.9599800000E-04    1.1970220226E+00   -2.8932620376E-01    5.7165511186E+01    3.5954305657E-02
    3.9999800000E-04    1.0917089024E+00   -3.9002765558E-01    5.7637711175E+01    3.7896481773E-02
    4.0399800000E-04    9.5788221919E-01   -3.9675461148E-01    5.8159708509E+01    3.8546220641E-02
    4.0799800000E-04    8.4289039727E-01   -3.1178364813E-01    5.8734557693E+01    3.8352364032E-02
    4.1199800000E-04    7.9010191488E-01   -1.6672847192E-01    5.9346260866E+01    3.7927652494E-02
    4.1599800000E-04    8.1774254106E-01   -9.6699253796E-03    5.9959308984E+01    3.7586470444E-02
    4.1999800000E-04    9.0648795106E-01    1.1015614737E-01    6.0545796260E+01    3.7236236488E-02
    4.2399800000E-04    1.0096245017E+00    1.6525400664E-01    6.1097396697E+01    3.7273222893E-02
    4.2799800000E-04    1.0916457911E+00    1.6573024770E-01    6.1611492031E+01    3.8478368343E-02
    4.3199800000E-04    1.1473543262E+00    1.3477182273E-01    6.2089530486E+01    4.1439954033E-02
    4.3599800000E-04    1.1810864022E+00    9.4992431012E-02    6.2540246193E+01    4.5076105849E-02
    4.3999800000E-04    1.1919451776E+00    5.3776754111E-02    6.2978568274E+01    4.7370582464E-02
    4.4399800000E-04    1.1826217205E+00    8.8607172011E-04    6.3417756348E+01    4.6778562665E-02
    4.4799800000E-04    1.1546313397E+00   -5.1414185883E-02    6.3873648757E+01    4.5607076652E-02
    4.5199800000E-04    1.1024338726E+00   -8.6985948017E-02    6.4356519849E+01    4.5803463088E-02
    4.5599800000E-04    1.0191404140E+00   -8.8095142293E-02    6.4873668004E+01    4.7510326181E-02
    4.5999800000E-04    9.1694812418E-01   -2.5290891860E-02    6.5427215352E+01    4.9767130069E-02
    4.6399800000E-04    8.4517427140E-01    1.0151276320E-01    6.6012167738E+01    5.1247443726E-02
    4.6799800000E-04    8.4678967190E-01    2.4797929562E-01    6.6614527541E+01    5.2188868637E-02
    4.7199800000E-04    9.2507070161E-01    3.5981582198E-01    6.7202449771E+01    5.2430231733E-02
    4.7599800000E-04    1.0485143153E+00    3.9216494054E-01    6.7746594249E+01    5.1363571884E-02
    4.7999800000E-04    1.1665358562E+00    3.2408396958E-01    6.8239010688E+01    4.8477573688E-02
    4.8399800000E-04    1.2398898297E+00    1.6926143670E-01    6.8685853865E+01    4.4460103023E-02
    4.8799800000E-04    1.2599861104E+00   -3.9986171423E-02    6.9102569574E+01    4.2231077973E-02
    4.9199800000E-04    1.2305290955E+00   -2.3970893249E-01    6.9523786659E+01    4.4658691299E-02
    4.9599800000E-04    1.1446371175E+00   -3.7712401140E-01    6.9977068048E+01    4.7231716105E-02
    4.9999800000E-04    1.0135018442E+00   -4.2695111545E-01    7.0475732286E+01    4.8436972406E-02
    5.0399800000E-04    8.7866424685E-01   -3.7762826380E-01    7.1028325431E+01    4.8440814995E-02
    5.0799800000E-04    7.8961724696E-01   -2.5017755042E-01    7.1630029507E+01    4.8092499231E-02
    5.1199800000E-04    7.8100829027E-01   -8.7519796329E-02    7.2250540892E+01    4.8026494695E-02
    5.1599800000E-04    8.5026037084E-01    5.8112401845E-02    7.2852641742E+01    4.8056783644E-02
    5.1999800000E-04    9.5709207767E-01    1.4534980474E-01    7.3420903616E+01    4.8258910938E-02
    5.2399800000E-04    1.0522277726E+00    1.6965508501E-01    7.3953151650E+01    4.9310239775E-02
    5.2799800000E-04    1.1198427739E+00    1.5293153536E-01    7.4448070715E+01    5.1877026682E-02
    5.3199800000E-04    1.1633066064E+00    1.2016798901E-01    7.4910834230E+01    5.6152985281E-02
    5.3599800000E-04    1.1854784944E+00    8.9065248578E-02    7.5354905118E+01    5.9772640682E-02
    5.3999800000E-04    1.1864710532E+00    4.7954662372E-02    7.5793367618E+01    6.0832073649E-02
    5.4399800000E-04    1.1710669339E+00   -3.1813559025E-03    7.6240502071E+01    6.0010223615E-02
    5.4799800000E-04    1.1352109433E+00   -4.5837519007E-02    7.6709078035E+01    5.9552792459E-02
    5.5199800000E-04    1.0697770136E+00   -6.9366025986E-02    7.7207006401E+01    6.0645743324E-02
    5.5599800000E-04    9.6922954017E-01   -4.7201399260E-02    7.7741175758E+01    6.2773832948E-02
    5.5999800000E-04    8.6843064120E-01    5.0171733952E-02    7.8310296052E+01    6.4429963185E-02
    5.6399800000E-04    8.2925406266E-01    1.9597661235E-01    7.8907297796E+01    6.5584803610E-02
    5.6799800000E-04    8.7501906366E-01    3.3304266655E-01    7.9507495545E+01    6.6240545531E-02
    5.7199800000E-04    9.8686608125E-01    4.0850527521E-01    8.0074679540E+01    6.5890411151E-02
    5.7599800000E-04    1.1175640429E+00    3.8743747147E-01    8.0590602432E+01    6.3712051649E-02
    5.7999800000E-04    1.2171669881E+00    2.6741405967E-01    8.1056743419E+01    5.9670085878E-02
    5.8399800000E-04    1.2624339954E+00    7.0843162941E-02    8.1483648317E+01    5.5419971974E-02
    5.8799800000E-04    1.2571845326E+00   -1.5333917439E-01    8.1895650293E+01    5.6130684308E-02
    5.9199800000E-04    1.1980844502E+00   -3.3155563189E-01    8.2330409637E+01    5.9790457788E-02
    5.9599800000E-04    1.0834539864E+00   -4.2911078765E-01    8.2805218409E+01    6.2353924123E-02
    5.9999800000E-04    9.4160947815E-01   -4.2677859592E-01    8.3331055105E+01    6.3207901061E-02
    6.0399800000E-04    8.2403726996E-01   -3.3124132864E-01    8.3911219766E+01    6.3109367573E-02
    6.0799800000E-04    7.7683935646E-01   -1.7799790519E-01    8.4526679884E+01    6.2967065336E-02
    6.1199800000E-04    8.1858739643E-01   -1.9312415154E-02    8.5137235779E+01    6.3064063832E-02
    6.1599800000E-04    9.2192479600E-01    9.1936521825E-02    8.5716561931E+01    6.3128474836E-02
    6.1999800000E-04    1.0289888053E+00    1.3170821340E-01    8.6260497818E+01    6.3465832683E-02
    6.2399800000E-04    1.1038375058E+00    1.2330342493E-01    8.6768052403E+01    6.4795166301E-02
    6.2799800000E-04    1.1505819737E+00    9.0958506537E-02    8.7242180027E+01    6.8363893598E-02
    6.3199800000E-04    1.1774297833E+00    5.6736620435E-02    8.7691662939E+01    7.2522650076E-02
    6.3599800000E-04    1.1837148753E+00    2.9864382618E-02    8.8131874786E+01    7.4158652302E-02
    6.3999800000E-04    1.1713933915E+00   -9.8092867348E-03    8.8574697759E+01    7.2296290264E-02
    6.4399800000E-04    1.1420096896E+00   -5.2284262819E-02    8.9035277194E+01    6.9942926116E-02
    6.4799800000E-04    1.0879026257E+00   -8.0033051499E-02    8.9523341913E+01    6.9232302451E-02
    6.5199800000E-04    9.9629810269E-01   -7.8018610022E-02    9.0045698684E+01    6.9744059153E-02
    6.5599800000E-04    8.8132256049E-01   -8.0664445076E-03    9.0604525505E+01    7.0489067556E-02
    6.5999800000E-04    8.0766611288E-01    1.3071257910E-01    9.1197180262E+01    7.1055297086E-02
    6.6399800000E-04    8.1889665510E-01    2.8654661836E-01    9.1807973360E+01    7.1457946063E-02
    6.6799800000E-04    9.1233597686E-01    4.0220823086E-01    9.2399161542E+01    7.1637503347E-02
    6.7199800000E-04    1.0482922921E+00    4.3370503683E-01    9.2941324280E+01    7.0747612920E-02
    6.7599800000E-04    1.1731655852E+00    3.6244862025E-01    9.3430653863E+01    6.7918095756E-02
    6.7999800000E-04    1.2487736974E+00    2.0147613386E-01    9.3875450430E+01    6.3654655119E-02
    6.8399800000E-04    1.2685014396E+00   -2.0850827141E-02    9.4289851561E+01    6.1062721958E-02
    6.8799800000E-04    1.2388961532E+00   -2.3549842953E-01    9.4708215881E+01    6.4542158632E-02
    6.9199800000E-04    1.1526522411E+00   -3.8128546826E-01    9.5160676037E+01    6.8715854445E-02
    6.9599800000E-04    1.0224059076E+00   -4.3326181311E-01    9.5659850209E+01    7.1248736668E-02
    6.9999800000E-04    8.9172894681E-01   -3.8332712454E-01    9.6212332138E+01    7.1895330231E-02
    7.0399800000E-04    8.1330404819E-01   -2.5647480996E-01    9.6809670490E+01    7.1591143777E-02
    7.0799800000E-04    8.2110927126E-01   -1.0046350922E-01    9.7418104951E+01    7.1082572521E-02
    7.1199800000E-04    9.0826228279E-01    2.6343233030E-02    9.8003237402E+01    7.0368272521E-02
    7.1599800000E-04    1.0224656400E+00    7.7989836075E-02    9.8553810016E+01    6.9373427328E-02
    7.1999800000E-04    1.1047966301E+00    6.9845239729E-02    9.9067669951E+01    6.8831471207E-02
    7.2399800000E-04    1.1519252257E+00    3.7440400251E-02    9.9548800080E+01    6.9680897080E-02
    7.2799800000E-04    1.1763536568E+00   -7.1845241611E-03    1.0000438095E+02    7.1861710495E-02
    7.3199800000E-04    1.1845327702E+00   -4.5299327931E-02    1.0044534655E+02    7.2811586031E-02
    7.3599800000E-04    1.1730870935E+00   -7.2337218058E-02    1.0088650918E+02    7.0438609758E-02
    7.3999800000E-04    1.1414725429E+00   -1.0694350586E-01    1.0134007670E+02    6.5937686929E-02
    7.4399800000E-04    1.0884753089E+00   -1.3518951034E-01    1.0182101995E+02    6.2760651945E-02
    7.4799800000E-04    1.0060298922E+00   -1.3448892543E-01    1.0233680369E+02    6.1586615464E-02
    7.5199800000E-04    8.9547508160E-01   -7.9021295595E-02    1.0288887754E+02    6.1286482695E-02
    7.5599800000E-04    8.0144028689E-01    4.6403456416E-02    1.0347615552E+02    6.1194700797E-02
    7.5999800000E-04    7.7729872589E-01    2.0898443029E-01    1.0409154079E+02    6.1069076597E-02
    7.6399800000E-04    8.4160886239E-01    3.5484653866E-01    1.0470346201E+02    6.1266025008E-02
    7.6799800000E-04    9.6816999027E-01    4.3438509464E-01    1.0527371662E+02    6.1294360937E-02
    7.7199800000E-04    1.1084857873E+00    4.1683028812E-01    1.0578905561E+02    6.0212999593E-02
    7.7599800000E-04    1.2134981019E+00    3.0238469269E-01    1.0625519073E+02    5.7470045555E-02
    7.7999800000E-04    1.2613153085E+00    1.1238234996E-01    1.0668387700E+02    5.3967524663E-02
    7.8399800000E-04    1.2572115647E+00   -1.1147013123E-01    1.0709575908E+02    5.4504374538E-02
    7.8799800000E-04    1.2012253073E+00   -2.9489274323E-01    1.0752927725E+02    5.8953052034E-02
    7.9199800000E-04    1.0930867945E+00   -3.9684287827E-01    1.0800463880E+02    6.2694102730E-02
    7.9599800000E-04    9.6243201794E-01   -3.9766267048E-01    1.0853096447E+02    6.4463227131E-02
    7.9999800000E-04    8.6126198999E-01   -3.0694840102E-01    1.0910675014E+02    6.4558836035E-02
    8.0399800000E-04    8.3240971345E-01   -1.6420656705E-01    1.0970882957E+02    6.3772976001E-02
    8.0799800000E-04    8.8668137280E-01   -2.4146722306E-02    1.1030117702E+02    6.2493080895E-02
    8.1199800000E-04    9.9173499109E-01    5.8519114380E-02    1.1086369260E+02    6.0587345300E-02
    8.1599800000E-04    1.0856652445E+00    6.8963231838E-02    1.1139052717E+02    5.8506957489E-02
    8.1999800000E-04    1.1444700094E+00    4.0346180421E-02    1.1188197295E+02    5.7673125422E-02
    8.2399800000E-04    1.1760267722E+00   -5.6037058819E-03    1.1234549497E+02    5.8317989397E-02
    8.2799800000E-04    1.1881317904E+00   -5.7094370913E-02    1.1278945918E+02    5.8951444811E-02
    8.3199800000E-04    1.1834999401E+00   -9.5939123465E-02    1.1322789492E+02    5.7228731408E-02
    8.3599800000E-04    1.1566139950E+00   -1.2832082856E-01    1.1367429979E+02    5.3416304448E-02
    8.3999800000E-04    1.1085880777E+00   -1.6008031995E-01    1.1414264395E+02    4.9384977448E-02
    8.4399800000E-04    1.0352841240E+00   -1.7053746864E-01    1.1464487791E+02    4.7222243169E-02
    8.4799800000E-04    9.3551281866E-01   -1.3488495524E-01    1.1518465645E+02    4.6421376253E-02
    8.5199800000E-04    8.3248470983E-01   -3.4064377802E-02    1.1576010487E+02    4.6336725231E-02
    8.5599800000E-04    7.7701160632E-01    1.1866642591E-01    1.1636792614E+02    4.6342205070E-02
    8.5999800000E-04    8.0292509338E-01    2.7798868150E-01    1.1698774893E+02    4.6514876055E-02
    8.6399800000E-04    9.0415035342E-01    3.9231603688E-01    1.1758104817E+02    4.6859893935E-02
    8.6799800000E-04    1.0417609186E+00    4.2243315829E-01    1.1812262460E+02    4.6699846183E-02
    8.7199800000E-04    1.1658139015E+00    3.5343986817E-01    1.1861139680E+02    4.5222912720E-02
    8.7599800000E-04    1.2400979497E+00    2.0191927505E-01    1.1905720313E+02    4.2505894532E-02
    8.7999800000E-04    1.2591235523E+00   -4.1451119239E-03    1.1947464321E+02    4.0753557245E-02
    8.8399800000E-04    1.2288969721E+00   -2.0521815545E-01    1.1989555079E+02    4.3729910982E-02
    8.8799800000E-04    1.1450555270E+00   -3.4406137969E-01    1.2035073021E+02    4.7549563368E-02
    8.9199800000E-04    1.0221845380E+00   -3.9186989102E-01    1.2085342076E+02    5.0025947585E-02
    8.9599800000E-04    9.0411078226E-01   -3.4094205418E-01    1.2140768392E+02    5.0759874855E-02
    8.9999800000E-04    8.3951758278E-01   -2.1815914696E-01    1.2200151391E+02    5.0350978778E-02
    9.0399800000E-04    8.5343535536E-01   -7.1120458384E-02    1.2260285530E+02    4.9323743869E-02
    9.0799800000E-04    9.3501679060E-01    4.6138764067E-02    1.2318275567E+02    4.7728219012E-02
    9.1199800000E-04    1.0360313650E+00    9.5783426567E-02    1.2372998166E+02    4.5481187838E-02
    9.1599800000E-04    1.1135678238E+00    8.6514053233E-02    1.2424048170E+02    4.4088148479E-02
    9.1999800000E-04    1.1610806737E+00    4.6807457935E-02    1.2471778941E+02    4.4283165836E-02
    9.2399800000E-04    1.1857300429E+00   -7.2050096172E-03    1.2516942108E+02    4.5650024473E-02
    9.2799800000E-04    1.1920772738E+00   -5.8319506003E-02    1.2560706535E+02    4.5844500467E-02
    9.3199800000E-04    1.1767253528E+00   -9.9355554161E-02    1.2604655984E+02    4.3270013688E-02
    9.3599800000E-04    1.1392133151E+00   -1.3979577318E-01    1.2650136103E+02    3.9613740744E-02
    9.3999800000E-04    1.0788030971E+00   -1.6717969251E-01    1.2698585979E+02    3.7121042850E-02
    9.4399800000E-04    9.9183676713E-01   -1.5826671616E-01    1.2750721418E+02    3.6288426446E-02
    9.4799800000E-04    8.8798317399E-01   -9.0673309424E-02    1.2806568165E+02    3.6474582399E-02
    9.5199800000E-04    8.0856402456E-01    3.9292793561E-02    1.2865821444E+02    3.6885582222E-02
    9.5599800000E-04    7.9670635633E-01    1.9742903554E-01    1.2927327907E+02    3.7272542480E-02
    9.5999800001E-04    8.6408037057E-01    3.3326686999E-01    1.2987953611E+02    3.7705089850E-02
    9.6399800001E-04    9.8615355821E-01    4.0105754748E-01    1.3044392411E+02    3.7757545451E-02
    9.6799800001E-04    1.1170207744E+00    3.7396506188E-01    1.3095517034E+02    3.6813611346E-02
    9.7199800001E-04    1.2119994297E+00    2.5676219603E-01    1.3141849958E+02    3.4622432686E-02
    9.7599800001E-04    1.2527264758E+00    7.5020764840E-02    1.3184644197E+02    3.2113751286E-02
    9.7999800001E-04    1.2436211039E+00   -1.2809941637E-01    1.3226237049E+02    3.3052198375E-02
    9.8399800001E-04    1.1830202998E+00   -2.9129527877E-01    1.3270180215E+02    3.6334443855E-02
    9.8799800001E-04    1.0735777083E+00   -3.7790959473E-01    1.3318333979E+02    3.8898077197E-02
    9.9199800001E-04    9.4687721264E-01   -3.6726422794E-01    1.3371593116E+02    4.0008895600E-02
    9.9599800001E-04    8.5187738948E-01   -2.7057918868E-01    1.3429674698E+02    3.9972052228E-02
    9.9999800001E-04    8.2583358566E-01   -1.2620763320E-01    1.3490263894E+02    3.9340863160E-02
    1.0039980000E-03    8.7551449468E-01    1.5001379888E-02    1.3549992210E+02    3.8341764684E-02
    1.0079980000E-03    9.7162407508E-01    1.0557504636E-01    1.3606848055E+02    3.6812465655E-02
    1.0119980000E-03    1.0651334966E+00    1.2918497678E-01    1.3660159490E+02    3.5503311875E-02
    1.0159980000E-03    1.1314728135E+00    1.0633550132E-01    1.3709794007E+02    3.5581476263E-02
    1.0199980000E-03    1.1719125645E+00    5.9149645487E-02    1.3756264053E+02    3.7423518621E-02
    1.0239980000E-03    1.1919074112E+00    6.0115016604E-03    1.3800514361E+02    3.9457914172E-02
    1.0279980000E-03    1.1903636275E+00   -4.1579652228E-02    1.3844123929E+02    3.8939653732E-02
    1.0319980000E-03    1.1659994094E+00   -9.0504156004E-02    1.3888517638E+02    3.6338674754E-02
    1.0359980000E-03    1.1207027562E+00   -1.3331079221E-01    1.3935259844E+02    3.3833021691E-02
    1.0399980000E-03    1.0496074320E+00   -1.5013718990E-01    1.3985334598E+02    3.3146316645E-02
    1.0439980000E-03    9.5322620201E-01   -1.1837318173E-01    1.4039147872E+02    3.3818554246E-02
    1.0479980000E-03    8.5805185622E-01   -2.0536969466E-02    1.4096508823E+02    3.4806612434E-02
    1.0519980000E-03    8.1206319826E-01    1.2529931148E-01    1.4156745863E+02    3.5542557253E-02
    1.0559980000E-03    8.4244693288E-01    2.7215097940E-01    1.4217696759E+02    3.6085327392E-02
    1.0599980000E-03    9.4088402774E-01    3.7007267339E-01    1.4275927670E+02    3.6220427686E-02
    1.0639980000E-03    1.0695711769E+00    3.8205240428E-01    1.4329225452E+02    3.5419115591E-02
    1.0679980000E-03    1.1802162809E+00    2.9789302817E-01    1.4377415718E+02    3.3307740627E-02
    1.0719980000E-03    1.2417385368E+00    1.3848024154E-01    1.4421448677E+02    3.0422322777E-02
    1.0759980000E-03    1.2516046384E+00   -6.1286895309E-02    1.4463110851E+02    2.9519351612E-02
    1.0799980000E-03    1.2121315541E+00   -2.4259121562E-01    1.4505869147E+02    3.2077836599E-02
    1.0839980000E-03    1.1194657577E+00   -3.6084272762E-01    1.4552181384E+02    3.4515891841E-02
    1.0879980000E-03    9.9195327706E-01   -3.8938536146E-01    1.4603294896E+02    3.5751073524E-02
    1.0919980000E-03    8.7399422099E-01   -3.2353378226E-01    1.4659629108E+02    3.5880395178E-02
    1.0959980000E-03    8.1088469013E-01   -1.9066006266E-01    1.4719946152E+02    3.5445541845E-02
    1.0999980000E-03    8.2518470874E-01   -3.6793960513E-02    1.4781009916E+02    3.4843695560E-02
    1.1039980000E-03    9.0481143944E-01    8.7562308406E-02    1.4839858973E+02    3.4094805354E-02
    1.1079980000E-03    1.0066266294E+00    1.4859913517E-01    1.4895339227E+02    3.3339249771E-02
    1.1119980000E-03    1.0903782281E+00    1.5131805556E-01    1.4947102909E+02    3.3579856737E-02
    1.1159980000E-03    1.1473052182E+00    1.1843482979E-01    1.4995256723E+02    3.5518867509E-02
    1.1199980000E-03    1.1813469497E+00    7.1826275927E-02    1.5040524497E+02    3.8685487532E-02
    1.1239980000E-03    1.1939898288E+00    2.5605263247E-02    1.5084321742E+02    4.0382172420E-02
    1.1279980000E-03    1.1835435473E+00   -2.5866664802E-02    1.5128088941E+02    3.9551538310E-02
    1.1319980000E-03    1.1538075925E+00   -7.8662477821E-02    1.5173416213E+02    3.7471835787E-02
    1.1359980000E-03    1.1006810563E+00   -1.1528841817E-01    1.5221519167E+02    3.6836259625E-02
    1.1399980000E-03    1.0189562118E+00   -1.1683952420E-01    1.5273100969E+02    3.7813479807E-02
    1.1439980000E-03    9.1860407466E-01   -5.7768208916E-02    1.5328356868E+02    3.9627669520E-02
    1.1479980000E-03    8.4254680933E-01    6.5177358674E-02    1.5386851022E+02    4.0924102914E-02
    1.1519980000E-03    8.3421173335E-01    2.1384035149E-01    1.5447324375E+02    4.1774166960E-02
    1.1559980000E-03    9.0216260774E-01    3.3599627788E-01    1.5506802498E+02    4.2125908160E-02
    1.1599980000E-03    1.0209712073E+00    3.8587055029E-01    1.5562200704E+02    4.1506662052E-02
    1.1639980000E-03    1.1430296467E+00    3.3837394752E-01    1.5612432419E+02    3.9392334073E-02
    1.1679980000E-03    1.2258326923E+00    2.0264105928E-01    1.5657963768E+02    3.6086185750E-02
    1.1719980000E-03    1.2555287768E+00    8.0969418432E-03    1.5700154244E+02    3.3486818500E-02
    1.1759980000E-03    1.2362872599E+00   -1.9130249017E-01    1.5742009231E+02    3.5084041035E-02
    1.1799980000E-03    1.1630139673E+00   -3.3929553591E-01    1.5786681564E+02    3.7634887546E-02
    1.1839980000E-03    1.0418098813E+00   -4.0662100648E-01    1.5835669746E+02    3.9083799709E-02
    1.1879980000E-03    9.0859913520E-01   -3.7634513803E-01    1.5889899014E+02    3.9303267464E-02
    1.1919980000E-03    8.1218737433E-01   -2.6351516224E-01    1.5949131678E+02    3.8944210916E-02
    1.1959980000E-03    7.8911018306E-01   -1.0728654982E-01    1.6010849719E+02    3.8585507338E-02
    1.1999980000E-03    8.4402094701E-01    4.1644964001E-02    1.6071407868E+02    3.8280554855E-02
    1.2039980000E-03    9.4453425467E-01    1.3888365515E-01    1.6128813370E+02    3.8048235294E-02
    1.2079980000E-03    1.0421651404E+00    1.7160685022E-01    1.6182625522E+02    3.8517888096E-02
    1.2119980000E-03    1.1144006267E+00    1.5806682474E-01    1.6232657962E+02    4.0383551822E-02
    1.2159980000E-03    1.1615955079E+00    1.2228752468E-01    1.6279315059E+02    4.3987013604E-02
    1.2199980000E-03    1.1874684238E+00    8.3695304219E-02    1.6323780697E+02    4.7344295153E-02
    1.2239980000E-03    1.1902994715E+00    3.9049648410E-02    1.6367488895E+02    4.8660952366E-02
    1.2279980000E-03    1.1749729365E+00   -1.5653309230E-02    1.6411865117E+02    4.7633127558E-02
    1.2319980000E-03    1.1394522730E+00   -6.3150414601E-02    1.6458349511E+02    4.6902882861E-02
    1.2359980000E-03    1.0767115202E+00   -8.9334510053E-02    1.6507789284E+02    4.7752751511E-02
    1.2399980000E-03    9.8298883406E-01   -7.0815184210E-02    1.6560832649E+02    4.9887301869E-02
    1.2439980000E-03    8.8443548592E-01    1.8000829055E-02    1.6617384947E+02    5.1912271903E-02
    1.2479980000E-03    8.3650319847E-01    1.5834822118E-01    1.6676757478E+02    5.3201089582E-02
    1.2519980000E-03    8.6808621695E-01    2.9813002444E-01    1.6736869796E+02    5.3938437596E-02
    1.2559980000E-03    9.6857994067E-01    3.8469094593E-01    1.6794257608E+02    5.3772505460E-02
    1.2599980000E-03    1.0963140683E+00    3.8003429684E-01    1.6846731252E+02    5.2013982611E-02
    1.2639980000E-03    1.2008663685E+00    2.7624905015E-01    1.6894140161E+02    4.8498977230E-02
    1.2679980000E-03    1.2538887826E+00    9.5201389329E-02    1.6937431948E+02    4.4487785384E-02
    1.2719980000E-03    1.2558019934E+00   -1.2051094154E-01    1.6978767005E+02    4.4215277278E-02
    1.2759980000E-03    1.2056978121E+00   -3.0155929484E-01    1.7021883586E+02    4.7201331521E-02
    1.2799980000E-03    1.0995987669E+00   -4.0939046058E-01    1.7068755102E+02    4.9362490244E-02
    1.2839980000E-03    9.6055885352E-01   -4.2181103915E-01    1.7120569119E+02    5.0043921308E-02
    1.2879980000E-03    8.3697423749E-01   -3.3927420554E-01    1.7177846793E+02    4.9844130639E-02
    1.2919980000E-03    7.7521235629E-01   -1.9245147367E-01    1.7239209939E+02    4.9568919786E-02
    1.2959980000E-03    7.9870055495E-01   -2.9870896274E-02    1.7300925262E+02    4.9628128635E-02
    1.2999980000E-03    8.8876619354E-01    9.7351206870E-02    1.7359909930E+02    4.9698913259E-02
    1.3039980000E-03    9.9609083522E-01    1.5891475546E-01    1.7415395297E+02    5.0151776786E-02
    1.3079980000E-03    1.0809469934E+00    1.6476763042E-01    1.7467199838E+02    5.1680610932E-02
    1.3119980000E-03    1.1384342357E+00    1.3912570566E-01    1.7515386954E+02    5.5075065110E-02
    1.3159980000E-03    1.1739694633E+00    1.0643874049E-01    1.7560776677E+02    5.9356997320E-02
    1.3199980000E-03    1.1873257018E+00    7.5097273799E-02    1.7604864003E+02    6.2349288212E-02
    1.3239980000E-03    1.1822257614E+00    2.9042727455E-02    1.7648860535E+02    6.2305700684E-02
    1.3279980000E-03    1.1599276601E+00   -2.0127679612E-02    1.7694280824E+02    6.1323701322E-02
    1.3319980000E-03    1.1146123982E+00   -5.6493465639E-02    1.7742153981E+02    6.1356159833E-02
    1.3359980000E-03    1.0353611071E+00   -6.7751880092E-02    1.7793256078E+02    6.2883092488E-02
    1.3399980000E-03    9.2651208381E-01   -1.9000806244E-02    1.7848038118E+02    6.4910711691E-02
    1.3439980000E-03    8.4232733915E-01    1.0290320526E-01    1.7906151237E+02    6.6270104115E-02
    1.3479980000E-03    8.3454251091E-01    2.5287225830E-01    1.7966431075E+02    6.7218227781E-02
    1.3519980000E-03    9.0971331154E-01    3.7300106079E-01    1.8025639437E+02    6.7587844211E-02
    1.3559980000E-03    1.0356741670E+00    4.1562573270E-01    1.8080536376E+02    6.6670055904E-02
    1.3599980000E-03    1.1601772961E+00    3.5629491298E-01    1.8130200859E+02    6.3712876829E-02
    1.3639980000E-03    1.2409037226E+00    2.0461936104E-01    1.8175204772E+02    5.9263373026E-02
    1.3679980000E-03    1.2665821194E+00   -1.1336185460E-02    1.8216897814E+02    5.6150916296E-02
    1.3719980000E-03    1.2429105896E+00   -2.2648608785E-01    1.8258581398E+02    5.8834452282E-02
    1.3759980000E-03    1.1621917351E+00   -3.7822611387E-01    1.8303376981E+02    6.2356299599E-02
    1.3799980000E-03    1.0325367126E+00   -4.4079485627E-01    1.8352631376E+02    6.4389971890E-02
    1.3839980000E-03    8.9365845779E-01   -4.0150736159E-01    1.8407249459E+02    6.4816847045E-02
    1.3879980000E-03    7.9799450841E-01   -2.7956113562E-01    1.8466925012E+02    6.4617749625E-02
    1.3919980000E-03    7.8480304895E-01   -1.1811889418E-01    1.8528693581E+02    6.4594446469E-02
    1.3959980000E-03    8.5567200097E-01    2.7586968504E-02    1.8588642218E+02    6.4608664153E-02
    1.3999980000E-03    9.6846715159E-01    1.1009115343E-01    1.8645161416E+02    6.4647352577E-02
    1.4039980000E-03    1.0641485700E+00    1.2606496415E-01    1.8698102221E+02    6.5178715124E-02
    1.4079980000E-03    1.1262109556E+00    1.0527642190E-01    1.8747467917E+02    6.7056594126E-02
    1.4119980000E-03    1.1635050419E+00    6.8598655111E-02    1.8793773512E+02    7.1257947364E-02
    1.4159980000E-03    1.1825639269E+00    3.7470011917E-02    1.8838181890E+02    7.4345353239E-02
    1.4199980000E-03    1.1801410079E+00    8.4096131791E-03    1.8882157852E+02    7.4591655746E-02
    1.4239980000E-03    1.1609745423E+00   -3.3900750362E-02    1.8926963099E+02    7.1727638749E-02
    1.4279980000E-03    1.1224568777E+00   -7.1460977967E-02    1.8974031713E+02    6.9686672456E-02
    1.4319980000E-03    1.0546724132E+00   -8.9645590243E-02    1.9024149609E+02    6.9361306223E-02
    1.4359980000E-03    9.4842261634E-01   -6.4845976137E-02    1.9077873982E+02    6.9928970385E-02
    1.4399980000E-03    8.4132524427E-01    3.6672254124E-02    1.9135176620E+02    7.0438921342E-02
    1.4439980000E-03    7.9718533896E-01    1.8988587048E-01    1.9195566967E+02    7.0827142758E-02
    1.4479980000E-03    8.4281921365E-01    3.3785804438E-01    1.9256496759E+02    7.1172519220E-02
    1.4519980000E-03    9.5870444115E-01    4.2695825516E-01    1.9314034390E+02    7.1086508839E-02
    1.4559980000E-03    1.0974910350E+00    4.2118800643E-01    1.9366255802E+02    6.9609469346E-02
    1.4599980000E-03    1.2074147991E+00    3.1483030280E-01    1.9413419417E+02    6.6215179952E-02
    1.4639980000E-03    1.2618383127E+00    1.2711712442E-01    1.9456575921E+02    6.1944440093E-02
    1.4679980000E-03    1.2636454500E+00   -1.0226703795E-01    1.9497648655E+02    6.1668987845E-02
    1.4719980000E-03    1.2139118828E+00   -2.9605225948E-01    1.9540536809E+02    6.6047494689E-02
    1.4759980000E-03    1.1087221742E+00   -4.1002665509E-01    1.9587381907E+02    6.9815902709E-02
    1.4799980000E-03    9.7268753908E-01   -4.2395131862E-01    1.9639234969E+02    7.1643654101E-02
    1.4839980000E-03    8.5682440447E-01   -3.4163557496E-01    1.9696346745E+02    7.1846901936E-02
    1.4879980000E-03    8.0918072158E-01   -1.9830613768E-01    1.9756887483E+02    7.1367604703E-02
    1.4919980000E-03    8.5042381977E-01   -4.7394445426E-02    1.9817032660E+02    7.0678229732E-02
    1.4959980000E-03    9.5599887200E-01    5.2923427876E-02    1.9874200153E+02    6.9771758091E-02
    1.4999980000E-03    1.0614580766E+00    7.5473135979E-02    1.9927802684E+02    6.8594221344E-02
    1.5039980000E-03    1.1281504199E+00    5.4722786961E-02    1.9977790255E+02    6.8316335538E-02
    1.5079980000E-03    1.1649222526E+00    1.5758261651E-02    2.0024805275E+02    6.9584084232E-02
    1.5119980000E-03    1.1819153639E+00   -2.9994537339E-02    2.0069618708E+02    7.1462014727E-02
    1.5159980000E-03    1.1830975149E+00   -6.3042133171E-02    2.0113571348E+02    7.0814505253E-02
    1.5199980000E-03    1.1627860177E+00   -9.1929300452E-02    2.0157991467E+02    6.7482471934E-02
    1.5239980000E-03    1.1230055091E+00   -1.2617216936E-01    2.0204262147E+02    6.2974092353E-02
    1.5279980000E-03    1.0588676100E+00   -1.4522158354E-01    2.0253662556E+02    6.0633630875E-02
    1.5319980000E-03    9.6372497781E-01   -1.2586284287E-01    2.0306696748E+02    5.9783235564E-02
    1.5359980000E-03    8.5271110745E-01   -4.1987328986E-02    2.0363302331E+02    5.9579249506E-02
    1.5399980000E-03    7.8074066084E-01    1.0368601821E-01    2.0423344069E+02    5.9461837469E-02
    1.5439980000E-03    7.9039489041E-01    2.6678622665E-01    2.0485303149E+02    5.9419078533E-02
    1.5479980000E-03    8.8284296004E-01    3.9309348739E-01    2.0545321654E+02    5.9662888596E-02
    1.5519980000E-03    1.0207318343E+00    4.3907017877E-01    2.0600333777E+02    5.9453371540E-02
    1.5559980000E-03    1.1526606013E+00    3.8402705969E-01    2.0649941655E+02    5.7819156387E-02
    1.5599980000E-03    1.2373145113E+00    2.3962467410E-01    2.0695034494E+02    5.4695505860E-02
    1.5639980000E-03    1.2646749231E+00    3.0649833551E-02    2.0736931019E+02    5.1963334858E-02
    1.5679980000E-03    1.2424919476E+00   -1.8509990131E-01    2.0778535882E+02    5.4643131618E-02
    1.5719980000E-03    1.1660485977E+00   -3.4100306235E-01    2.0823298937E+02    5.9053913033E-02
    1.5759980000E-03    1.0448327968E+00   -4.0674327838E-01    2.0872668701E+02    6.2127284391E-02
    1.5799980000E-03    9.1950254776E-01   -3.7063280783E-01    2.0927241627E+02    6.3183302847E-02
    1.5839980000E-03    8.4206062933E-01   -2.5528445441E-01    2.0986177038E+02    6.2867499523E-02
    1.5879980000E-03    8.4500838546E-01   -1.0721783975E-01    2.1046378466E+02    6.1870094317E-02
    1.5919980000E-03    9.2390355309E-01    1.6813358477E-02    2.1104605810E+02    6.0385327624E-02
    1.5959980000E-03    1.0304277223E+00    7.1129360301E-02    2.1159587353E+02    5.8143424666E-02
    1.5999980000E-03    1.1113352810E+00    6.3161676684E-02    2.1210902999E+02    5.6394345585E-02
    1.6039980000E-03    1.1589440665E+00    2.6679986022E-02    2.1258919927E+02    5.6140773242E-02
    1.6079980000E-03    1.1829133264E+00   -2.3825977319E-02    2.1304414940E+02    5.7020580630E-02
    1.6119980000E-03    1.1890453460E+00   -7.3086851637E-02    2.1348394895E+02    5.7121736295E-02
    1.6159980000E-03    1.1766042725E+00   -1.0792241024E-01    2.1392391266E+02    5.4307796570E-02
    1.6199980000E-03    1.1415522953E+00   -1.4199561200E-01    2.1437649259E+02    5.0219569780E-02
    1.6239980000E-03    1.0845909874E+00   -1.6897224176E-01    2.1485655411E+02    4.6852236497E-02
    1.6279980000E-03    1.0009094153E+00   -1.6495904935E-01    2.1537282294E+02    4.5303795904E-02
    1.6319980000E-03    8.9527120920E-01   -1.0612033281E-01    2.1592624194E+02    4.4897879711E-02
    1.6359980000E-03    8.0473911517E-01    1.7873053619E-02    2.1651467187E+02    4.4934048968E-02
    1.6399980000E-03    7.7785230687E-01    1.7878345111E-01    2.1713063964E+02    4.4985919819E-02
    1.6439980000E-03    8.3466038650E-01    3.2658401933E-01    2.1774480766E+02    4.5306344266E-02
    1.6479980000E-03    9.5447452059E-01    4.1267253724E-01    2.1832007321E+02    4.5547753480E-02
    1.6519980000E-03    1.0923188337E+00    4.0553349364E-01    2.1884123750E+02    4.4978349169E-02
    1.6559980000E-03    1.1999116620E+00    3.0305262578E-01    2.1931255384E+02    4.3004041008E-02
    1.6599980000E-03    1.2525931948E+00    1.2757300845E-01    2.1974572207E+02    4.0175420743E-02
    1.6639980000E-03    1.2531623090E+00   -8.4165006017E-02    2.2015978581E+02    4.0183494378E-02
    1.6679980000E-03    1.2031095096E+00   -2.6549444054E-01    2.2059146000E+02    4.3916161826E-02
    1.6719980000E-03    1.1013066850E+00   -3.7260497468E-01    2.2106338078E+02    4.7291128732E-02
    1.6759980000E-03    9.7426259460E-01   -3.8217167775E-01    2.2158559182E+02    4.9042971596E-02
    1.6799980000E-03    8.7132568418E-01   -2.9980659830E-01    2.2215740636E+02    4.9265896270E-02
    1.6839980000E-03    8.3467031592E-01   -1.6175459984E-01    2.2275850410E+02    4.8607333789E-02
    1.6879980000E-03    8.7664347192E-01   -1.9389530919E-02    2.2335464488E+02    4.7416014771E-02
    1.6919980000E-03    9.7171709504E-01    7.5681706347E-02    2.2392364887E+02    4.5530174771E-02
    1.6959980000E-03    1.0669241267E+00    1.0112621941E-01    2.2445794076E+02    4.3487831107E-02
    1.6999980000E-03    1.1332451918E+00    7.8427945961E-02    2.2495576288E+02    4.2700143757E-02
    1.7039980000E-03    1.1721132929E+00    3.1813760329E-02    2.2542281278E+02    4.3549531027E-02
    1.7079980000E-03    1.1902710832E+00   -2.3367997146E-02    2.2586744016E+02    4.4946986681E-02
    1.7119980000E-03    1.1896861457E+00   -7.0254291118E-02    2.2630402200E+02    4.4036471821E-02
    1.7159980000E-03    1.1657901496E+00   -1.1190684248E-01    2.2674720524E+02    4.1026968588E-02
    1.7199980000E-03    1.1206931843E+00   -1.5069376973E-01    2.2721156858E+02    3.7601253208E-02
    1.7239980000E-03    1.0507589871E+00   -1.6791650888E-01    2.2770908634E+02    3.5881610332E-02
    1.7279980000E-03    9.5514607694E-01   -1.4003783683E-01    2.2824429927E+02    3.5602574805E-02
    1.7319980000E-03    8.5465545526E-01   -4.7988579176E-02    2.2881563349E+02    3.6012326782E-02
    1.7359980000E-03    7.9691315447E-01    9.7391950515E-02    2.2941851044E+02    3.6455188509E-02
    1.7399980000E-03    8.1532844531E-01    2.5258421230E-01    2.3003415867E+02    3.6885937586E-02
    1.7439980000E-03    9.0717634602E-01    3.6693370093E-01    2.3062722703E+02    3.7237228131E-02
    1.7479980000E-03    1.0378357965E+00    4.0045418806E-01    2.3117162344E+02    3.6968960585E-02
    1.7519980000E-03    1.1588931234E+00    3.3675763806E-01    2.3166364514E+02    3.5491664931E-02
    1.7559980000E-03    1.2335553146E+00    1.9198879371E-01    2.3211192593E+02    3.2945732203E-02
    1.7599980000E-03    1.2545352511E+00   -4.3682914690E-03    2.3253134831E+02    3.1259886285E-02
    1.7639980000E-03    1.2267389220E+00   -1.9780209133E-01    2.3295289357E+02    3.3613867346E-02
    1.7679980000E-03    1.1459392147E+00   -3.3483752007E-01    2.3340680645E+02    3.6713385802E-02
    1.7719980000E-03    1.0245834800E+00   -3.8558830386E-01    2.3390710003E+02    3.8694437638E-02
    1.7759980000E-03    9.0381751635E-01   -3.3921467036E-01    2.3445920818E+02    3.9274802523E-02
    1.7799980000E-03    8.3136348255E-01   -2.1885549740E-01    2.3505366491E+02    3.8951886926E-02
    1.7839980000E-03    8.3429923621E-01   -6.9051759616E-02    2.3566055739E+02    3.8197596097E-02
    1.7879980000E-03    9.0634241091E-01    5.8500943576E-02    2.3624911013E+02    3.7089574609E-02
    1.7919980000E-03    1.0067690161E+00    1.2438727880E-01    2.3680555313E+02    3.5541466552E-02
    1.7959980000E-03    1.0915012442E+00    1.2845806344E-01    2.3732532768E+02    3.4764932242E-02
    1.7999980000E-03    1.1482018791E+00    9.4925211594E-02    2.3780948525E+02    3.5591713499E-02
    1.8039980000E-03    1.1811160041E+00    4.3892089968E-02    2.3826463841E+02    3.7982645967E-02
    1.8079980000E-03    1.1942755667E+00   -7.0259273395E-03    2.3870291213E+02    3.9223450747E-02
    1.8119980000E-03    1.1840452239E+00   -5.4872911085E-02    2.3914012878E+02    3.8045323634E-02
    1.8159980000E-03    1.1527924963E+00   -1.0420202135E-01    2.3959097909E+02    3.5137453120E-02
    1.8199980000E-03    1.0989422296E+00   -1.4048940597E-01    2.4006969087E+02    3.3411286076E-02
    1.8239980000E-03    1.0180520662E+00   -1.4282380126E-01    2.4058376489E+02    3.3411545525E-02
    1.8279980000E-03    9.1724829905E-01   -8.7968164901E-02    2.4113503090E+02    3.4452688171E-02
    1.8319980000E-03    8.3514237377E-01    3.1459623722E-02    2.4172007154E+02    3.5392130549E-02
    1.8359980000E-03    8.1621234028E-01    1.8319213230E-01    2.4232808421E+02    3.6089905267E-02
    1.8399980000E-03    8.7447695917E-01    3.1670785570E-01    2.4293083322E+02    3.6535264781E-02
    1.8439980000E-03    9.8943721785E-01    3.8515036328E-01    2.4349564057E+02    3.6349985638E-02
    1.8479980000E-03    1.1163794784E+00    3.5969929001E-01    2.4400871419E+02    3.5001404950E-02
    1.8519980000E-03    1.2101866733E+00    2.4346989605E-01    2.4447332917E+02    3.2422236364E-02
    1.8559980000E-03    1.2512255789E+00    6.2992701324E-02    2.4490162416E+02    2.9719293621E-02
    1.8599980000E-03    1.2428528611E+00   -1.3718711803E-01    2.4531803864E+02    3.0459985948E-02
    1.8639980000E-03    1.1828181306E+00   -2.9805411921E-01    2.4575732872E+02    3.3222781414E-02
    1.8679980000E-03    1.0727325915E+00   -3.8480593262E-01    2.4623749014E+02    3.5207688806E-02
    1.8719980000E-03    9.4246813199E-01   -3.7591835954E-01    2.4676856863E+02    3.5915048620E-02
    1.8759980000E-03    8.4012271315E-01   -2.7993648473E-01    2.4734998107E+02    3.5748595818E-02
    1.8799980000E-03    8.0479263614E-01   -1.3266082202E-01    2.4796084048E+02    3.5246293771E-02
    1.8839980000E-03    8.4687191375E-01    1.6401303269E-02    2.4856629064E+02    3.4630781494E-02
    1.8879980000E-03    9.4096667962E-01    1.1984140206E-01    2.4914330116E+02    3.3878843668E-02
    1.8919980000E-03    1.0393133256E+00    1.5745690767E-01    2.4968494784E+02    3.3474677970E-02
    1.8959980000E-03    1.1133877060E+00    1.4495005680E-01    2.5018900191E+02    3.4383013483E-02
    1.8999980000E-03    1.1615598688E+00    1.0525380729E-01    2.5065886133E+02    3.7102492224E-02
    1.9039980000E-03    1.1885093087E+00    5.8889721029E-02    2.5110428357E+02    4.0015902283E-02
    1.9079980000E-03    1.1924307488E+00    1.2322078263E-02    2.5154068524E+02    4.1070272251E-02
    1.9119980000E-03    1.1753529371E+00   -4.1733122544E-02    2.5198217023E+02    3.9408769929E-02
    1.9159980000E-03    1.1382623010E+00   -9.0866378929E-02    2.5244455027E+02    3.7811618168E-02
    1.9199980000E-03    1.0754931089E+00   -1.1758755066E-01    2.5293738267E+02    3.7906822763E-02
    1.9239980000E-03    9.8421697677E-01   -1.0040900119E-01    2.5346650149E+02    3.9421336453E-02
    1.9279980000E-03    8.8639785044E-01   -1.6213140934E-02    2.5403126328E+02    4.1204941574E-02
    1.9319980000E-03    8.3173466859E-01    1.2175656014E-01    2.5462532898E+02    4.2345089802E-02
    1.9359980000E-03    8.5246938021E-01    2.6630056704E-01    2.5523005961E+02    4.3048763147E-02
    1.9399980000E-03    9.4389942360E-01    3.6571933369E-01    2.5581204418E+02    4.3099672344E-02
    1.9439980000E-03    1.0698920346E+00    3.8005885524E-01    2.5634669826E+02    4.1922708995E-02
    1.9479980000E-03    1.1808246538E+00    2.9610407828E-01    2.5683011471E+02    3.9190385347E-02
    1.9519980000E-03    1.2435707895E+00    1.3330093487E-01    2.5727062064E+02    3.5678043421E-02
    1.9559980000E-03    1.2544982904E+00   -7.2058260438E-02    2.5768638278E+02    3.4511597936E-02
    1.9599980000E-03    1.2155248180E+00   -2.5725786020E-01    2.5811310647E+02    3.7016150047E-02
    1.9639980000E-03    1.1215321807E+00   -3.7794313776E-01    2.5857459376E+02    3.9216951595E-02
    1.9679980000E-03    9.8958493554E-01   -4.0884261247E-01    2.5908355238E+02    4.0134133673E-02
    1.9719980000E-03    8.6407307113E-01   -3.4379933569E-01    2.5964612419E+02    4.0046919053E-02
    1.9759980000E-03    7.9176047225E-01   -2.0858102591E-01    2.6025246260E+02    3.9632360535E-02
    1.9799980000E-03    7.9953888811E-01   -4.8443213336E-02    2.6086964574E+02    3.9360146946E-02
    1.9839980000E-03    8.7724029890E-01    8.5801366554E-02    2.6146484413E+02    3.9095501712E-02
    1.9879980000E-03    9.8214019076E-01    1.5853362906E-01    2.6202596651E+02    3.9091793610E-02
    1.9919980000E-03    1.0712550663E+00    1.7176907365E-01    2.6255021171E+02    4.0090878494E-02
    1.9959980000E-03    1.1338049589E+00    1.4764467009E-01    2.6303728832E+02    4.2719297943E-02
    1.9999980000E-03    1.1732488225E+00    1.1016002745E-01    2.6349402558E+02    4.6597335079E-02
