 sig=    1.000000000000000      inputfile=
 /home/rjrj524/Finished/vmec_gc_tracer/revised_251128/nc/wout_pwO_nfp2_A6.nc                                                                                                                             
 dt=   2.0000000000000001E-009
 steps=      1000000
 x0=   4.0000000000000001E-002    3.080000000000000      
    6.410000000000000     
 u=   -174000.0000000000     
 v_perp=    27300.00000000000     
 
time(s)         x0(1)       x0(2)        x0(3)      r
    3.9980000000E-06    1.2300923354E+00    2.3252063965E-01    5.9177166554E+00    3.7876180326E-02
    7.9980000000E-06    1.1078651246E+00    4.0969302912E-01    5.3822834335E+00    3.6123580864E-02
    1.1998000000E-05    9.0948907871E-01    4.4510009389E-01    4.7765364104E+00    3.8268149121E-02
    1.5998000000E-05    7.1800084301E-01    3.2313286630E-01    4.0839626153E+00    4.1263084951E-02
    1.9998000000E-05    6.2447927451E-01    9.4973407965E-02    3.3121349747E+00    4.1677304994E-02
    2.3998000000E-05    6.6648506335E-01   -1.5013924380E-01    2.5296919480E+00    3.7691364344E-02
    2.7998000000E-05    8.1261847011E-01   -3.3018239602E-01    1.8039411342E+00    3.0590290973E-02
    3.1998000000E-05    9.9621731118E-01   -3.8477370486E-01    1.1554320969E+00    2.3087996379E-02
    3.5998000000E-05    1.1397327858E+00   -3.2873184621E-01    5.7436728292E-01    1.7124215194E-02
    3.9998000000E-05    1.2171289450E+00   -1.9513035813E-01    4.2249742994E-02    1.3575776586E-02
    4.3998000000E-05    1.2248382750E+00   -1.0385530408E-02   -4.6482655958E-01    1.1672978772E-02
    4.7998000000E-05    1.1648020144E+00    1.6221083380E-01   -9.9479559303E-01    8.4541869451E-03
    5.1998000000E-05    1.0418365372E+00    2.4781682326E-01   -1.5831236141E+00    5.1203592305E-03
    5.5998000000E-05    9.0532919058E-01    2.0157798629E-01   -2.2422057350E+00    3.1036706685E-03
    5.9998000000E-05    8.3241424902E-01    5.4052547434E-02   -2.9556135550E+00    2.4601317309E-03
    6.3998000000E-05    8.6323383607E-01   -1.1382231309E-01   -3.6790750816E+00    2.8917291101E-03
    6.7998000000E-05    9.7939763464E-01   -2.1359196078E-01   -4.3643319070E+00    4.5241638404E-03
    7.1998000000E-05    1.1130908926E+00   -1.8997794760E-01   -4.9852983790E+00    7.2258041119E-03
    7.5998000000E-05    1.1992034577E+00   -6.2641641105E-02   -5.5410865339E+00    1.0031107609E-02
    7.9998000000E-05    1.2228762439E+00    1.0504558170E-01   -6.0558192389E+00    1.2150616931E-02
    8.3998000000E-05    1.1846678363E+00    2.5057514658E-01   -6.5736714749E+00    1.5134722270E-02
    8.7998000000E-05    1.0844036640E+00    3.3883736807E-01   -7.1262439511E+00    1.9988890642E-02
    9.1998000000E-05    9.2708121416E-01    3.5121775518E-01   -7.7339971056E+00    2.6244740263E-02
    9.5998000000E-05    7.5590833153E-01    2.4438946856E-01   -8.4133513569E+00    3.3049035331E-02
    9.9998000000E-05    6.5155515122E-01    3.3703976218E-02   -9.1636278709E+00    3.8410038464E-02
    1.0399800000E-04    6.6605389747E-01   -2.0780421091E-01   -9.9465772931E+00    4.0440593910E-02
    1.0799800000E-04    8.0991471274E-01   -3.9251046189E-01   -1.0685397414E+01    3.9034609317E-02
    1.1199800000E-04    1.0130103194E+00   -4.4090050321E-01   -1.1336337396E+01    3.6595727195E-02
    1.1599800000E-04    1.1801033581E+00   -3.3059726127E-01   -1.1906662976E+01    3.6923972557E-02
    1.1999800000E-04    1.2549815526E+00   -1.0046120504E-01   -1.2416437832E+01    4.0516356212E-02
    1.2399800000E-04    1.2412530066E+00    1.7231950651E-01   -1.2906323892E+01    3.9163969435E-02
    1.2799800000E-04    1.1362511756E+00    3.7064734602E-01   -1.3433110043E+01    3.5692297331E-02
    1.3199800000E-04    9.5115526913E-01    4.3180464682E-01   -1.4029430171E+01    3.5878758149E-02
    1.3599800000E-04    7.6379082051E-01    3.3425204232E-01   -1.4711318716E+01    3.7723876415E-02
    1.3999800000E-04    6.6714846519E-01    1.2563022400E-01   -1.5470353398E+01    3.7815667556E-02
    1.4399800000E-04    7.0449554658E-01   -1.0440551849E-01   -1.6240705180E+01    3.4883652518E-02
    1.4799800000E-04    8.3888840475E-01   -2.7223666509E-01   -1.6959710079E+01    2.9815990685E-02
    1.5199800000E-04    1.0043433931E+00   -3.2308944507E-01   -1.7607374454E+01    2.4192752977E-02
    1.5599800000E-04    1.1300129624E+00   -2.7866185451E-01   -1.8189519116E+01    1.9001741370E-02
    1.5999800000E-04    1.1997195761E+00   -1.8138440098E-01   -1.8726582958E+01    1.4631223165E-02
    1.6399800000E-04    1.2138217828E+00   -4.3563839704E-02   -1.9239974676E+01    1.2128679487E-02
    1.6799800000E-04    1.1733165296E+00    9.6471107346E-02   -1.9763397166E+01    1.0916362833E-02
    1.7199800000E-04    1.0759803781E+00    1.8757392895E-01   -2.0334917529E+01    9.1930037862E-03
    1.7599800000E-04    9.3960129552E-01    1.7484334817E-01   -2.0972501598E+01    7.2613638816E-03
    1.7999800000E-04    8.3393490908E-01    4.8193403726E-02   -2.1670573057E+01    5.9540008845E-03
    1.8399800000E-04    8.2493779264E-01   -1.2836253019E-01   -2.2400251259E+01    5.5502737345E-03
    1.8799800000E-04    9.2167496559E-01   -2.6268733357E-01   -2.3107853243E+01    5.8167396389E-03
    1.9199800000E-04    1.0705137061E+00   -2.7810476854E-01   -2.3750249498E+01    7.5984896514E-03
    1.9599800000E-04    1.1892223380E+00   -1.5773064915E-01   -2.4318929989E+01    1.1240140100E-02
    1.9999800000E-04    1.2364124542E+00    4.5448984395E-02   -2.4834407930E+01    1.4601641730E-02
    2.0399800000E-04    1.2095354182E+00    2.4611874577E-01   -2.5338873613E+01    1.5707245150E-02
    2.0799800000E-04    1.1037599161E+00    3.7806242415E-01   -2.5880532842E+01    1.9205589686E-02
    2.1199800000E-04    9.3055060917E-01    4.0821861218E-01   -2.6481333722E+01    2.5759855433E-02
    2.1599800000E-04    7.4078219001E-01    3.0572985805E-01   -2.7157050176E+01    3.3620712416E-02
    2.1999800000E-04    6.2121727819E-01    8.7997861976E-02   -2.7911531846E+01    3.9961228478E-02
    2.2399800000E-04    6.2497185764E-01   -1.6722964993E-01   -2.8705194431E+01    4.1894711280E-02
    2.2799800000E-04    7.6120792969E-01   -3.7561071761E-01   -2.9457545322E+01    3.9351866571E-02
    2.3199800000E-04    9.6770902641E-01   -4.5415656108E-01   -3.0121648990E+01    3.5105604030E-02
    2.3599800000E-04    1.1505179680E+00   -3.7539226959E-01   -3.0704443106E+01    3.2972370931E-02
    2.3999800000E-04    1.2445819801E+00   -1.7154097874E-01   -3.1224283646E+01    3.4811080445E-02
    2.4399800000E-04    1.2478949877E+00    9.5372104700E-02   -3.1714743851E+01    3.4783261868E-02
    2.4799800000E-04    1.1639722191E+00    3.1230916692E-01   -3.2232368928E+01    3.0374731634E-02
    2.5199800000E-04    9.9816326926E-01    4.0293828655E-01   -3.2816287356E+01    2.8863948036E-02
    2.5599800000E-04    8.1753989355E-01    3.3621854989E-01   -3.3483595635E+01    2.9852995062E-02
    2.5999800000E-04    7.1571073278E-01    1.5195185900E-01   -3.4226094784E+01    3.0247735765E-02
    2.6399800000E-04    7.4421498721E-01   -6.2246740858E-02   -3.4984611575E+01    2.8688765528E-02
    2.6799800000E-04    8.7123006053E-01   -2.1669803547E-01   -3.5696914632E+01    2.5870650465E-02
    2.7199800000E-04    1.0235964847E+00   -2.5743649751E-01   -3.6342376394E+01    2.2561929917E-02
    2.7599800000E-04    1.1346952976E+00   -2.0775504019E-01   -3.6922289633E+01    1.8744903464E-02
    2.7999800000E-04    1.1947648597E+00   -1.1609154216E-01   -3.7455194687E+01    1.4836153645E-02
    2.8399800000E-04    1.2043409737E+00   -1.8547575521E-04   -3.7967097236E+01    1.3294706963E-02
    2.8799800000E-04    1.1648711958E+00    1.1403387336E-01   -3.8487297769E+01    1.4742663301E-02
    2.9199800000E-04    1.0750032410E+00    1.9272136823E-01   -3.9051060720E+01    1.6150788522E-02
    2.9599800000E-04    9.3689942818E-01    1.8868906595E-01   -3.9679142036E+01    1.6690659349E-02
    2.9999800000E-04    8.0725970650E-01    6.8831457243E-02   -4.0372914476E+01    1.6829661538E-02
    3.0399800000E-04    7.6778147153E-01   -1.2172807595E-01   -4.1113345816E+01    1.6877899678E-02
    3.0799800000E-04    8.5050762063E-01   -2.9133608477E-01   -4.1845263206E+01    1.6325116671E-02
    3.1199800000E-04    1.0119123484E+00   -3.5213007696E-01   -4.2511775633E+01    1.6232331942E-02
    3.1599800000E-04    1.1633073734E+00   -2.6300116881E-01   -4.3097455131E+01    1.8654660928E-02
    3.1999800000E-04    1.2406201789E+00   -5.5937329058E-02   -4.3618078145E+01    2.3008331284E-02
    3.2399800000E-04    1.2356071706E+00    1.8863491657E-01   -4.4112754208E+01    2.3576682442E-02
    3.2799800000E-04    1.1436227488E+00    3.7318358282E-01   -4.4635805844E+01    2.3925646584E-02
    3.3199800000E-04    9.6717219822E-01    4.4412371429E-01   -4.5218901611E+01    2.8414582489E-02
    3.3599800000E-04    7.6138220683E-01    3.6834995624E-01   -4.5879261025E+01    3.5230287216E-02
    3.3999800000E-04    6.1832949304E-01    1.6062946968E-01   -4.6625948421E+01    4.0428592903E-02
    3.4399800000E-04    6.0103972338E-01   -9.9595011398E-02   -4.7423341705E+01    4.1200255767E-02
    3.4799800000E-04    7.1639518074E-01   -3.2891923659E-01   -4.8188915256E+01    3.7106443934E-02
    3.5199800000E-04    9.1598887754E-01   -4.4156271152E-01   -4.8870758388E+01    3.0530918952E-02
    3.5599800000E-04    1.1077159792E+00   -4.0389659090E-01   -4.9471185960E+01    2.5383626210E-02
    3.5999800000E-04    1.2227393874E+00   -2.4078686230E-01   -5.0006527154E+01    2.4310637290E-02
    3.6399800000E-04    1.2476572712E+00   -7.9289097727E-04   -5.0502885327E+01    2.4767392263E-02
    3.6799800000E-04    1.1901700670E+00    2.2622248558E-01   -5.1012324389E+01    2.0715033077E-02
    3.7199800000E-04    1.0520129028E+00    3.4955888413E-01   -5.1579591435E+01    1.7641886047E-02
    3.7599800000E-04    8.8258907443E-01    3.2366328616E-01   -5.2226563200E+01    1.7399571310E-02
    3.7999800000E-04    7.7240966281E-01    1.7220406682E-01   -5.2947353574E+01    1.8048943743E-02
    3.8399800000E-04    7.8147174993E-01   -2.4341581503E-02   -5.3693660809E+01    1.8000613706E-02
    3.8799800000E-04    8.9554354642E-01   -1.7101852344E-01   -5.4403204848E+01    1.7714011962E-02
    3.9199800000E-04    1.0403172222E+00   -2.0576910547E-01   -5.5049268700E+01    1.7068167778E-02
    3.9599800000E-04    1.1449101430E+00   -1.4495648952E-01   -5.5628788714E+01    1.5602208937E-02
    3.9999800000E-04    1.1977260434E+00   -3.8824212662E-02   -5.6157633863E+01    1.3576221351E-02
    4.0399800000E-04    1.2023030938E+00    7.8600456325E-02   -5.6668280137E+01    1.3979571582E-02
    4.0799800000E-04    1.1562389077E+00    1.7874188946E-01   -5.7192422017E+01    1.7401456571E-02
    4.1199800000E-04    1.0605424344E+00    2.4403277180E-01   -5.7756989632E+01    2.1175434484E-02
    4.1599800000E-04    9.1594765545E-01    2.3405573720E-01   -5.8383870429E+01    2.4330037826E-02
    4.1999800000E-04    7.7482343449E-01    1.0855812902E-01   -5.9078728261E+01    2.7030373419E-02
    4.2399800000E-04    7.1548768401E-01   -9.6097044387E-02   -5.9828162391E+01    2.8843544875E-02
    4.2799800000E-04    7.8509011673E-01   -2.9539376746E-01   -6.0580742977E+01    2.8862833280E-02
    4.3199800000E-04    9.5263144025E-01   -3.9666945395E-01   -6.1268951964E+01    2.7813141756E-02
    4.3599800000E-04    1.1294862313E+00   -3.4441028378E-01   -6.1872747288E+01    2.8554702561E-02
    4.3999800000E-04    1.2352017634E+00   -1.5388408117E-01   -6.2404259632E+01    3.2585370827E-02
    4.4399800000E-04    1.2525306687E+00    1.1010910772E-01   -6.2896516402E+01    3.4405951892E-02
    4.4799800000E-04    1.1821825669E+00    3.3544538874E-01   -6.3405070392E+01    3.2186706586E-02
    4.5199800000E-04    1.0180249742E+00    4.4877045266E-01   -6.3970465930E+01    3.3520498240E-02
    4.5599800000E-04    8.0850790092E-01    4.0910999065E-01   -6.4612717774E+01    3.7875084404E-02
    4.5999800000E-04    6.4597331993E-01    2.2631485615E-01   -6.5344413662E+01    4.1380954087E-02
    4.6399800000E-04    6.0670064149E-01   -2.6490064704E-02   -6.6136144403E+01    4.0914986849E-02
    4.6799800000E-04    6.9850808281E-01   -2.6269541008E-01   -6.6907454272E+01    3.5599710373E-02
    4.7199800000E-04    8.7955000895E-01   -4.0021545928E-01   -6.7604272760E+01    2.7900305936E-02
    4.7599800000E-04    1.0659580727E+00   -4.0021883340E-01   -6.8222481360E+01    2.0852823472E-02
    4.7999800000E-04    1.1922424664E+00   -2.8757487009E-01   -6.8776541452E+01    1.6683999212E-02
    4.8399800000E-04    1.2381181925E+00   -9.4944328371E-02   -6.9285773489E+01    1.5612770052E-02
    4.8799800000E-04    1.2081436661E+00    1.1966081917E-01   -6.9792822392E+01    1.2855471707E-02
    4.9199800000E-04    1.1035034289E+00    2.6797574017E-01   -7.0345360053E+01    8.9509863920E-03
    4.9599800000E-04    9.5284720873E-01    2.8649940308E-01   -7.0969504925E+01    6.8020207628E-03
    4.9999800000E-04    8.3525956190E-01    1.7395020424E-01   -7.1665050690E+01    6.4116241186E-03
    5.0399800000E-04    8.1706537032E-01   -2.5230993276E-03   -7.2396138420E+01    6.6843307816E-03
    5.0799800000E-04    9.0476296641E-01   -1.5053317381E-01   -7.3106473916E+01    7.6448956353E-03
    5.1199800000E-04    1.0422666617E+00   -1.9426477838E-01   -7.3760386155E+01    9.3533175583E-03
    5.1599800000E-04    1.1525756479E+00   -1.2629148337E-01   -7.4347468590E+01    1.0930178899E-02
    5.1999800000E-04    1.2070659532E+00    2.8174086558E-03   -7.4880020529E+01    1.1898181245E-02
    5.2399800000E-04    1.2078251117E+00    1.4255895574E-01   -7.5391889556E+01    1.3732590517E-02
    5.2799800000E-04    1.1540547553E+00    2.5030994357E-01   -7.5920347169E+01    1.7769800295E-02
    5.3199800000E-04    1.0452078668E+00    3.1079605575E-01   -7.6487733439E+01    2.2652257166E-02
    5.3599800000E-04    8.8731448953E-01    2.9187714391E-01   -7.7116238309E+01    2.8058268135E-02
    5.3999800000E-04    7.3762042329E-01    1.5414821791E-01   -7.7815881524E+01    3.3208480460E-02
    5.4399800000E-04    6.6927967732E-01   -6.4989849873E-02   -7.8575280366E+01    3.6700726402E-02
    5.4799800000E-04    7.3051346174E-01   -2.8663328751E-01   -7.9344110525E+01    3.7347558612E-02
    5.5199800000E-04    9.0140614840E-01   -4.1869324682E-01   -8.0048470020E+01    3.5778760478E-02
    5.5599800000E-04    1.0954078354E+00   -3.9832888911E-01   -8.0665642305E+01    3.4917609509E-02
    5.5999800000E-04    1.2237304729E+00   -2.2987321381E-01   -8.1207987772E+01    3.7669488696E-02
    5.6399800000E-04    1.2592773546E+00    3.3081700037E-02   -8.1702579357E+01    4.0732478578E-02
    5.6799800000E-04    1.2079071207E+00    2.8365889715E-01   -8.2202236459E+01    3.7380266716E-02
    5.7199800000E-04    1.0616777980E+00    4.2878649638E-01   -8.2754824346E+01    3.6182990490E-02
    5.7599800000E-04    8.5807899753E-01    4.2123589110E-01   -8.3383560387E+01    3.8439161333E-02
    5.7999800000E-04    6.8925485575E-01    2.6481200646E-01   -8.4101186177E+01    4.0531159473E-02
    5.8399800000E-04    6.3792594051E-01    2.7570207446E-02   -8.4881562876E+01    3.9546876658E-02
    5.8799800000E-04    7.1537671616E-01   -2.0061674150E-01   -8.5647391917E+01    3.4769130070E-02
    5.9199800000E-04    8.7727177803E-01   -3.4144124848E-01   -8.6347499439E+01    2.7911382089E-02
    5.9599800000E-04    1.0473818114E+00   -3.5720787966E-01   -8.6973347460E+01    2.1223312062E-02
    5.9999800000E-04    1.1654831269E+00   -2.8384120061E-01   -8.7538271037E+01    1.5971849560E-02
    6.0399800000E-04    1.2206711954E+00   -1.4706596115E-01   -8.8062585048E+01    1.2584654203E-02
    6.0799800000E-04    1.2120618304E+00    2.5352192536E-02   -8.8573084783E+01    1.0495137861E-02
    6.1199800000E-04    1.1400068859E+00    1.7202034738E-01   -8.9115779019E+01    7.6522765820E-03
    6.1599800000E-04    1.0123698027E+00    2.2605699223E-01   -8.9720398458E+01    4.7456157712E-03
    6.1999800000E-04    8.8493786115E-01    1.5277219264E-01   -9.0392395281E+01    2.8646445278E-03
    6.2399800000E-04    8.3043611254E-01   -6.7716098979E-03   -9.1110649712E+01    2.1901364646E-03
    6.2799800000E-04    8.7947711825E-01   -1.6833988014E-01   -9.1830844863E+01    2.5843370991E-03
    6.3199800000E-04    1.0068218196E+00   -2.4494362473E-01   -9.2505773629E+01    4.2271080548E-03
    6.3599800000E-04    1.1390989023E+00   -1.9074640749E-01   -9.3111556207E+01    7.2449927080E-03
    6.3999800000E-04    1.2153327933E+00   -3.5488536347E-02   -9.3653953611E+01    1.0530781387E-02
    6.4399800000E-04    1.2244541242E+00    1.4999781845E-01   -9.4162492795E+01    1.2581452475E-02
    6.4799800000E-04    1.1655543219E+00    2.9766046720E-01   -9.4685637555E+01    1.5572489332E-02
    6.5199800000E-04    1.0395786787E+00    3.7423372589E-01   -9.5252397578E+01    2.0891369307E-02
    6.5599800000E-04    8.6242060189E-01    3.5272534063E-01   -9.5882040750E+01    2.7969550735E-02
    6.5999800000E-04    6.9943801887E-01    2.0291890954E-01   -9.6587649520E+01    3.5241202975E-02
    6.6399800000E-04    6.2677040694E-01   -3.1676779953E-02   -9.7359124625E+01    4.0120161234E-02
    6.6799800000E-04    6.8512117949E-01   -2.7116828395E-01   -9.8140987105E+01    4.0769240230E-02
    6.7199800000E-04    8.5872371677E-01   -4.2616816780E-01   -9.8856267715E+01    3.8226086368E-02
    6.7599800000E-04    1.0635801603E+00   -4.3096303097E-01   -9.9482597605E+01    3.5559345837E-02
    6.7999800000E-04    1.2087408705E+00   -2.8471879358E-01   -1.0003381350E+02    3.6398055124E-02
    6.8399800000E-04    1.2586850685E+00   -3.4897504594E-02   -1.0053311784E+02    3.9462919832E-02
    6.8799800000E-04    1.2218785885E+00    2.2617024941E-01   -1.0102847413E+02    3.6273655445E-02
    6.9199800000E-04    1.0932083893E+00    3.9233053894E-01   -1.0157238889E+02    3.3344117395E-02
    6.9599800000E-04    9.0161981446E-01    4.0985759214E-01   -1.0219196132E+02    3.3952907992E-02
    6.9999800000E-04    7.3646140516E-01    2.7680681031E-01   -1.0289807034E+02    3.5316253998E-02
    7.0399800000E-04    6.8268131683E-01    5.8031227245E-02   -1.0366462574E+02    3.4645166654E-02
    7.0799800000E-04    7.5664062240E-01   -1.5367948720E-01   -1.0441806512E+02    3.1460749213E-02
    7.1199800000E-04    9.0676538678E-01   -2.8005868938E-01   -1.0511149440E+02    2.6864462139E-02
    7.1599800000E-04    1.0580124401E+00   -2.8958776867E-01   -1.0573486055E+02    2.1999861152E-02
    7.1999800000E-04    1.1591502518E+00   -2.2555909485E-01   -1.0629812360E+02    1.7312190051E-02
    7.2399800000E-04    1.2069646138E+00   -1.1971365584E-01   -1.0682402622E+02    1.3512482252E-02
    7.2799800000E-04    1.2020524100E+00    1.3166941413E-02   -1.0733556192E+02    1.2103505077E-02
    7.3199800000E-04    1.1456148402E+00    1.3312065729E-01   -1.0786903001E+02    1.1912959670E-02
    7.3599800000E-04    1.0344678210E+00    1.9437964961E-01   -1.0845733361E+02    1.1066738236E-02
    7.3999800000E-04    8.9455350024E-01    1.4667594526E-01   -1.0911274393E+02    9.8999733955E-03
    7.4399800000E-04    8.0411858373E-01   -5.7311750444E-03   -1.0982591526E+02    9.2880396189E-03
    7.4799800000E-04    8.2219536575E-01   -1.8692327700E-01   -1.1056131569E+02    8.9149447052E-03
    7.5199800000E-04    9.4336653003E-01   -3.0371731415E-01   -1.1125993176E+02    8.9223698696E-03
    7.5599800000E-04    1.0995225557E+00   -2.8757934409E-01   -1.1188496329E+02    1.0648395557E-02
    7.5999800000E-04    1.2090088405E+00   -1.3745735003E-01   -1.1243661301E+02    1.4530753946E-02
    7.6399800000E-04    1.2412762880E+00    8.5141070330E-02   -1.1294182814E+02    1.7390661920E-02
    7.6799800000E-04    1.1954172589E+00    2.8843797469E-01   -1.1344860747E+02    1.7885385010E-02
    7.7199800000E-04    1.0654051360E+00    4.0869542585E-01   -1.1400135584E+02    2.1551122888E-02
    7.7599800000E-04    8.7400107060E-01    4.0878686751E-01   -1.1462014747E+02    2.8358064564E-02
    7.7999800000E-04    6.9118599231E-01    2.6766197559E-01   -1.1531935257E+02    3.5741696132E-02
    7.8399800000E-04    6.0162377577E-01    2.8396526345E-02   -1.1609379982E+02    4.0459156653E-02
    7.8799800000E-04    6.4467551240E-01   -2.2540879237E-01   -1.1688593145E+02    4.0232983152E-02
    7.9199800000E-04    8.0893990939E-01   -4.0751968838E-01   -1.1761603541E+02    3.6061462827E-02
    7.9599800000E-04    1.0179319098E+00   -4.4629451738E-01   -1.1825735591E+02    3.1117101456E-02
    7.9999800000E-04    1.1805880230E+00   -3.3487193136E-01   -1.1882270753E+02    2.9236385452E-02
    8.0399800000E-04    1.2503818968E+00   -1.1416588450E-01   -1.1933189168E+02    3.0963337705E-02
    8.0799800000E-04    1.2332559989E+00    1.4485212714E-01   -1.1982517803E+02    2.9141253235E-02
    8.1199800000E-04    1.1290701706E+00    3.3307661809E-01   -1.2035749397E+02    2.5092036890E-02
    8.1599800000E-04    9.5584918745E-01    3.8464399920E-01   -1.2096213317E+02    2.4157558669E-02
    8.1999800000E-04    7.9333027192E-01    2.8461458126E-01   -1.2165030155E+02    2.5070646697E-02
    8.2399800000E-04    7.2858343518E-01    8.9036103819E-02   -1.2240005792E+02    2.5165611828E-02
    8.2799800000E-04    7.9069263965E-01   -1.0929261035E-01   -1.2314502998E+02    2.3801751084E-02
    8.3199800000E-04    9.3205927903E-01   -2.2548051436E-01   -1.2383532691E+02    2.1855943767E-02
    8.3599800000E-04    1.0722903222E+00   -2.2668169474E-01   -1.2445784750E+02    1.9344807988E-02
    8.3999800000E-04    1.1625590375E+00   -1.5479233569E-01   -1.2501831416E+02    1.6036353001E-02
    8.4399800000E-04    1.2036928764E+00   -5.0325959415E-02   -1.2553921493E+02    1.3254121626E-02
    8.4799800000E-04    1.1944932249E+00    6.5461460683E-02   -1.2604988494E+02    1.3524915018E-02
    8.5199800000E-04    1.1368507341E+00    1.6548898764E-01   -1.2658161747E+02    1.6196923311E-02
    8.5599800000E-04    1.0275467519E+00    2.1910934410E-01   -1.2716491150E+02    1.8316769997E-02
    8.5999800000E-04    8.8020430162E-01    1.7572492820E-01   -1.2781508771E+02    1.9565246565E-02
    8.6399800000E-04    7.6712328746E-01    2.1591222124E-02   -1.2852906508E+02    2.0375744564E-02
    8.6799800000E-04    7.6091851932E-01   -1.8005934446E-01   -1.2927951246E+02    2.0703956952E-02
    8.7199800000E-04    8.7563540628E-01   -3.3454634855E-01   -1.3000238809E+02    2.0004011263E-02
    8.7599800000E-04    1.0493456423E+00   -3.6157705501E-01   -1.3064949251E+02    1.9979717630E-02
    8.7999800000E-04    1.1905374294E+00   -2.3768878462E-01   -1.3121639159E+02    2.2838660745E-02
    8.8399800000E-04    1.2493590845E+00   -7.8281622057E-03   -1.3172499248E+02    2.6935789739E-02
    8.8799800000E-04    1.2247145728E+00    2.3755920186E-01   -1.3222035462E+02    2.6207225214E-02
    8.9199800000E-04    1.1088928714E+00    4.0487954712E-01   -1.3275497416E+02    2.6744351464E-02
    8.9599800000E-04    9.1557102447E-01    4.4377334073E-01   -1.3335549027E+02    3.1343000413E-02
    8.9999800000E-04    7.1609700690E-01    3.3037059750E-01   -1.3403846895E+02    3.7306107045E-02
    9.0399800000E-04    6.0260684242E-01    1.0097567384E-01   -1.3480533447E+02    4.0776605975E-02
    9.0799800000E-04    6.2270915449E-01   -1.5806876651E-01   -1.3560148473E+02    3.9404038905E-02
    9.1199800000E-04    7.6601330800E-01   -3.6334900398E-01   -1.3634599779E+02    3.3730419170E-02
    9.1599800000E-04    9.6942793801E-01   -4.3739964922E-01   -1.3700547639E+02    2.6573398106E-02
    9.1999800000E-04    1.1423043334E+00   -3.6885796072E-01   -1.3758889930E+02    2.1671351601E-02
    9.2399800000E-04    1.2329042023E+00   -1.9063441197E-01   -1.3811311687E+02    2.0798524833E-02
    9.2799800000E-04    1.2383118781E+00    4.6425972475E-02   -1.3860923095E+02    2.0056760497E-02
    9.3199800000E-04    1.1631244104E+00    2.4954846634E-01   -1.3913098958E+02    1.5830530625E-02
    9.3599800000E-04    1.0157599860E+00    3.3811361734E-01   -1.3971689993E+02    1.3226885873E-02
    9.3999800000E-04    8.5880531627E-01    2.7919453781E-01   -1.4038255112E+02    1.3067649822E-02
    9.4399800000E-04    7.7938903423E-01    1.1325469343E-01   -1.4111157210E+02    1.3589007660E-02
    9.4799800000E-04    8.1951815103E-01   -7.2435785736E-02   -1.4184838177E+02    1.3797603267E-02
    9.5199800000E-04    9.4794915835E-01   -1.8668067121E-01   -1.4253921562E+02    1.4047787935E-02
    9.5599800000E-04    1.0838032852E+00   -1.8436395022E-01   -1.4316455966E+02    1.4155031181E-02
    9.5999800001E-04    1.1709641196E+00   -9.8706840495E-02   -1.4372572708E+02    1.3498313484E-02
    9.6399800001E-04    1.2067840788E+00    2.2182187311E-02   -1.4424441992E+02    1.2841171263E-02
    9.6799800001E-04    1.1929075150E+00    1.4037319596E-01   -1.4475750000E+02    1.4860041193E-02
    9.7199800001E-04    1.1275315984E+00    2.2944185332E-01   -1.4529379772E+02    1.9042923797E-02
    9.7599800001E-04    1.0101643355E+00    2.7319680478E-01   -1.4587787536E+02    2.3275563968E-02
    9.7999800001E-04    8.5447454642E-01    2.2282809584E-01   -1.4652806831E+02    2.7177510256E-02
    9.8399800001E-04    7.2983145502E-01    5.9684952512E-02   -1.4724554160E+02    3.0535576070E-02
    9.8799800001E-04    7.0627600861E-01   -1.5930852718E-01   -1.4800812190E+02    3.2299029614E-02
    9.9199800001E-04    8.1380883995E-01   -3.4503011322E-01   -1.4875148022E+02    3.1879507798E-02
    9.9599800001E-04    9.9834765221E-01   -4.1059652048E-01   -1.4941734041E+02    3.0718233759E-02
    9.9999800001E-04    1.1655616751E+00   -3.1798842261E-01   -1.4999979475E+02    3.2059425389E-02
    1.0039980000E-03    1.2491842673E+00   -9.9118224775E-02   -1.5051645211E+02    3.6393572908E-02
    1.0079980000E-03    1.2450710039E+00    1.7005601552E-01   -1.5100648358E+02    3.6267566015E-02
    1.0119980000E-03    1.1499187716E+00    3.7492953878E-01   -1.5152666790E+02    3.4093509679E-02
    1.0159980000E-03    9.6644241097E-01    4.5280044031E-01   -1.5211063850E+02    3.5831712061E-02
    1.0199980000E-03    7.6161443892E-01    3.7232834342E-01   -1.5277673757E+02    3.9594253112E-02
    1.0239980000E-03    6.2950344058E-01    1.6391309526E-01   -1.5353045347E+02    4.1614500929E-02
    1.0279980000E-03    6.3068345041E-01   -8.8677884853E-02   -1.5432177305E+02    3.9250163901E-02
    1.0319980000E-03    7.5202594751E-01   -3.0095944747E-01   -1.5507210413E+02    3.2750575275E-02
    1.0359980000E-03    9.3886349465E-01   -3.9778338898E-01   -1.5574482653E+02    2.4949132945E-02
    1.0399980000E-03    1.1058318837E+00   -3.6686984862E-01   -1.5634422518E+02    1.8400748214E-02
    1.0439980000E-03    1.2072381684E+00   -2.4185978469E-01   -1.5688659853E+02    1.4613277388E-02
    1.0479980000E-03    1.2334234875E+00   -5.1155949789E-02   -1.5739320442E+02    1.3132334468E-02
    1.0519980000E-03    1.1879898624E+00    1.4397719716E-01   -1.5791065190E+02    9.9721179024E-03
    1.0559980000E-03    1.0731331375E+00    2.6177910773E-01   -1.5848066452E+02    6.3836875939E-03
    1.0599980000E-03    9.2803386579E-01    2.4745471580E-01   -1.5912280165E+02    4.3373560259E-03
    1.0639980000E-03    8.3275487883E-01    1.1577321851E-01   -1.5982839850E+02    3.8480259330E-03
    1.0679980000E-03    8.4046500991E-01   -5.8019427762E-02   -1.6055597705E+02    4.2550703424E-03
    1.0719980000E-03    9.4328108144E-01   -1.8320311187E-01   -1.6125350916E+02    5.5957189090E-03
    1.0759980000E-03    1.0793658018E+00   -1.9397098963E-01   -1.6189110300E+02    7.8106805801E-03
    1.0799980000E-03    1.1779011124E+00   -9.6117107743E-02   -1.6246224964E+02    1.0087620035E-02
    1.0839980000E-03    1.2174864748E+00    5.3320507946E-02   -1.6298498865E+02    1.1812527555E-02
    1.0879980000E-03    1.1997599991E+00    1.9780302752E-01   -1.6349851402E+02    1.4380201905E-02
    1.0919980000E-03    1.1239898120E+00    2.9727018057E-01   -1.6403783308E+02    1.8830735976E-02
    1.0959980000E-03    9.9081553357E-01    3.3790398506E-01   -1.6462398155E+02    2.4266571038E-02
    1.0999980000E-03    8.2114327546E-01    2.7737579597E-01   -1.6527684204E+02    3.0344387497E-02
    1.1039980000E-03    6.8962401763E-01    1.0014485227E-01   -1.6600205822E+02    3.5744405884E-02
    1.1079980000E-03    6.5947016378E-01   -1.3467048422E-01   -1.6677689179E+02    3.8729816194E-02
    1.1119980000E-03    7.6370930422E-01   -3.4319496136E-01   -1.6753537613E+02    3.8426694854E-02
    1.1159980000E-03    9.5507418693E-01   -4.3690241285E-01   -1.6821398704E+02    3.6337120155E-02
    1.1199980000E-03    1.1400661394E+00   -3.7127967186E-01   -1.6880740266E+02    3.5964112381E-02
    1.1239980000E-03    1.2427851519E+00   -1.7029398409E-01   -1.6933240764E+02    3.9282966968E-02
    1.1279980000E-03    1.2541475520E+00    1.0290333727E-01   -1.6982200887E+02    4.0369624361E-02
    1.1319980000E-03    1.1768238228E+00    3.3092473800E-01   -1.7033317462E+02    3.6615295375E-02
    1.1359980000E-03    1.0085778740E+00    4.3728501311E-01   -1.7090607485E+02    3.6108530171E-02
    1.1399980000E-03    8.0819354641E-01    3.8441519545E-01   -1.7156045742E+02    3.8278920462E-02
    1.1439980000E-03    6.7101782411E-01    1.9820869368E-01   -1.7230140161E+02    3.9390531953E-02
    1.1479980000E-03    6.6433222312E-01   -4.0113125947E-02   -1.7308144715E+02    3.7268663542E-02
    1.1519980000E-03    7.7297303797E-01   -2.4288958894E-01   -1.7382572220E+02    3.2197631402E-02
    1.1559980000E-03    9.4204848262E-01   -3.3976410599E-01   -1.7449963522E+02    2.5905484972E-02
    1.1599980000E-03    1.0920693359E+00   -3.2198494602E-01   -1.7510323542E+02    2.0039414214E-02
    1.1639980000E-03    1.1854967089E+00   -2.3554088551E-01   -1.7565347935E+02    1.5303735980E-02
    1.1679980000E-03    1.2198254172E+00   -9.7064455342E-02   -1.7617138338E+02    1.2197367882E-02
    1.1719980000E-03    1.1953553407E+00    6.0680310312E-02   -1.7668711054E+02    1.0332772418E-02
    1.1759980000E-03    1.1110146498E+00    1.8076303917E-01   -1.7724322309E+02    7.9603009104E-03
    1.1799980000E-03    9.7867321936E-01    2.0256743711E-01   -1.7786377229E+02    5.4784214812E-03
    1.1839980000E-03    8.6109388523E-01    1.0243392307E-01   -1.7854812556E+02    3.8863858541E-03
    1.1879980000E-03    8.2721914225E-01   -6.6633228577E-02   -1.7927191101E+02    3.3211813345E-03
    1.1919980000E-03    8.9915507842E-01   -2.1632039139E-01   -1.7998719181E+02    3.6627636801E-03
    1.1959980000E-03    1.0380140579E+00   -2.6427054548E-01   -1.8064724624E+02    5.3930643678E-03
    1.1999980000E-03    1.1649211403E+00   -1.7734106236E-01   -1.8123497901E+02    8.7269044212E-03
    1.2039980000E-03    1.2275360143E+00    2.5662932036E-03   -1.8176355746E+02    1.2205890784E-02
    1.2079980000E-03    1.2197162369E+00    1.9747473975E-01   -1.8226854002E+02    1.3870826775E-02
    1.2119980000E-03    1.1387579266E+00    3.3903305065E-01   -1.8279980560E+02    1.7076327502E-02
    1.2159980000E-03    9.8889094799E-01    3.9599817682E-01   -1.8338244770E+02    2.3036839400E-02
    1.2199980000E-03    8.0117814685E-01    3.3600509287E-01   -1.8403410362E+02    3.0682997614E-02
    1.2239980000E-03    6.5588164013E-01    1.4964741049E-01   -1.8476432007E+02    3.7829162572E-02
    1.2279980000E-03    6.1887298096E-01   -9.8990791770E-02   -1.8555022880E+02    4.1570965490E-02
    1.2319980000E-03    7.1772899751E-01   -3.2738681189E-01   -1.8632136410E+02    4.0710867735E-02
    1.2359980000E-03    9.1178413662E-01   -4.4689326527E-01   -1.8701149703E+02    3.7298431147E-02
    1.2399980000E-03    1.1096793087E+00   -4.0911392003E-01   -1.8761542881E+02    3.4821344616E-02
    1.2439980000E-03    1.2302614458E+00   -2.3162971705E-01   -1.8814994444E+02    3.6269451982E-02
    1.2479980000E-03    1.2566762604E+00    3.1599725724E-02   -1.8864255208E+02    3.8142085662E-02
    1.2519980000E-03    1.1965960864E+00    2.7418310982E-01   -1.8914714882E+02    3.3926013772E-02
    1.2559980000E-03    1.0469656046E+00    4.0498781310E-01   -1.8970987196E+02    3.1685996769E-02
    1.2599980000E-03    8.5620408306E-01    3.7968601428E-01   -1.9035293419E+02    3.2592785111E-02
    1.2639980000E-03    7.1883096392E-01    2.1740884652E-01   -1.9107972277E+02    3.3469992466E-02
    1.2679980000E-03    7.0648474292E-01   -3.8455446992E-03   -1.9184629169E+02    3.2212934666E-02
    1.2719980000E-03    8.0980491546E-01   -1.9159370756E-01   -1.9258077619E+02    2.8976155550E-02
    1.2759980000E-03    9.6610192012E-01   -2.7646962991E-01   -1.9325062727E+02    2.4899216291E-02
    1.2799980000E-03    1.0991418636E+00   -2.5392687237E-01   -1.9385218725E+02    2.0548430968E-02
    1.2839980000E-03    1.1796159278E+00   -1.7558473307E-01   -1.9439973141E+02    1.6134091500E-02
    1.2879980000E-03    1.2085543564E+00   -6.3248954692E-02   -1.9491737429E+02    1.3176885541E-02
    1.2919980000E-03    1.1867740044E+00    6.2612254876E-02   -1.9543081526E+02    1.3072188907E-02
    1.2959980000E-03    1.1146302552E+00    1.6381306611E-01   -1.9597743730E+02    1.3641261164E-02
    1.2999980000E-03    9.8965589257E-01    1.9530416824E-01   -1.9658432739E+02    1.3408477746E-02
    1.3039980000E-03    8.5153052190E-01    1.1220272699E-01   -1.9725814087E+02    1.2955290661E-02
    1.3079980000E-03    7.8304764881E-01   -6.1098778899E-02   -1.9798538947E+02    1.2670074820E-02
    1.3119980000E-03    8.3201725222E-01   -2.3972774384E-01   -1.9872142791E+02    1.2213773292E-02
    1.3159980000E-03    9.7488264338E-01   -3.3160786990E-01   -1.9940591792E+02    1.2121588826E-02
    1.3199980000E-03    1.1314169125E+00   -2.8011997900E-01   -2.0001181525E+02    1.4112064704E-02
    1.3239980000E-03    1.2263812562E+00   -1.0114074246E-01   -2.0054744946E+02    1.8291962668E-02
    1.3279980000E-03    1.2409603927E+00    1.3478087241E-01   -2.0104568584E+02    2.0190889112E-02
    1.3319980000E-03    1.1734748039E+00    3.3143981240E-01   -2.0155903937E+02    2.0489802778E-02
    1.3359980000E-03    1.0198670400E+00    4.3055869218E-01   -2.0212572125E+02    2.4597982297E-02
    1.3399980000E-03    8.1754208806E-01    3.9487213172E-01   -2.0276404950E+02    3.1617954417E-02
    1.3439980000E-03    6.5058676567E-01    2.1845032820E-01   -2.0348676592E+02    3.8164512426E-02
    1.3479980000E-03    5.9506608720E-01   -3.4657893347E-02   -2.0427578247E+02    4.1073426826E-02
    1.3519980000E-03    6.7519296213E-01   -2.8007930538E-01   -2.0505831090E+02    3.8926389266E-02
    1.3559980000E-03    8.6061526019E-01   -4.3027931913E-01   -2.0576478153E+02    3.3496158821E-02
    1.3599980000E-03    1.0648008221E+00   -4.3005196983E-01   -2.0638510074E+02    2.8345130896E-02
    1.3639980000E-03    1.2048313252E+00   -2.9016534885E-01   -2.0693464453E+02    2.6912050825E-02
    1.3679980000E-03    1.2517582150E+00   -5.6394141506E-02   -2.0743569693E+02    2.8284964014E-02
    1.3719980000E-03    1.2144396831E+00    1.8990903582E-01   -2.0793521879E+02    2.5068620275E-02
    1.3759980000E-03    1.0915795763E+00    3.4759299848E-01   -2.0848391008E+02    2.1496240899E-02
    1.3799980000E-03    9.1636624392E-01    3.6017312506E-01   -2.0910955059E+02    2.1008638498E-02
    1.3839980000E-03    7.7669543309E-01    2.3148654333E-01   -2.0981598849E+02    2.1808795288E-02
    1.3879980000E-03    7.4869216985E-01    3.1110381549E-02   -2.1056739640E+02    2.1702394292E-02
    1.3919980000E-03    8.3919866139E-01   -1.4567195534E-01   -2.1129638356E+02    2.0755610659E-02
    1.3959980000E-03    9.8678238853E-01   -2.2251953899E-01   -2.1196523330E+02    1.9463317310E-02
    1.3999980000E-03    1.1108539930E+00   -1.9122178393E-01   -2.1256630112E+02    1.7393937166E-02
    1.4039980000E-03    1.1825547544E+00   -1.0186566343E-01   -2.1311006566E+02    1.4478544705E-02
    1.4079980000E-03    1.2061054124E+00    1.1018939961E-02   -2.1362345856E+02    1.3094508424E-02
    1.4119980000E-03    1.1792499019E+00    1.2137511429E-01   -2.1413824340E+02    1.5033218367E-02
    1.4159980000E-03    1.1040003273E+00    2.0596036486E-01   -2.1468455707E+02    1.8326380612E-02
    1.4199980000E-03    9.7653685576E-01    2.3190329237E-01   -2.1528831506E+02    2.0852713844E-02
    1.4239980000E-03    8.2785315540E-01    1.4880947391E-01   -2.1596002355E+02    2.2685988890E-02
    1.4279980000E-03    7.3795348257E-01   -3.2941792926E-02   -2.1669214929E+02    2.4080124950E-02
    1.4319980000E-03    7.6776185953E-01   -2.3713074839E-01   -2.1744657054E+02    2.4352963242E-02
    1.4359980000E-03    9.1055429489E-01   -3.6869656925E-01   -2.1815456870E+02    2.3477053904E-02
    1.4399980000E-03    1.0891264657E+00   -3.5787549896E-01   -2.1878069651E+02    2.3744877912E-02
    1.4439980000E-03    1.2146349953E+00   -2.0031481544E-01   -2.1932957948E+02    2.7190713519E-02
    1.4479980000E-03    1.2533670081E+00    4.8666191288E-02   -2.1982861813E+02    3.0504195460E-02
    1.4519980000E-03    1.2072131459E+00    2.8722798697E-01   -2.2032869396E+02    2.8821950272E-02
    1.4559980000E-03    1.0671216291E+00    4.3075811894E-01   -2.2087735287E+02    2.9776078390E-02
    1.4599980000E-03    8.6229530449E-01    4.3255184835E-01   -2.2149728208E+02    3.4451182593E-02
    1.4639980000E-03    6.7694417490E-01    2.8304621635E-01   -2.2220400772E+02    3.9376648884E-02
    1.4679980000E-03    5.9776496488E-01    3.8463430753E-02   -2.2298658160E+02    4.1042170856E-02
    1.4719980000E-03    6.5418384535E-01   -2.1327787748E-01   -2.2377417755E+02    3.7676920022E-02
    1.4759980000E-03    8.1979021867E-01   -3.8839653042E-01   -2.2449589483E+02    3.0818712086E-02
    1.4799980000E-03    1.0192358645E+00   -4.2471429979E-01   -2.2513447692E+02    2.3580100764E-02
    1.4839980000E-03    1.1705283598E+00   -3.3061903045E-01   -2.2570241718E+02    1.9068322836E-02
    1.4879980000E-03    1.2382792484E+00   -1.4153433541E-01   -2.2621760526E+02    1.8285988172E-02
    1.4919980000E-03    1.2254406277E+00    8.8071889975E-02   -2.2671707086E+02    1.6411457114E-02
    1.4959980000E-03    1.1340239216E+00    2.6560968898E-01   -2.2725299175E+02    1.2273093678E-02
    1.4999980000E-03    9.8180107252E-01    3.1921464124E-01   -2.2785789133E+02    1.0004587441E-02
    1.5039980000E-03    8.4192013572E-01    2.3106214147E-01   -2.2854010746E+02    9.8184078814E-03
    1.5079980000E-03    7.9344043304E-01    5.6470869488E-02   -2.2927278904E+02    1.0217893571E-02
    1.5119980000E-03    8.6001772017E-01   -1.1346421001E-01   -2.2999751770E+02    1.0659553788E-02
    1.5159980000E-03    9.9610324856E-01   -1.9354290239E-01   -2.3067000721E+02    1.1561426318E-02
    1.5199980000E-03    1.1199974358E+00   -1.5796526798E-01   -2.3127582258E+02    1.2371463239E-02
    1.5239980000E-03    1.1907782213E+00   -5.0993586458E-02   -2.3182149289E+02    1.2429008272E-02
    1.5279980000E-03    1.2099477612E+00    8.0292806464E-02   -2.3233478189E+02    1.3072114016E-02
    1.5319980000E-03    1.1775133472E+00    1.9451528267E-01   -2.3285393185E+02    1.6294571601E-02
    1.5359980000E-03    1.0924006283E+00    2.7090982173E-01   -2.3340411944E+02    2.0831893825E-02
    1.5399980000E-03    9.5429202766E-01    2.8829660996E-01   -2.3400880197E+02    2.5581890504E-02
    1.5439980000E-03    7.9647427717E-01    1.9588727659E-01   -2.3468231439E+02    3.0139677159E-02
    1.5479980000E-03    6.9553704510E-01    2.2147078205E-03   -2.3542087596E+02    3.3721078325E-02
    1.5519980000E-03    7.1165556659E-01   -2.2231880557E-01   -2.3619026958E+02    3.5077736110E-02
    1.5559980000E-03    8.5287020928E-01   -3.8585685170E-01   -2.3691739668E+02    3.4122645776E-02
    1.5599980000E-03    1.0462140890E+00   -4.1104376829E-01   -2.3755966943E+02    3.3023487143E-02
    1.5639980000E-03    1.1970240465E+00   -2.7982730561E-01   -2.3812183787E+02    3.5085615575E-02
    1.5679980000E-03    1.2573144665E+00   -3.6457261009E-02   -2.3862608825E+02    3.9248405735E-02
    1.5719980000E-03    1.2308518236E+00    2.2844084339E-01   -2.3911845361E+02    3.7242765485E-02
    1.5759980000E-03    1.1102851662E+00    4.0700180362E-01   -2.3965305425E+02    3.5479604389E-02
    1.5799980000E-03    9.1292404350E-01    4.4479524477E-01   -2.4025765069E+02    3.7600740239E-02
    1.5839980000E-03    7.2087468982E-01    3.2519708785E-01   -2.4094879127E+02    4.0641265950E-02
    1.5879980000E-03    6.2536224053E-01    9.8238298405E-02   -2.4171963071E+02    4.1163899723E-02
    1.5919980000E-03    6.6532545143E-01   -1.4707191679E-01   -2.4250250978E+02    3.7301030829E-02
    1.5959980000E-03    8.1025526905E-01   -3.2851761267E-01   -2.4322947693E+02    3.0286317186E-02
    1.5999980000E-03    9.9400315856E-01   -3.8486174080E-01   -2.4387914974E+02    2.2828179249E-02
    1.6039980000E-03    1.1384746012E+00   -3.2963189258E-01   -2.4446104048E+02    1.6887429343E-02
    1.6079980000E-03    1.2167759162E+00   -1.9622953197E-01   -2.4499356154E+02    1.3366416738E-02
    1.6119980000E-03    1.2251784740E+00   -1.1212281569E-02   -2.4550054234E+02    1.1497263590E-02
    1.6159980000E-03    1.1656868691E+00    1.6216274991E-01   -2.4602996539E+02    8.3053705364E-03
    1.6199980000E-03    1.0429398171E+00    2.4905453995E-01   -2.4661751915E+02    5.0019734586E-03
    1.6239980000E-03    9.0573496897E-01    2.0414273549E-01   -2.4727596752E+02    3.0126712818E-03
    1.6279980000E-03    8.3148076507E-01    5.7032391596E-02   -2.4798930194E+02    2.3806910250E-03
    1.6319980000E-03    8.6103706096E-01   -1.1166256138E-01   -2.4871330683E+02    2.7866601394E-03
    1.6359980000E-03    9.7662962830E-01   -2.1326458312E-01   -2.4939956346E+02    4.3649006193E-03
    1.6399980000E-03    1.1108392644E+00   -1.9184838200E-01   -2.5002167856E+02    7.0026108985E-03
    1.6439980000E-03    1.1980159903E+00   -6.6157881279E-02   -2.5057841621E+02    9.7587640882E-03
    1.6479980000E-03    1.2228307009E+00    1.0098346462E-01   -2.5109351168E+02    1.1852453680E-02
    1.6519980000E-03    1.1858698054E+00    2.4714876508E-01   -2.5161095712E+02    1.4775334028E-02
    1.6559980000E-03    1.0868857529E+00    3.3659767847E-01   -2.5216275056E+02    1.9558598457E-02
    1.6599980000E-03    9.3065935524E-01    3.5083799308E-01   -2.5276940961E+02    2.5727006224E-02
    1.6639980000E-03    7.5932615980E-01    2.4643737662E-01   -2.5344751532E+02    3.2447401467E-02
    1.6679980000E-03    6.5359953339E-01    3.7347235288E-02   -2.5419668753E+02    3.7765020300E-02
    1.6719980000E-03    6.6596267745E-01   -2.0380826670E-01   -2.5497935827E+02    3.9805771216E-02
    1.6759980000E-03    8.0796129013E-01   -3.8958268291E-01   -2.5571913532E+02    3.8421537876E-02
    1.6799980000E-03    1.0103972640E+00   -4.4004455433E-01   -2.5637136459E+02    3.5979550762E-02
    1.6839980000E-03    1.1781958240E+00   -3.3186365540E-01   -2.5694275984E+02    3.6248013417E-02
    1.6879980000E-03    1.2542615914E+00   -1.0343369307E-01   -2.5745324010E+02    3.9796230470E-02
    1.6919980000E-03    1.2416816510E+00    1.6884279888E-01   -2.5794313838E+02    3.8563229974E-02
    1.6959980000E-03    1.1380460333E+00    3.6822169218E-01   -2.5846922460E+02    3.5112558561E-02
    1.6999980000E-03    9.5381683637E-01    4.3140887291E-01   -2.5906449251E+02    3.5291182051E-02
    1.7039980000E-03    7.6595528359E-01    3.3588874189E-01   -2.5974514482E+02    3.7169172017E-02
    1.7079980000E-03    6.6746228577E-01    1.2828512772E-01   -2.6050342512E+02    3.7334258949E-02
    1.7119980000E-03    7.0280254305E-01   -1.0215335832E-01   -2.6127435996E+02    3.4471858480E-02
    1.7159980000E-03    8.3617438015E-01   -2.7156467546E-01   -2.6199459730E+02    2.9443357966E-02
    1.7199980000E-03    1.0020482200E+00   -3.2423188684E-01   -2.6264342256E+02    2.3828633053E-02
    1.7239980000E-03    1.1288768032E+00   -2.8043442541E-01   -2.6322642346E+02    1.8648212826E-02
    1.7279980000E-03    1.1995517384E+00   -1.8290325738E-01   -2.6376391768E+02    1.4305184813E-02
    1.7319980000E-03    1.2142752717E+00   -4.4328131742E-02   -2.6427733232E+02    1.1809557132E-02
    1.7359980000E-03    1.1740479831E+00    9.6834627135E-02   -2.6480041852E+02    1.0571209344E-02
    1.7399980000E-03    1.0767568875E+00    1.8900480458E-01   -2.6537149365E+02    8.8352097681E-03
    1.7439980000E-03    9.4027190055E-01    1.7715019474E-01   -2.6600869890E+02    6.9166217621E-03
    1.7479980000E-03    8.3422508206E-01    5.1100211004E-02   -2.6670656625E+02    5.6227656021E-03
    1.7519980000E-03    8.2449085635E-01   -1.2544221265E-01   -2.6743628212E+02    5.2228583666E-03
    1.7559980000E-03    9.2047057664E-01   -2.6052345931E-01   -2.6814431056E+02    5.4922316783E-03
    1.7599980000E-03    1.0689913820E+00   -2.7736524301E-01   -2.6878747246E+02    7.2500114480E-03
    1.7639980000E-03    1.1879989442E+00   -1.5871805353E-01   -2.6935701168E+02    1.0832725036E-02
    1.7679980000E-03    1.2358674863E+00    4.2868347348E-02   -2.6987312954E+02    1.4173216936E-02
    1.7719980000E-03    1.2099645480E+00    2.4287245670E-01   -2.7037761564E+02    1.5304466140E-02
    1.7759980000E-03    1.1056325870E+00    3.7512212747E-01   -2.7091881601E+02    1.8760351019E-02
    1.7799980000E-03    9.3382605009E-01    4.0672532039E-01   -2.7151882160E+02    2.5231145089E-02
    1.7839980000E-03    7.4434115038E-01    3.0644782431E-01   -2.7219346987E+02    3.3018130608E-02
    1.7879980000E-03    6.2374118143E-01    9.0418450775E-02   -2.7294679483E+02    3.9343955390E-02
    1.7919980000E-03    6.2576523085E-01   -1.6418482160E-01   -2.7373993376E+02    4.1329711275E-02
    1.7959980000E-03    7.6030524616E-01   -3.7300874151E-01   -2.7449298351E+02    3.8855536048E-02
    1.7999980000E-03    9.6603568663E-01   -4.5289717832E-01   -2.7515810056E+02    3.4662703005E-02
    1.8039980000E-03    1.1491086618E+00   -3.7555939052E-01   -2.7574170619E+02    3.2537928067E-02
    1.8079980000E-03    1.2439541497E+00   -1.7280834847E-01   -2.7626207268E+02    3.4360555193E-02
    1.8119980000E-03    1.2480429730E+00    9.3551549551E-02   -2.7675262503E+02    3.4400651517E-02
    1.8159980000E-03    1.1649742373E+00    3.1100259837E-01   -2.7726980412E+02    3.0040639156E-02
    1.8199980000E-03    9.9969008076E-01    4.0294173548E-01   -2.7785294486E+02    2.8549242817E-02
    1.8239980000E-03    8.1850147989E-01    3.3763367142E-01   -2.7851936939E+02    2.9563156909E-02
    1.8279980000E-03    7.1503856717E-01    1.5395233012E-01   -2.7926147847E+02    2.9989166141E-02
    1.8319980000E-03    7.4170834646E-01   -6.0930182650E-02   -2.8002074029E+02    2.8440495224E-02
    1.8359980000E-03    8.6773370462E-01   -2.1733507852E-01   -2.8073436356E+02    2.5573874593E-02
    1.8399980000E-03    1.0207313523E+00   -2.6031284290E-01   -2.8138108311E+02    2.2207768757E-02
    1.8439980000E-03    1.1332673506E+00   -2.1169791856E-01   -2.8196200730E+02    1.8367927140E-02
    1.8479980000E-03    1.1945161976E+00   -1.2008098125E-01   -2.8249556467E+02    1.4449801978E-02
    1.8519980000E-03    1.2049824200E+00   -3.2899925017E-03   -2.8300757146E+02    1.2840540124E-02
    1.8559980000E-03    1.1661123719E+00    1.1241848331E-01   -2.8352729991E+02    1.4155907874E-02
    1.8599980000E-03    1.0766223258E+00    1.9252753838E-01   -2.8409037974E+02    1.5455888006E-02
    1.8639980000E-03    9.3883086564E-01    1.8978862110E-01   -2.8471781677E+02    1.5918346568E-02
    1.8679980000E-03    8.0921740912E-01    7.1093758080E-02   -2.8541104433E+02    1.6010515126E-02
    1.8719980000E-03    7.6918272162E-01   -1.1867826343E-01   -2.8615096503E+02    1.6021734818E-02
    1.8759980000E-03    8.5081302253E-01   -2.8816463346E-01   -2.8688274244E+02    1.5472401474E-02
    1.8799980000E-03    1.0112655778E+00   -3.4957197865E-01   -2.8754962619E+02    1.5395956068E-02
    1.8839980000E-03    1.1622641510E+00   -2.6165720484E-01   -2.8813585764E+02    1.7794489793E-02
    1.8879980000E-03    1.2397579107E+00   -5.6281223156E-02   -2.8865705809E+02    2.2090181022E-02
    1.8919980000E-03    1.2352707266E+00    1.8661478394E-01   -2.8915204182E+02    2.2720729043E-02
    1.8959980000E-03    1.1443264660E+00    3.7048679394E-01   -2.8967498142E+02    2.3131875737E-02
    1.8999980000E-03    9.6927943030E-01    4.4194287568E-01   -2.9025772256E+02    2.7636260990E-02
    1.9039980000E-03    7.6416690362E-01    3.6767531344E-01   -2.9091743131E+02    3.4466815834E-02
    1.9079980000E-03    6.2067497846E-01    1.6140357614E-01   -2.9166316167E+02    3.9732758508E-02
    1.9119980000E-03    6.0211957982E-01   -9.8181486215E-02   -2.9245991381E+02    4.0633922814E-02
    1.9159980000E-03    7.1628573713E-01   -3.2751372098E-01   -2.9322593214E+02    3.6699681374E-02
    1.9199980000E-03    9.1529960602E-01   -4.4078765105E-01   -2.9390847092E+02    3.0276956625E-02
    1.9239980000E-03    1.1071972599E+00   -4.0355515625E-01   -2.9450934664E+02    2.5247200553E-02
    1.9279980000E-03    1.2225990297E+00   -2.4034426158E-01   -2.9504485621E+02    2.4260422661E-02
    1.9319980000E-03    1.2478196428E+00   -3.4783785106E-05   -2.9554117382E+02    2.4771904500E-02
    1.9359980000E-03    1.1905145074E+00    2.2732975552E-01   -2.9605033575E+02    2.0756368321E-02
    1.9399980000E-03    1.0522142812E+00    3.5121518270E-01   -2.9661718239E+02    1.7745856720E-02
    1.9439980000E-03    8.8192979915E-01    3.2586506208E-01   -2.9726374769E+02    1.7561030123E-02
    1.9479980000E-03    7.7023722832E-01    1.7430014214E-01   -2.9798466025E+02    1.8226475818E-02
    1.9519980000E-03    7.7781898435E-01   -2.3371081261E-02   -2.9873199025E+02    1.8125231138E-02
    1.9559980000E-03    8.9106371267E-01   -1.7231060651E-01   -2.9944299295E+02    1.7731083970E-02
    1.9599980000E-03    1.0365460127E+00   -2.0979488254E-01   -3.0009046333E+02    1.6954250690E-02
    1.9639980000E-03    1.1427237106E+00   -1.5088576431E-01   -3.0067117261E+02    1.5350947125E-02
    1.9679980000E-03    1.1970455316E+00   -4.5879500092E-02   -3.0120075442E+02    1.3188874711E-02
    1.9719980000E-03    1.2029382184E+00    7.1816964561E-02   -3.0171126510E+02    1.3428401499E-02
    1.9759980000E-03    1.1581005478E+00    1.7354420471E-01   -3.0223449587E+02    1.6676850076E-02
    1.9799980000E-03    1.0636484483E+00    2.4071854479E-01   -3.0279792823E+02    2.0319068235E-02
    1.9839980000E-03    9.2003037077E-01    2.3307693361E-01   -3.0342363824E+02    2.3313692942E-02
    1.9879980000E-03    7.7875990819E-01    1.0999155527E-01   -3.0411737261E+02    2.5835899512E-02
    1.9919980000E-03    7.1854489521E-01   -9.3073013083E-02   -3.0486576184E+02    2.7538849743E-02
    1.9959980000E-03    7.8657823280E-01   -2.9164283686E-01   -3.0561781315E+02    2.7525710596E-02
    1.9999980000E-03    9.5261807023E-01   -3.9309572973E-01   -3.0630632551E+02    2.6496738308E-02
