 sig=    1.000000000000000      inputfile=
 /home/rjrj524/Finished/vmec_gc_tracer/revised_251128/nc/wout_pwO_nfp2_A6.nc                                                                                                                             
 dt=   2.0000000000000001E-009
 steps=      1000000
 x0=   4.0000000000000001E-002    3.080000000000000      
    6.410000000000000     
 u=    96700.00000000000     
 v_perp=    222000.0000000000     
 
time(s)         x0(1)       x0(2)        x0(3)      r
    3.9980000000E-06    1.2404316995E+00   -1.6831643999E-01    6.7068844131E+00    4.4678397417E-02
    7.9980000000E-06    1.1906186230E+00   -2.9217914105E-01    7.0636970286E+00    5.1750172756E-02
    1.1998000000E-05    1.1007170451E+00   -3.7272419285E-01    7.4951639655E+00    5.8571531450E-02
    1.5998000000E-05    9.8913970712E-01   -3.7453100804E-01    8.0032706365E+00    6.2901043310E-02
    1.9998000000E-05    9.0377555409E-01   -2.9209279099E-01    8.5698749349E+00    6.3790931498E-02
    2.3998000000E-05    8.8435829671E-01   -1.6149462528E-01    9.1556421058E+00    6.2010458794E-02
    2.7998000000E-05    9.3028407595E-01   -3.4554232934E-02    9.7174247612E+00    5.7882660369E-02
    3.1998000000E-05    1.0059809263E+00    4.8511272450E-02    1.0234834966E+01    5.1614394074E-02
    3.5998000000E-05    1.0750199296E+00    7.7311659634E-02    1.0697089174E+01    4.5612939701E-02
    3.9998000000E-05    1.1252548975E+00    6.9569148619E-02    1.1098180140E+01    4.1449083886E-02
    4.3998000000E-05    1.1565864519E+00    4.7966046936E-02    1.1445210829E+01    3.9764087801E-02
    4.7998000000E-05    1.1749210081E+00    2.3220528605E-02    1.1747716453E+01    4.0166666393E-02
    5.1998000000E-05    1.1853196484E+00   -9.7550748748E-04    1.2014465844E+01    4.1774765120E-02
    5.5998000000E-05    1.1909411276E+00   -2.1940181239E-02    1.2256086401E+01    4.3371651750E-02
    5.9998000000E-05    1.1930762636E+00   -3.8441264683E-02    1.2485077540E+01    4.3303038814E-02
    6.3998000000E-05    1.1906806568E+00   -5.1595477217E-02    1.2713371119E+01    4.1095059725E-02
    6.7998000000E-05    1.1823537907E+00   -6.6914075906E-02    1.2954019586E+01    3.7962741518E-02
    7.1998000000E-05    1.1682555727E+00   -8.6575226495E-02    1.3218769619E+01    3.3539589435E-02
    7.5998000000E-05    1.1465418892E+00   -1.0834090571E-01    1.3517793245E+01    2.9813005948E-02
    7.9998000000E-05    1.1131346616E+00   -1.2594143212E-01    1.3859362003E+01    2.8455497780E-02
    8.3998000000E-05    1.0634020134E+00   -1.2989976659E-01    1.4252210961E+01    2.9640246640E-02
    8.7998000000E-05    9.9474118527E-01   -1.0363599011E-01    1.4704458472E+01    3.3156913655E-02
    9.1998000000E-05    9.1808072544E-01   -2.7590797217E-02    1.5215189709E+01    3.7697150329E-02
    9.5998000000E-05    8.6369627832E-01    9.6045659750E-02    1.5773763684E+01    4.0971361670E-02
    9.9998000000E-05    8.6667552186E-01    2.3535216048E-01    1.6361522354E+01    4.2626341606E-02
    1.0399800000E-04    9.3578782080E-01    3.4295365129E-01    1.6939718160E+01    4.2705268516E-02
    1.0799800000E-04    1.0442203989E+00    3.7902431493E-01    1.7467315006E+01    4.0750024549E-02
    1.1199800000E-04    1.1463149695E+00    3.3498894589E-01    1.7923280860E+01    3.6807438246E-02
    1.1599800000E-04    1.2134053267E+00    2.3727308770E-01    1.8305926752E+01    3.2028195636E-02
    1.1999800000E-04    1.2445743076E+00    1.1797508598E-01    1.8625051827E+01    2.7674836090E-02
    1.2399800000E-04    1.2515718259E+00   -4.1199798834E-03    1.8903011732E+01    2.6043089482E-02
    1.2799800000E-04    1.2403134688E+00   -1.2718271884E-01    1.9185918134E+01    2.8797204228E-02
    1.3199800000E-04    1.2026060667E+00   -2.4601122741E-01    1.9517395919E+01    3.4172064731E-02
    1.3599800000E-04    1.1281094916E+00   -3.3667183543E-01    1.9917114959E+01    3.9984514124E-02
    1.3999800000E-04    1.0242305825E+00   -3.6426512564E-01    2.0392703927E+01    4.4611883935E-02
    1.4399800000E-04    9.2733872880E-01   -3.0948711243E-01    2.0935594385E+01    4.6628795339E-02
    1.4799800000E-04    8.8137465074E-01   -1.9223364467E-01    2.1516625195E+01    4.6210987270E-02
    1.5199800000E-04    8.9990520734E-01   -5.7762470861E-02    2.2092989837E+01    4.3561328580E-02
    1.5599800000E-04    9.6254492539E-01    5.0089542420E-02    2.2635146900E+01    3.8636086385E-02
    1.5999800000E-04    1.0348902132E+00    1.0614178993E-01    2.3128616539E+01    3.3107174824E-02
    1.6399800000E-04    1.0959220533E+00    1.1478637919E-01    2.3561590774E+01    2.8797071606E-02
    1.6799800000E-04    1.1382380217E+00    9.8080777885E-02    2.3935737738E+01    2.6885521001E-02
    1.7199800000E-04    1.1649695961E+00    7.2752496228E-02    2.4260815570E+01    2.7348040364E-02
    1.7599800000E-04    1.1812609331E+00    4.6196575557E-02    2.4545809519E+01    2.9727026283E-02
    1.7999800000E-04    1.1910227049E+00    2.2420046714E-02    2.4800109099E+01    3.2511468273E-02
    1.8399800000E-04    1.1958981239E+00    2.8103006230E-03    2.5035671058E+01    3.3681558697E-02
    1.8799800000E-04    1.1952698788E+00   -1.4497480803E-02    2.5265590243E+01    3.3403910166E-02
    1.9199800000E-04    1.1890909125E+00   -3.4501508294E-02    2.5504185176E+01    3.1658772919E-02
    1.9599800000E-04    1.1777168586E+00   -5.8584406295E-02    2.5764327587E+01    2.8552350755E-02
    1.9999800000E-04    1.1590810850E+00   -8.4946667220E-02    2.6057416953E+01    2.6174381532E-02
    2.0399800000E-04    1.1290056841E+00   -1.0874383562E-01    2.6392344558E+01    2.5919688380E-02
    2.0799800000E-04    1.0824484736E+00   -1.2112844005E-01    2.6778311503E+01    2.8092333632E-02
    2.1199800000E-04    1.0176602206E+00   -1.0360105664E-01    2.7224368854E+01    3.2541185074E-02
    2.1599800000E-04    9.4479435667E-01   -3.5857799708E-02    2.7729453030E+01    3.7913766595E-02
    2.1999800000E-04    8.8850513614E-01    8.0757645226E-02    2.8280556044E+01    4.2295769026E-02
    2.2399800000E-04    8.8259646461E-01    2.1612791895E-01    2.8861535926E+01    4.4395643432E-02
    2.2799800000E-04    9.4117420848E-01    3.2481102572E-01    2.9438495291E+01    4.4371561450E-02
    2.3199800000E-04    1.0432036016E+00    3.6479785576E-01    2.9969677325E+01    4.1935126260E-02
    2.3599800000E-04    1.1434589414E+00    3.2385750709E-01    3.0430413530E+01    3.7165714556E-02
    2.3999800000E-04    1.2109600114E+00    2.2688708970E-01    3.0816291286E+01    3.1575173998E-02
    2.4399800000E-04    1.2430182954E+00    1.0753496884E-01    3.1136796023E+01    2.6678498911E-02
    2.4799800000E-04    1.2508937359E+00   -1.3745840945E-02    3.1414804352E+01    2.4708244842E-02
    2.5199800000E-04    1.2406951833E+00   -1.3458059834E-01    3.1696384229E+01    2.6953958277E-02
    2.5599800000E-04    1.2046354847E+00   -2.5121231994E-01    3.2024144915E+01    3.1484706321E-02
    2.5999800000E-04    1.1318892948E+00   -3.4222700472E-01    3.2417400759E+01    3.6263922401E-02
    2.6399800000E-04    1.0271953485E+00   -3.7441744608E-01    3.2884812480E+01    4.0051945773E-02
    2.6799800000E-04    9.2339987511E-01   -3.2568016733E-01    3.3421684808E+01    4.1759243674E-02
    2.7199800000E-04    8.6523258673E-01   -2.1056082827E-01    3.4003416510E+01    4.1472324249E-02
    2.7599800000E-04    8.7320533097E-01   -7.1651187640E-02    3.4587578269E+01    3.9550713500E-02
    2.7999800000E-04    9.3292841862E-01    4.5341718314E-02    3.5139059151E+01    3.5812162121E-02
    2.8399800000E-04    1.0088106591E+00    1.1256067188E-01    3.5641542705E+01    3.1150551248E-02
    2.8799800000E-04    1.0744351241E+00    1.3187861639E-01    3.6084562561E+01    2.7794637518E-02
    2.9199800000E-04    1.1212582086E+00    1.2378919351E-01    3.6468862771E+01    2.6828969671E-02
    2.9599800000E-04    1.1524490453E+00    1.0388010733E-01    3.6803195214E+01    2.8390560387E-02
    2.9999800000E-04    1.1725507464E+00    8.1121762191E-02    3.7096187945E+01    3.2147208494E-02
    3.0399800000E-04    1.1854723870E+00    6.1065390257E-02    3.7356379078E+01    3.6232540067E-02
    3.0799800000E-04    1.1926154694E+00    4.5203995808E-02    3.7594427729E+01    3.8922931299E-02
    3.1199800000E-04    1.1938666626E+00    3.0649454848E-02    3.7822747503E+01    4.0677179508E-02
    3.1599800000E-04    1.1907192819E+00    1.2267031779E-02    3.8054534244E+01    4.0151022110E-02
    3.1999800000E-04    1.1837687184E+00   -1.0352908716E-02    3.8302119611E+01    3.8330081359E-02
    3.2399800000E-04    1.1712754835E+00   -3.5763412415E-02    3.8577842726E+01    3.6799925828E-02
    3.2799800000E-04    1.1496108458E+00   -6.0998515770E-02    3.8891782656E+01    3.6799057542E-02
    3.3199800000E-04    1.1132683161E+00   -8.1032357332E-02    3.9252766142E+01    3.9056333015E-02
    3.3599800000E-04    1.0574607272E+00   -8.1423918891E-02    3.9670646713E+01    4.3763907495E-02
    3.3999800000E-04    9.8557736014E-01   -3.8548003689E-02    4.0149697146E+01    4.9954330775E-02
    3.4399800000E-04    9.1478081069E-01    5.8780911631E-02    4.0680356978E+01    5.5806838030E-02
    3.4799800000E-04    8.8396389379E-01    1.9094300177E-01    4.1251086552E+01    5.9269707801E-02
    3.5199800000E-04    9.2093673810E-01    3.1367650434E-01    4.1835655766E+01    6.0346040617E-02
    3.5599800000E-04    1.0163394492E+00    3.7706052486E-01    4.2389279753E+01    5.8612932173E-02
    3.5999800000E-04    1.1249241019E+00    3.5421934520E-01    4.2878021991E+01    5.3546231678E-02
    3.6399800000E-04    1.2047274754E+00    2.6102872832E-01    4.3289215473E+01    4.6660421958E-02
    3.6799800000E-04    1.2452859284E+00    1.3405413155E-01    4.3628614203E+01    4.0074528644E-02
    3.7199800000E-04    1.2573054058E+00    4.5195457741E-04    4.3915567696E+01    3.6628361168E-02
    3.7599800000E-04    1.2500231723E+00   -1.3209090771E-01    4.4197378600E+01    3.8670478330E-02
    3.7999800000E-04    1.2164967727E+00   -2.5961959019E-01    4.4523733818E+01    4.3812943236E-02
    3.8399800000E-04    1.1438497907E+00   -3.6071288446E-01    4.4916350110E+01    4.9142862091E-02
    3.8799800000E-04    1.0343242268E+00   -4.0182251308E-01    4.5383941604E+01    5.3198599000E-02
    3.9199800000E-04    9.2095731793E-01   -3.5786902893E-01    4.5922824408E+01    5.4842117190E-02
    3.9599800000E-04    8.5277969800E-01   -2.4218594510E-01    4.6509367230E+01    5.4324063178E-02
    3.9999800000E-04    8.5695421044E-01   -9.9050768799E-02    4.7098844154E+01    5.2374789494E-02
    4.0399800000E-04    9.2128545529E-01    2.0957958354E-02    4.7651383738E+01    4.9299010199E-02
    4.0799800000E-04    1.0038868055E+00    8.7785475076E-02    4.8150508933E+01    4.5107899521E-02
    4.1199800000E-04    1.0711559621E+00    1.0751575716E-01    4.8589647454E+01    4.2031078292E-02
    4.1599800000E-04    1.1167404365E+00    1.0285384159E-01    4.8970962935E+01    4.1300041772E-02
    4.1999800000E-04    1.1464190530E+00    8.7600168982E-02    4.9303219499E+01    4.3096778003E-02
    4.2399800000E-04    1.1655336429E+00    6.8970962654E-02    4.9594444663E+01    4.7304933455E-02
    4.2799800000E-04    1.1780284248E+00    5.2669517470E-02    4.9852953762E+01    5.2359195293E-02
    4.3199800000E-04    1.1858808390E+00    4.1656505267E-02    5.0088739371E+01    5.5756810968E-02
    4.3599800000E-04    1.1885205410E+00    3.4195481985E-02    5.0312073466E+01    5.7866507196E-02
    4.3999800000E-04    1.1866806808E+00    2.4242266708E-02    5.0535167194E+01    5.8229610658E-02
    4.4399800000E-04    1.1820053804E+00    8.8655577059E-03    5.0768222354E+01    5.6152138017E-02
    4.4799800000E-04    1.1736598381E+00   -1.0488157419E-02    5.1022862102E+01    5.3811765556E-02
    4.5199800000E-04    1.1590019738E+00   -3.0925715622E-02    5.1309874478E+01    5.2352856810E-02
    4.5599800000E-04    1.1339411400E+00   -4.9267128930E-02    5.1637853666E+01    5.2719217768E-02
    4.5999800000E-04    1.0917411351E+00   -6.0674966356E-02    5.2014812590E+01    5.5475956019E-02
    4.6399800000E-04    1.0265798441E+00   -4.8800102761E-02    5.2450020490E+01    6.0395890912E-02
    4.6799800000E-04    9.4297870150E-01    1.1959027568E-02    5.2944906793E+01    6.6243822213E-02
    4.7199800000E-04    8.7623505771E-01    1.2877079920E-01    5.3492770514E+01    7.0500252623E-02
    4.7599800000E-04    8.7280525913E-01    2.6846712996E-01    5.4079001107E+01    7.3066045776E-02
    4.7999800000E-04    9.4486933144E-01    3.7672598310E-01    5.4663145319E+01    7.3453195629E-02
    4.8399800000E-04    1.0607303186E+00    4.0699490642E-01    5.5199130808E+01    7.0638661360E-02
    4.8799800000E-04    1.1669374420E+00    3.4883470060E-01    5.5662024414E+01    6.4522536939E-02
    4.9199800000E-04    1.2327872736E+00    2.3171026860E-01    5.6047633308E+01    5.7148071704E-02
    4.9599800000E-04    1.2597874625E+00    9.0824766183E-02    5.6365539249E+01    5.0865502435E-02
    4.9999800000E-04    1.2624853364E+00   -5.2851592930E-02    5.6646249184E+01    4.9872514323E-02
    5.0399800000E-04    1.2436720879E+00   -1.9557108845E-01    5.6949179353E+01    5.5099369888E-02
    5.0799800000E-04    1.1897448341E+00   -3.2226373574E-01    5.7314518704E+01    6.2346228045E-02
    5.1199800000E-04    1.0930900086E+00   -4.0067024964E-01    5.7755137969E+01    6.8911991971E-02
    5.1599800000E-04    9.7409818613E-01   -3.9623567030E-01    5.8272047796E+01    7.2654305610E-02
    5.1999800000E-04    8.8379783099E-01   -3.0609053568E-01    5.8846796818E+01    7.3050197684E-02
    5.2399800000E-04    8.6420310954E-01   -1.6897121247E-01    5.9438326539E+01    7.1072555140E-02
    5.2799800000E-04    9.1616850313E-01   -3.9953080112E-02    6.0000519935E+01    6.7449931833E-02
    5.3199800000E-04    1.0008175409E+00    3.8436823881E-02    6.0511498069E+01    6.2130379692E-02
    5.3599800000E-04    1.0733310642E+00    6.2294876147E-02    6.0964367387E+01    5.6902279451E-02
    5.3999800000E-04    1.1220407384E+00    5.5974825151E-02    6.1357259014E+01    5.3653457351E-02
    5.4399800000E-04    1.1514960135E+00    3.9586479580E-02    6.1698588020E+01    5.2812366513E-02
    5.4799800000E-04    1.1689051779E+00    2.0001710022E-02    6.1996814103E+01    5.4038313452E-02
    5.5199800000E-04    1.1790234285E+00    4.5589737643E-04    6.2259895286E+01    5.6520015978E-02
    5.5599800000E-04    1.1848595825E+00   -1.5700312820E-02    6.2497925359E+01    5.9125030466E-02
    5.5999800000E-04    1.1878649595E+00   -2.6514393306E-02    6.2722548131E+01    5.9830142886E-02
    5.6399800000E-04    1.1869201981E+00   -3.3435499578E-02    6.2943803551E+01    5.8195067723E-02
    5.6799800000E-04    1.1807878091E+00   -4.2620673914E-02    6.3173622856E+01    5.5585286293E-02
    5.7199800000E-04    1.1702932971E+00   -5.7293559499E-02    6.3422603133E+01    5.0836328157E-02
    5.7599800000E-04    1.1542795065E+00   -7.5621814453E-02    6.3700967108E+01    4.6205570543E-02
    5.7999800000E-04    1.1292337275E+00   -9.2618955733E-02    6.4017642058E+01    4.3686587399E-02
    5.8399800000E-04    1.0903335322E+00   -1.0205741315E-01    6.4380394023E+01    4.3694434703E-02
    5.8799800000E-04    1.0309648613E+00   -9.3678195076E-02    6.4798098426E+01    4.6122505841E-02
    5.9199800000E-04    9.5083777273E-01   -4.6043712807E-02    6.5276341684E+01    5.0300857464E-02
    5.9599800000E-04    8.7415310735E-01    5.7070186357E-02    6.5811046458E+01    5.3852216695E-02
    5.9999800000E-04    8.4611029149E-01    1.9766286592E-01    6.6391216081E+01    5.6239544490E-02
    6.0399800000E-04    8.9133204482E-01    3.2850976587E-01    6.6984611715E+01    5.7339221968E-02
    6.0799800000E-04    9.9541007762E-01    3.9964528977E-01    6.7543857675E+01    5.6460132377E-02
    6.1199800000E-04    1.1120316639E+00    3.8491676406E-01    6.8037249028E+01    5.3033279699E-02
    6.1599800000E-04    1.1986851419E+00    2.9835456017E-01    6.8454629036E+01    4.7780800651E-02
    6.1999800000E-04    1.2438921561E+00    1.7482335933E-01    6.8801814873E+01    4.2175412279E-02
    6.2399800000E-04    1.2580695877E+00    4.0901435799E-02    6.9094252945E+01    3.8607851880E-02
    6.2799800000E-04    1.2523545471E+00   -9.4034067144E-02    6.9373932626E+01    4.0433106020E-02
    6.3199800000E-04    1.2219430134E+00   -2.2661537494E-01    6.9694906023E+01    4.6577596629E-02
    6.3599800000E-04    1.1538954060E+00   -3.3476523247E-01    7.0084169458E+01    5.3709323315E-02
    6.3999800000E-04    1.0501384497E+00   -3.8271918967E-01    7.0550879984E+01    5.9645795179E-02
    6.4399800000E-04    9.4435056186E-01   -3.4410714853E-01    7.1088546752E+01    6.2371522041E-02
    6.4799800000E-04    8.8647474517E-01   -2.3388049395E-01    7.1669427386E+01    6.1986115282E-02
    6.5199800000E-04    8.9898475381E-01   -9.8907540392E-02    7.2248464082E+01    5.9185339502E-02
    6.5599800000E-04    9.6354245139E-01    1.1899918981E-02    7.2791704915E+01    5.3925547770E-02
    6.5999800000E-04    1.0385876438E+00    7.0062465392E-02    7.3286401694E+01    4.7526547960E-02
    6.6399800000E-04    1.0998113237E+00    7.9540772034E-02    7.3721445014E+01    4.2209891596E-02
    6.6799800000E-04    1.1412066956E+00    6.3266348561E-02    7.4097375801E+01    3.9174242011E-02
    6.7199800000E-04    1.1661214581E+00    3.9275356652E-02    7.4423638891E+01    3.8533375655E-02
    6.7599800000E-04    1.1805556996E+00    1.4070375055E-02    7.4709174183E+01    3.9663321294E-02
    6.7999800000E-04    1.1886300899E+00   -9.1803729088E-03    7.4963429732E+01    4.1451355071E-02
    6.8399800000E-04    1.1927206224E+00   -2.8516154846E-02    7.5198129888E+01    4.2578717385E-02
    6.8799800000E-04    1.1930157008E+00   -4.3332506443E-02    7.5425722815E+01    4.1311275935E-02
    6.9199800000E-04    1.1878304975E+00   -5.7377422374E-02    7.5658654714E+01    3.8818624019E-02
    6.9599800000E-04    1.1767778746E+00   -7.5292333483E-02    7.5909858385E+01    3.5006043387E-02
    6.9999800000E-04    1.1594244984E+00   -9.6878561835E-02    7.6190375788E+01    3.0713830023E-02
    7.0399800000E-04    1.1325285632E+00   -1.1800576879E-01    7.6509369221E+01    2.8133547457E-02
    7.0799800000E-04    1.0917117937E+00   -1.3077474981E-01    7.6875076252E+01    2.8100078005E-02
    7.1199800000E-04    1.0324740183E+00   -1.2289920111E-01    7.7296655804E+01    3.0563114704E-02
    7.1599800000E-04    9.5762144071E-01   -7.3911550438E-02    7.7778828317E+01    3.4894327900E-02
    7.1999800000E-04    8.8745320129E-01    2.7675237362E-02    7.8314638266E+01    3.9095865917E-02
    7.2399800000E-04    8.5809968730E-01    1.6413924128E-01    7.8890882588E+01    4.1557664759E-02
    7.2799800000E-04    8.9427320347E-01    2.9361022142E-01    7.9479277554E+01    4.2452885408E-02
    7.3199800000E-04    9.8758412599E-01    3.6930101109E-01    8.0036291979E+01    4.1552990058E-02
    7.3599800000E-04    1.0977516116E+00    3.6460310529E-01    8.0529884412E+01    3.8493030102E-02
    7.3999800000E-04    1.1840195537E+00    2.8983704463E-01    8.0948792797E+01    3.3956131417E-02
    7.4399800000E-04    1.2322231674E+00    1.7845863670E-01    8.1298416726E+01    2.9187229930E-02
    7.4799800000E-04    1.2500109061E+00    5.7045752167E-02    8.1592864521E+01    2.5827990363E-02
    7.5199800000E-04    1.2482904065E+00   -6.4662900714E-02    8.1866486400E+01    2.6338037407E-02
    7.5599800000E-04    1.2257927323E+00   -1.8695295191E-01    8.2169077854E+01    3.0638813709E-02
    7.5999800000E-04    1.1709546152E+00   -2.9554043711E-01    8.2531952186E+01    3.6326568255E-02
    7.6399800000E-04    1.0795788337E+00   -3.5975744004E-01    8.2967761716E+01    4.1702576359E-02
    7.6799800000E-04    9.7309943433E-01   -3.4751563820E-01    8.3477844382E+01    4.5089166689E-02
    7.7199800000E-04    8.9627746578E-01   -2.5792432550E-01    8.4043985020E+01    4.5860920272E-02
    7.7599800000E-04    8.8153501155E-01   -1.2620157860E-01    8.4628081310E+01    4.4419676931E-02
    7.7999800000E-04    9.2512573769E-01    5.1439246226E-04    8.5190743489E+01    4.0673597780E-02
    7.8399800000E-04    9.9616409607E-01    8.5285545574E-02    8.5711873639E+01    3.5274488418E-02
    7.8799800000E-04    1.0650195124E+00    1.1693453087E-01    8.6177548127E+01    3.0203145379E-02
    7.9199800000E-04    1.1174321297E+00    1.1106353121E-01    8.6581795450E+01    2.7073930200E-02
    7.9599800000E-04    1.1519019672E+00    8.9164234334E-02    8.6931668533E+01    2.6425055330E-02
    7.9999800000E-04    1.1733299265E+00    6.2745989653E-02    8.7236940233E+01    2.8030547040E-02
    8.0399800000E-04    1.1863528104E+00    3.7344391955E-02    8.7506274030E+01    3.0960022718E-02
    8.0799800000E-04    1.1939129189E+00    1.5682826812E-02    8.7750289767E+01    3.3246397885E-02
    8.1199800000E-04    1.1963409277E+00   -2.1710669954E-03    8.7981516256E+01    3.3647779423E-02
    8.1599800000E-04    1.1930094207E+00   -2.0398310498E-02    8.8213905016E+01    3.2959924413E-02
    8.1999800000E-04    1.1845897631E+00   -4.2628054155E-02    8.8461172559E+01    3.0392207901E-02
    8.2399800000E-04    1.1703859692E+00   -6.8370066020E-02    8.8735664106E+01    2.7498170692E-02
    8.2799800000E-04    1.1471148447E+00   -9.4427252949E-02    8.9047524886E+01    2.6164140089E-02
    8.3199800000E-04    1.1099957252E+00   -1.1466349179E-01    8.9405404597E+01    2.7140612528E-02
    8.3599800000E-04    1.0544845970E+00   -1.1604441798E-01    8.9819200295E+01    3.0597468183E-02
    8.3999800000E-04    9.8392907772E-01   -7.6398504827E-02    9.0294494795E+01    3.5793052581E-02
    8.4399800000E-04    9.1484574659E-01    1.6651716224E-02    9.0823171487E+01    4.1035716179E-02
    8.4799800000E-04    8.7892144747E-01    1.4713744339E-01    9.1391187499E+01    4.4376849965E-02
    8.5199800000E-04    9.0407304479E-01    2.7552815844E-01    9.1975514049E+01    4.5470441342E-02
    8.5599800000E-04    9.8849447091E-01    3.5480902483E-01    9.2534936823E+01    4.4330186283E-02
    8.5999800000E-04    1.0952686903E+00    3.5425692034E-01    9.3034110617E+01    4.0578982441E-02
    8.6399800000E-04    1.1816229474E+00    2.8104139982E-01    9.3458088515E+01    3.5106881075E-02
    8.6799800000E-04    1.2308318281E+00    1.6896290147E-01    9.3810607002E+01    2.9550837162E-02
    8.7199800000E-04    1.2495204933E+00    4.6663629008E-02    9.4106048398E+01    2.5706406278E-02
    8.7599800000E-04    1.2486154345E+00   -7.4652839082E-02    9.4379523936E+01    2.5878431586E-02
    8.7999800000E-04    1.2271276343E+00   -1.9545889266E-01    9.4680599940E+01    2.9603718950E-02
    8.8399800000E-04    1.1734857516E+00   -3.0325100063E-01    9.5039781775E+01    3.4419397326E-02
    8.8799800000E-04    1.0821922308E+00   -3.6952387720E-01    9.5469654269E+01    3.8842043660E-02
    8.9199800000E-04    9.7178678947E-01   -3.6195973998E-01    9.5973765559E+01    4.1611733500E-02
    8.9599800000E-04    8.8528151507E-01   -2.7589904790E-01    9.6537879006E+01    4.2226698526E-02
    8.9999800000E-04    8.5941976935E-01   -1.4247154339E-01    9.7126857512E+01    4.1104596710E-02
    9.0399800000E-04    8.9706865184E-01   -9.1224688939E-03    9.7698124531E+01    3.8366064906E-02
    9.0799800000E-04    9.6976111828E-01    8.4915159851E-02    9.8226742470E+01    3.3944852185E-02
    9.1199800000E-04    1.0429610610E+00    1.2640490221E-01    9.8700155174E+01    2.9770943461E-02
    9.1599800000E-04    1.0992770571E+00    1.2985437651E-01    9.9112959714E+01    2.7629817875E-02
    9.1999800000E-04    1.1377069114E+00    1.1499978145E-01    9.9471175538E+01    2.7998652128E-02
    9.2399800000E-04    1.1628791376E+00    9.3146763353E-02    9.9783942684E+01    3.0885456817E-02
    9.2799800000E-04    1.1791074300E+00    7.1737468277E-02    1.0005945034E+02    3.5203332817E-02
    9.3199800000E-04    1.1892611856E+00    5.4252342057E-02    1.0030723316E+02    3.8740729670E-02
    9.3599800000E-04    1.1934906684E+00    4.0233880708E-02    1.0053861222E+02    4.1070975908E-02
    9.3999800000E-04    1.1924678665E+00    2.4621360840E-02    1.0076679640E+02    4.1924344036E-02
    9.4399800000E-04    1.1877293999E+00    4.4009804150E-03    1.0100407507E+02    4.0547485764E-02
    9.4799800000E-04    1.1787160797E+00   -1.9509637247E-02    1.0126305431E+02    3.8754187229E-02
    9.5199800000E-04    1.1627424449E+00   -4.4908005128E-02    1.0155508202E+02    3.7841983427E-02
    9.5599800000E-04    1.1353478324E+00   -6.8416267815E-02    1.0188932380E+02    3.8840703852E-02
    9.5999800001E-04    1.0904831232E+00   -8.1990550134E-02    1.0227498923E+02    4.2293871640E-02
    9.6399800001E-04    1.0261912195E+00   -6.5457937953E-02    1.0272091181E+02    4.7888238383E-02
    9.6799800001E-04    9.5071187990E-01    2.4631209067E-03    1.0322499014E+02    5.4276760031E-02
    9.7199800001E-04    8.9254605105E-01    1.2021032007E-01    1.0377566092E+02    5.9113845964E-02
    9.7599800001E-04    8.9165969157E-01    2.5461317415E-01    1.0435798556E+02    6.1503166515E-02
    9.7999800001E-04    9.6017650710E-01    3.5543144211E-01    1.0493426904E+02    6.1410918937E-02
    9.8399800001E-04    1.0689351031E+00    3.7930215081E-01    1.0546108689E+02    5.8094209870E-02
    9.8799800001E-04    1.1678904102E+00    3.1882903475E-01    1.0591437509E+02    5.1818788017E-02
    9.9199800001E-04    1.2289940098E+00    2.0470245763E-01    1.0629109151E+02    4.4732697717E-02
    9.9599800001E-04    1.2543287023E+00    7.1226880844E-02    1.0660230580E+02    3.9087869078E-02
    9.9999800001E-04    1.2569288807E+00   -6.2950706176E-02    1.0687990183E+02    3.8239056714E-02
    1.0039980000E-03    1.2387299310E+00   -1.9580358242E-01    1.0717912038E+02    4.2348013775E-02
    1.0079980000E-03    1.1872760201E+00   -3.1505506403E-01    1.0753668846E+02    4.7935309105E-02
    1.0119980000E-03    1.0943600949E+00   -3.9215614124E-01    1.0796580106E+02    5.2941794903E-02
    1.0159980000E-03    9.7649260217E-01   -3.9295088488E-01    1.0847054764E+02    5.5925627334E-02
    1.0199980000E-03    8.7930619923E-01   -3.0973526993E-01    1.0903776618E+02    5.6433751926E-02
    1.0239980000E-03    8.4574789218E-01   -1.7384053315E-01    1.0963212661E+02    5.5114840980E-02
    1.0279980000E-03    8.8373894725E-01   -3.6400163472E-02    1.1020676269E+02    5.2576851452E-02
    1.0319980000E-03    9.6353968662E-01    5.8426885601E-02    1.1073345705E+02    4.8828836886E-02
    1.0359980000E-03    1.0411170658E+00    9.8668877497E-02    1.1120269401E+02    4.4834505197E-02
    1.0399980000E-03    1.0970364323E+00    1.0339630045E-01    1.1161164015E+02    4.2811511142E-02
    1.0439980000E-03    1.1335695072E+00    9.2349844513E-02    1.1196700960E+02    4.3241948937E-02
    1.0479980000E-03    1.1571239331E+00    7.4716008807E-02    1.1227750223E+02    4.6210363520E-02
    1.0519980000E-03    1.1722466312E+00    5.6675592737E-02    1.1255094306E+02    5.1078518160E-02
    1.0559980000E-03    1.1821824783E+00    4.2870458949E-02    1.1279655113E+02    5.5592784024E-02
    1.0599980000E-03    1.1875561413E+00    3.4359734978E-02    1.1302448210E+02    5.7974230645E-02
    1.0639980000E-03    1.1877191987E+00    2.6948685073E-02    1.1324585518E+02    5.9504695103E-02
    1.0679980000E-03    1.1843203537E+00    1.4878276333E-02    1.1347217261E+02    5.8329584040E-02
    1.0719980000E-03    1.1779998864E+00   -2.2497003873E-03    1.1371379297E+02    5.5763152586E-02
    1.0759980000E-03    1.1669538513E+00   -2.2214801085E-02    1.1398234473E+02    5.3520852911E-02
    1.0799980000E-03    1.1479654804E+00   -4.1636119315E-02    1.1428755950E+02    5.2679072415E-02
    1.0839980000E-03    1.1157714214E+00   -5.7291582294E-02    1.1463720962E+02    5.4004425916E-02
    1.0879980000E-03    1.0631277619E+00   -6.0443574301E-02    1.1504015296E+02    5.7710476824E-02
    1.0919980000E-03    9.8701899625E-01   -2.8630419570E-02    1.1550372831E+02    6.3231705491E-02
    1.0959980000E-03    9.0427332259E-01    6.0008766279E-02    1.1602413353E+02    6.8344986325E-02
    1.0999980000E-03    8.6293773069E-01    1.9402029921E-01    1.1659365655E+02    7.1741652024E-02
    1.1039980000E-03    8.9613803466E-01    3.2658453489E-01    1.1718575799E+02    7.3386783217E-02
    1.1079980000E-03    9.9516668152E-01    4.0336077947E-01    1.1775254884E+02    7.2444045032E-02
    1.1119980000E-03    1.1131901846E+00    3.9141208803E-01    1.1825677244E+02    6.8040129582E-02
    1.1159980000E-03    1.2026162994E+00    3.0149673843E-01    1.1868354009E+02    6.1156844438E-02
    1.1199980000E-03    1.2491763699E+00    1.6978273076E-01    1.1903643638E+02    5.3968506537E-02
    1.1239980000E-03    1.2634004745E+00    2.6350817186E-02    1.1933130695E+02    4.9575533487E-02
    1.1279980000E-03    1.2571643425E+00   -1.1742011296E-01    1.1961480872E+02    5.1803795997E-02
    1.1319980000E-03    1.2241795973E+00   -2.5616002898E-01    1.1994376731E+02    5.8516947148E-02
    1.1359980000E-03    1.1503643348E+00   -3.6547745581E-01    1.2034286249E+02    6.5782976900E-02
    1.1399980000E-03    1.0388757969E+00   -4.0910213553E-01    1.2081983315E+02    7.1383057065E-02
    1.1439980000E-03    9.2671765370E-01   -3.6260793676E-01    1.2136703639E+02    7.3538592928E-02
    1.1479980000E-03    8.6669223758E-01   -2.4452075580E-01    1.2195555762E+02    7.2693067935E-02
    1.1519980000E-03    8.8333090876E-01   -1.0490169161E-01    1.2253750891E+02    6.9839934594E-02
    1.1559980000E-03    9.5715012485E-01    3.4737511740E-03    1.2307662714E+02    6.5318699219E-02
    1.1599980000E-03    1.0391978352E+00    5.4070948997E-02    1.2356141955E+02    5.9499243183E-02
    1.1639980000E-03    1.1002557106E+00    6.0102482352E-02    1.2398573654E+02    5.4976461679E-02
    1.1679980000E-03    1.1389153536E+00    4.6976925409E-02    1.2435333543E+02    5.2709212152E-02
    1.1719980000E-03    1.1617815717E+00    2.8249758188E-02    1.2467356245E+02    5.2781970189E-02
    1.1759980000E-03    1.1751477348E+00    7.9105287414E-03    1.2495420667E+02    5.4549630101E-02
    1.1799980000E-03    1.1827638128E+00   -1.0756187341E-02    1.2520421771E+02    5.7024065890E-02
    1.1839980000E-03    1.1870260129E+00   -2.5026768420E-02    1.2543473286E+02    5.8936512983E-02
    1.1879980000E-03    1.1883035823E+00   -3.3899437430E-02    1.2565698406E+02    5.8091175318E-02
    1.1919980000E-03    1.1847483760E+00   -4.1460100166E-02    1.2588146044E+02    5.5967592186E-02
    1.1959980000E-03    1.1761978886E+00   -5.3351468032E-02    1.2612020377E+02    5.2179581419E-02
    1.1999980000E-03    1.1629492995E+00   -7.0330035349E-02    1.2638331134E+02    4.7100763061E-02
    1.2039980000E-03    1.1425333825E+00   -8.8795067134E-02    1.2668059225E+02    4.3276023640E-02
    1.2079980000E-03    1.1108252733E+00   -1.0284087995E-01    1.2702015813E+02    4.1938779945E-02
    1.2119980000E-03    1.0621100721E+00   -1.0484177054E-01    1.2741022360E+02    4.3106364628E-02
    1.2159980000E-03    9.9121584442E-01   -7.9180740664E-02    1.2785915361E+02    4.6536341543E-02
    1.2199980000E-03    9.0828341598E-01   -3.2895420180E-03    1.2836744970E+02    5.0648311215E-02
    1.2239980000E-03    8.5134298509E-01    1.2350848466E-01    1.2892775222E+02    5.3537193505E-02
    1.2279980000E-03    8.5935356243E-01    2.6581849325E-01    1.2952016262E+02    5.5295155345E-02
    1.2319980000E-03    9.3816956008E-01    3.7204738705E-01    1.3010167752E+02    5.5505607756E-02
    1.2359980000E-03    1.0546028753E+00    4.0145118687E-01    1.3062997522E+02    5.3429096112E-02
    1.2399980000E-03    1.1595011318E+00    3.4743924273E-01    1.3108499105E+02    4.9004564709E-02
    1.2439980000E-03    1.2250744103E+00    2.3930889658E-01    1.3146589583E+02    4.3532493362E-02
    1.2479980000E-03    1.2530947030E+00    1.0930275540E-01    1.3178263585E+02    3.8602564756E-02
    1.2519980000E-03    1.2569806987E+00   -2.3958657210E-02    1.3206139603E+02    3.7450969764E-02
    1.2559980000E-03    1.2409239516E+00   -1.5812552763E-01    1.3235528486E+02    4.1750882342E-02
    1.2599980000E-03    1.1937517487E+00   -2.8194385438E-01    1.3270693419E+02    4.8594875253E-02
    1.2639980000E-03    1.1069173910E+00   -3.6547044277E-01    1.3313231631E+02    5.5363142791E-02
    1.2679980000E-03    9.9658910292E-01   -3.7283623069E-01    1.3363462463E+02    5.9881400754E-02
    1.2719980000E-03    9.0885793153E-01   -2.9559285967E-01    1.3419731828E+02    6.1031321944E-02
    1.2759980000E-03    8.8470710562E-01   -1.6716334977E-01    1.3478269727E+02    5.9496352462E-02
    1.2799980000E-03    9.2597058159E-01   -3.8508197880E-02    1.3534733288E+02    5.5568181737E-02
    1.2839980000E-03    9.9968161919E-01    4.9211017826E-02    1.3586935378E+02    4.9432596901E-02
    1.2879980000E-03    1.0694335164E+00    8.2458622698E-02    1.3633737041E+02    4.3386690989E-02
    1.2919980000E-03    1.1215415020E+00    7.6700509619E-02    1.3674401282E+02    3.9077341504E-02
    1.2959980000E-03    1.1545982872E+00    5.5109519168E-02    1.3709557122E+02    3.7256957266E-02
    1.2999980000E-03    1.1741125325E+00    2.9746801705E-02    1.3740180031E+02    3.7587416188E-02
    1.3039980000E-03    1.1852815123E+00    4.7806231938E-03    1.3767151291E+02    3.9240761916E-02
    1.3079980000E-03    1.1914065484E+00   -1.7027305606E-02    1.3791522442E+02    4.0949631909E-02
    1.3119980000E-03    1.1938419011E+00   -3.4445293304E-02    1.3814547683E+02    4.1019317350E-02
    1.3159980000E-03    1.1916110287E+00   -4.8606852080E-02    1.3837449856E+02    3.9008036810E-02
    1.3199980000E-03    1.1834139868E+00   -6.4916307814E-02    1.3861560750E+02    3.6037340215E-02
    1.3239980000E-03    1.1694016406E+00   -8.5438726433E-02    1.3888080127E+02    3.1793547299E-02
    1.3279980000E-03    1.1476707500E+00   -1.0803289282E-01    1.3918038600E+02    2.8265918342E-02
    1.3319980000E-03    1.1141191669E+00   -1.2643329488E-01    1.3952267960E+02    2.7093452782E-02
    1.3359980000E-03    1.0641354453E+00   -1.3101387008E-01    1.3991651370E+02    2.8446006074E-02
    1.3399980000E-03    9.9558400371E-01   -1.0467265706E-01    1.4036999628E+02    3.2103452942E-02
    1.3439980000E-03    9.1985486748E-01   -2.8160006487E-02    1.4088177834E+02    3.6751380063E-02
    1.3479980000E-03    8.6651387864E-01    9.5417991573E-02    1.4144054923E+02    4.0131024881E-02
    1.3519980000E-03    8.6986112951E-01    2.3391276554E-01    1.4202763062E+02    4.1771059215E-02
    1.3559980000E-03    9.3861271174E-01    3.4033983506E-01    1.4260468595E+02    4.1769044353E-02
    1.3599980000E-03    1.0461247193E+00    3.7527114462E-01    1.4313102592E+02    3.9704748356E-02
    1.3639980000E-03    1.1471013204E+00    3.3059052750E-01    1.4358570273E+02    3.5670263524E-02
    1.3679980000E-03    1.2133317391E+00    2.3293720745E-01    1.4396712972E+02    3.0857285569E-02
    1.3719980000E-03    1.2440677917E+00    1.1432868683E-01    1.4428525447E+02    2.6536837643E-02
    1.3759980000E-03    1.2509317805E+00   -6.6970356802E-03    1.4456275098E+02    2.4948288421E-02
    1.3799980000E-03    1.2396349995E+00   -1.2854887711E-01    1.4484556997E+02    2.7626140983E-02
    1.3839980000E-03    1.2020088553E+00   -2.4622793792E-01    1.4517667270E+02    3.2815959327E-02
    1.3879980000E-03    1.1277856734E+00   -3.3618415683E-01    1.4557551739E+02    3.8420794239E-02
    1.3919980000E-03    1.0241108804E+00   -3.6381951056E-01    1.4604990529E+02    4.2900251215E-02
    1.3959980000E-03    9.2674222163E-01   -3.0960354331E-01    1.4659183127E+02    4.4886580563E-02
    1.3999980000E-03    8.7941635531E-01   -1.9264649392E-01    1.4717281111E+02    4.4522895862E-02
    1.4039980000E-03    8.9645967911E-01   -5.7627445565E-02    1.4775023663E+02    4.2002794091E-02
    1.4079980000E-03    9.5835470675E-01    5.1571605410E-02    1.4829395934E+02    3.7248940213E-02
    1.4119980000E-03    1.0310362027E+00    1.0931830822E-01    1.4878912743E+02    3.1877537100E-02
    1.4159980000E-03    1.0928101063E+00    1.1945631578E-01    1.4922392427E+02    2.7727080641E-02
    1.4199980000E-03    1.1359387084E+00    1.0376740220E-01    1.4959983688E+02    2.5965813566E-02
    1.4239980000E-03    1.1634632972E+00    7.8905884100E-02    1.4992651188E+02    2.6595612747E-02
    1.4279980000E-03    1.1804031723E+00    5.2583109711E-02    1.5021289034E+02    2.9192590675E-02
    1.4319980000E-03    1.1906712155E+00    2.9065297905E-02    1.5046823327E+02    3.2163104979E-02
    1.4359980000E-03    1.1958525710E+00    9.6885598793E-03    1.5070436389E+02    3.3504189688E-02
    1.4399980000E-03    1.1953788877E+00   -7.6921673657E-03    1.5093444476E+02    3.3545729783E-02
    1.4439980000E-03    1.1895220939E+00   -2.8044825862E-02    1.5117278380E+02    3.1948546162E-02
    1.4479980000E-03    1.1786345498E+00   -5.2463692816E-02    1.5143227352E+02    2.9039492395E-02
    1.4519980000E-03    1.1605913014E+00   -7.9141846709E-02    1.5172445412E+02    2.6881538076E-02
    1.4559980000E-03    1.1311887557E+00   -1.0351148479E-01    1.5205834177E+02    2.6800978043E-02
    1.4599980000E-03    1.0852514785E+00   -1.1689800919E-01    1.5244319872E+02    2.9144201861E-02
    1.4639980000E-03    1.0210075838E+00   -1.0058026831E-01    1.5288818720E+02    3.3766423266E-02
    1.4679980000E-03    9.4831494954E-01   -3.4018568804E-02    1.5339228069E+02    3.9293622743E-02
    1.4719980000E-03    8.9139871984E-01    8.1756377205E-02    1.5394241036E+02    4.3827763139E-02
    1.4759980000E-03    8.8451174081E-01    2.1676190815E-01    1.5452282783E+02    4.6020717725E-02
    1.4799980000E-03    9.4245530883E-01    3.2538561442E-01    1.5509995648E+02    4.6013522848E-02
    1.4839980000E-03    1.0443867867E+00    3.6510390908E-01    1.5563173517E+02    4.3497780668E-02
    1.4879980000E-03    1.1446816104E+00    3.2333594323E-01    1.5609302779E+02    3.8545016029E-02
    1.4919980000E-03    1.2120490110E+00    2.2514866524E-01    1.5647911065E+02    3.2747129708E-02
    1.4959980000E-03    1.2438450492E+00    1.0448518181E-01    1.5679947564E+02    2.7699804338E-02
    1.4999980000E-03    1.2514632170E+00   -1.8015845528E-02    1.5707756425E+02    2.5728770656E-02
    1.5039980000E-03    1.2408412790E+00   -1.3991609885E-01    1.5736030002E+02    2.8063753717E-02
    1.5079980000E-03    1.2038424868E+00   -2.5698058924E-01    1.5769005441E+02    3.2619014951E-02
    1.5119980000E-03    1.1296431408E+00   -3.4738312840E-01    1.5808561554E+02    3.7336755470E-02
    1.5159980000E-03    1.0235487393E+00   -3.7778881096E-01    1.5855543297E+02    4.0992954451E-02
    1.5199980000E-03    9.1921353239E-01   -3.2678776282E-01    1.5909449442E+02    4.2561670785E-02
    1.5239980000E-03    8.6152022231E-01   -2.0987320153E-01    1.5967782757E+02    4.2178409341E-02
    1.5279980000E-03    8.7080098941E-01   -7.0196439810E-02    1.6026252240E+02    4.0243980000E-02
    1.5319980000E-03    9.3214113494E-01    4.6228931161E-02    1.6081327715E+02    3.6611288745E-02
    1.5359980000E-03    1.0088693606E+00    1.1230820130E-01    1.6131407609E+02    3.2069739449E-02
    1.5399980000E-03    1.0742902812E+00    1.3122311146E-01    1.6175525458E+02    2.8911006239E-02
    1.5439980000E-03    1.1206660234E+00    1.2362273333E-01    1.6213809090E+02    2.8171319820E-02
    1.5479980000E-03    1.1516049060E+00    1.0443138564E-01    1.6247133104E+02    2.9983525316E-02
    1.5519980000E-03    1.1716295614E+00    8.2522596298E-02    1.6276350547E+02    3.3982004078E-02
    1.5559980000E-03    1.1845972462E+00    6.3424611267E-02    1.6302313382E+02    3.8234362617E-02
    1.5599980000E-03    1.1917841873E+00    4.8625581089E-02    1.6326074779E+02    4.1086817015E-02
    1.5639980000E-03    1.1931180159E+00    3.4970591744E-02    1.6348858328E+02    4.3021918250E-02
    1.5679980000E-03    1.1902438123E+00    1.7337773096E-02    1.6371953902E+02    4.2578856667E-02
    1.5719980000E-03    1.1837579969E+00   -4.6006410578E-03    1.6396571105E+02    4.0875707339E-02
    1.5759980000E-03    1.1719343334E+00   -2.9367964130E-02    1.6423943171E+02    3.9406583923E-02
    1.5799980000E-03    1.1512802722E+00   -5.4005149667E-02    1.6455088616E+02    3.9381701299E-02
    1.5839980000E-03    1.1162683326E+00   -7.4133442770E-02    1.6490876021E+02    4.1579076855E-02
    1.5879980000E-03    1.0616707675E+00   -7.6245004171E-02    1.6532282492E+02    4.6225914875E-02
    1.5919980000E-03    9.8972697985E-01   -3.6641175334E-02    1.6579810284E+02    5.2443699059E-02
    1.5959980000E-03    9.1674507592E-01    5.7890466893E-02    1.6632592568E+02    5.8416179108E-02
    1.5999980000E-03    8.8274865379E-01    1.8960429464E-01    1.6689542998E+02    6.2025423802E-02
    1.6039980000E-03    9.1737930033E-01    3.1420305039E-01    1.6748111375E+02    6.3283387466E-02
    1.6079980000E-03    1.0123686520E+00    3.8070912801E-01    1.6803780759E+02    6.1705485101E-02
    1.6119980000E-03    1.1224573815E+00    3.6037280541E-01    1.6853044787E+02    5.6681724847E-02
    1.6159980000E-03    1.2041859971E+00    2.6772109445E-01    1.6894539443E+02    4.9663109413E-02
    1.6199980000E-03    1.2460143510E+00    1.3945761115E-01    1.6928779134E+02    4.2846532708E-02
    1.6239980000E-03    1.2585597595E+00    3.5819521484E-03    1.6957639062E+02    3.9178057371E-02
    1.6279980000E-03    1.2515437468E+00   -1.3138339277E-01    1.6985870408E+02    4.1253343392E-02
    1.6319980000E-03    1.2180745006E+00   -2.6111070609E-01    1.7018577527E+02    4.6629005343E-02
    1.6359980000E-03    1.1449708033E+00   -3.6375662570E-01    1.7057968279E+02    5.2209264729E-02
    1.6399980000E-03    1.0345106819E+00   -4.0538329483E-01    1.7104899740E+02    5.6440230694E-02
    1.6439980000E-03    9.2039114282E-01   -3.6091617591E-01    1.7158960332E+02    5.8124563383E-02
    1.6479980000E-03    8.5242188041E-01   -2.4442399064E-01    1.7217725051E+02    5.7559316183E-02
    1.6519980000E-03    8.5796683448E-01   -1.0107622028E-01    1.7276653080E+02    5.5530490430E-02
    1.6559980000E-03    9.2409229531E-01    1.7855964722E-02    1.7331754783E+02    5.2391391784E-02
    1.6599980000E-03    1.0075799990E+00    8.2466132013E-02    1.7381439546E+02    4.8132322960E-02
    1.6639980000E-03    1.0743661383E+00    1.0033855308E-01    1.7425104942E+02    4.4975188757E-02
    1.6679980000E-03    1.1189520987E+00    9.4916149534E-02    1.7463012671E+02    4.4142662199E-02
    1.6719980000E-03    1.1476329790E+00    7.9632221902E-02    1.7496050379E+02    4.5809438416E-02
    1.6759980000E-03    1.1659423519E+00    6.1134280543E-02    1.7525007489E+02    4.9852839419E-02
    1.6799980000E-03    1.1778013348E+00    4.4892663701E-02    1.7550721547E+02    5.4839722445E-02
    1.6839980000E-03    1.1853335945E+00    3.4023382954E-02    1.7574204524E+02    5.8192360338E-02
    1.6879980000E-03    1.1879629217E+00    2.7182310751E-02    1.7596462070E+02    5.9936781799E-02
    1.6919980000E-03    1.1859453213E+00    1.8367566579E-02    1.7618702315E+02    6.0230299658E-02
    1.6959980000E-03    1.1810027371E+00    4.0261909107E-03    1.7641945743E+02    5.7845978766E-02
    1.6999980000E-03    1.1724846779E+00   -1.4571370626E-02    1.7667317878E+02    5.5086807338E-02
    1.7039980000E-03    1.1577876464E+00   -3.4394178622E-02    1.7695896985E+02    5.3257082689E-02
    1.7079980000E-03    1.1329338182E+00   -5.2000245603E-02    1.7728540365E+02    5.3280375246E-02
    1.7119980000E-03    1.0912880960E+00   -6.2844421217E-02    1.7766030120E+02    5.5688875799E-02
    1.7159980000E-03    1.0264168524E+00   -5.1780592436E-02    1.7809296258E+02    6.0291394922E-02
    1.7199980000E-03    9.4212080157E-01    7.0906105626E-03    1.7858567416E+02    6.5864475301E-02
    1.7239980000E-03    8.7344889056E-01    1.2288767410E-01    1.7913235930E+02    6.9950479051E-02
    1.7279980000E-03    8.6752837119E-01    2.6364438421E-01    1.7971879957E+02    7.2493146107E-02
    1.7319980000E-03    9.3777315437E-01    3.7516763833E-01    1.8030493122E+02    7.3003036530E-02
    1.7359980000E-03    1.0537808646E+00    4.1013796313E-01    1.8084412044E+02    7.0461735405E-02
    1.7399980000E-03    1.1621027463E+00    3.5614823433E-01    1.8131084626E+02    6.4642943403E-02
    1.7439980000E-03    1.2304301851E+00    2.4139769856E-01    1.8170031738E+02    5.7446751973E-02
    1.7479980000E-03    1.2591375898E+00    1.0122577326E-01    1.8202156781E+02    5.1109263900E-02
    1.7519980000E-03    1.2627923617E+00   -4.2505349243E-02    1.8230302087E+02    4.9760990765E-02
    1.7559980000E-03    1.2453222747E+00   -1.8566293207E-01    1.8260344964E+02    5.4816238956E-02
    1.7599980000E-03    1.1936040942E+00   -3.1418244029E-01    1.8296529634E+02    6.2189245837E-02
    1.7639980000E-03    1.0992329419E+00   -3.9611345523E-01    1.8340234693E+02    6.9015270983E-02
    1.7679980000E-03    9.8110342522E-01   -3.9624405446E-01    1.8391613615E+02    7.3058195628E-02
    1.7719980000E-03    8.8962125538E-01   -3.0974828191E-01    1.8448869164E+02    7.3620458339E-02
    1.7759980000E-03    8.6779999442E-01   -1.7432640007E-01    1.8507960389E+02    7.1661796264E-02
    1.7799980000E-03    9.1774253999E-01   -4.4970935893E-02    1.8564263290E+02    6.7918671240E-02
    1.7839980000E-03    1.0013684731E+00    3.5070410811E-02    1.8615547933E+02    6.2342598089E-02
    1.7879980000E-03    1.0738543384E+00    6.0076221949E-02    1.8661085897E+02    5.6826083766E-02
    1.7919980000E-03    1.1230641083E+00    5.3437052238E-02    1.8700597815E+02    5.3247255683E-02
    1.7959980000E-03    1.1527868585E+00    3.6255122409E-02    1.8734901412E+02    5.2073629858E-02
    1.7999980000E-03    1.1701847437E+00    1.5996220841E-02    1.8764860537E+02    5.2958513978E-02
    1.8039980000E-03    1.1801499476E+00   -4.2607441720E-03    1.8791280085E+02    5.5043355617E-02
    1.8079980000E-03    1.1857233113E+00   -2.1349303908E-02    1.8815172869E+02    5.7257186733E-02
    1.8119980000E-03    1.1884569975E+00   -3.3369021722E-02    1.8837722430E+02    5.7853154369E-02
    1.8159980000E-03    1.1874182584E+00   -4.1139822615E-02    1.8859967344E+02    5.5902538087E-02
    1.8199980000E-03    1.1810210468E+00   -5.0670925496E-02    1.8883089250E+02    5.3088137250E-02
    1.8239980000E-03    1.1698706622E+00   -6.5498920183E-02    1.8908184694E+02    4.8300730066E-02
    1.8279980000E-03    1.1529502761E+00   -8.3971824792E-02    1.8936267172E+02    4.3540844299E-02
    1.8319980000E-03    1.1267083810E+00   -1.0099436304E-01    1.8968216695E+02    4.0913628383E-02
    1.8359980000E-03    1.0864140204E+00   -1.0971894984E-01    1.9004822619E+02    4.0850770710E-02
    1.8399980000E-03    1.0258271093E+00   -9.9269477668E-02    1.9046973619E+02    4.3227832110E-02
    1.8439980000E-03    9.4578205949E-01   -4.8328315370E-02    1.9095172905E+02    4.7333262122E-02
    1.8479980000E-03    8.7125536911E-01    5.7409865116E-02    1.9148951460E+02    5.0791861229E-02
    1.8519980000E-03    8.4618185064E-01    1.9852598753E-01    1.9207121603E+02    5.3072100125E-02
    1.8559980000E-03    8.9356234180E-01    3.2794231610E-01    1.9266381325E+02    5.4075689736E-02
    1.8599980000E-03    9.9793740682E-01    3.9680458362E-01    1.9322049981E+02    5.3157848266E-02
    1.8639980000E-03    1.1133463094E+00    3.8050220410E-01    1.9371074232E+02    4.9817952675E-02
    1.8679980000E-03    1.1985608450E+00    2.9403623762E-01    1.9412528192E+02    4.4785582449E-02
    1.8719980000E-03    1.2429041227E+00    1.7203352615E-01    1.9447038954E+02    3.9443628203E-02
    1.8759980000E-03    1.2568009690E+00    4.0333656809E-02    1.9476175982E+02    3.6084806867E-02
    1.8799980000E-03    1.2510302940E+00   -9.2405398655E-02    1.9504090514E+02    3.7881137730E-02
    1.8839980000E-03    1.2208404988E+00   -2.2313317352E-01    1.9536088148E+02    4.3839298783E-02
    1.8879980000E-03    1.1535551167E+00   -3.3022930607E-01    1.9574860509E+02    5.0804607447E-02
    1.8919980000E-03    1.0509686615E+00   -3.7820767416E-01    1.9621346929E+02    5.6669646655E-02
    1.8959980000E-03    9.4608345081E-01   -3.4053749035E-01    1.9674939931E+02    5.9444433728E-02
    1.8999980000E-03    8.8809421041E-01   -2.3141050970E-01    1.9732914215E+02    5.9172318349E-02
    1.9039980000E-03    8.9928414922E-01   -9.6811658862E-02    1.9790825070E+02    5.6471762953E-02
    1.9079980000E-03    9.6196235797E-01    1.5033216940E-02    1.9845292391E+02    5.1268391526E-02
    1.9119980000E-03    1.0361580215E+00    7.5093142373E-02    1.9894989082E+02    4.4945363992E-02
    1.9159980000E-03    1.0978479198E+00    8.5826455629E-02    1.9938738189E+02    3.9626283284E-02
    1.9199980000E-03    1.1401080206E+00    6.9615282976E-02    1.9976537250E+02    3.6588153986E-02
    1.9239980000E-03    1.1657816964E+00    4.5018788780E-02    2.0009327109E+02    3.5960699378E-02
    1.9279980000E-03    1.1807455915E+00    1.9132128755E-02    2.0038019410E+02    3.7151346327E-02
    1.9319980000E-03    1.1891963261E+00   -4.7418633005E-03    2.0063559091E+02    3.9038529295E-02
    1.9359980000E-03    1.1935038288E+00   -2.4714925679E-02    2.0087123969E+02    4.0193228627E-02
    1.9399980000E-03    1.1937648752E+00   -4.0307671022E-02    2.0109973486E+02    3.8987086535E-02
    1.9439980000E-03    1.1883833054E+00   -5.5543726518E-02    2.0133393480E+02    3.6643517905E-02
    1.9479980000E-03    1.1771400142E+00   -7.4658610159E-02    2.0158692693E+02    3.2920827550E-02
    1.9519980000E-03    1.1594096658E+00   -9.7248647533E-02    2.0186988618E+02    2.8877394929E-02
    1.9559980000E-03    1.1317781785E+00   -1.1899158509E-01    2.0219192650E+02    2.6643448694E-02
    1.9599980000E-03    1.0898154134E+00   -1.3180776311E-01    2.0256138840E+02    2.6936397000E-02
    1.9639980000E-03    1.0293314884E+00   -1.2253015053E-01    2.0298751465E+02    2.9702342957E-02
    1.9679980000E-03    9.5460635711E-01   -7.0260434330E-02    2.0347424674E+02    3.4204646064E-02
    1.9719980000E-03    8.8687898797E-01    3.4339538212E-02    2.0401337426E+02    3.8450722344E-02
    1.9759980000E-03    8.6155706162E-01    1.7114733767E-01    2.0459093392E+02    4.0858175524E-02
    1.9799980000E-03    9.0138397760E-01    2.9772504068E-01    2.0517774750E+02    4.1605383907E-02
    1.9839980000E-03    9.9620719163E-01    3.6807761391E-01    2.0573058731E+02    4.0488032837E-02
    1.9879980000E-03    1.1048572968E+00    3.5783033156E-01    2.0621878649E+02    3.7203181735E-02
    1.9919980000E-03    1.1880533292E+00    2.7980175577E-01    2.0663226362E+02    3.2560801020E-02
    1.9959980000E-03    1.2335849627E+00    1.6766471678E-01    2.0697714771E+02    2.7818325055E-02
    1.9999980000E-03    1.2497907296E+00    4.7080459843E-02    2.0726849791E+02    2.4669035121E-02
