 sig=    1.000000000000000      inputfile=
 /home/rjrj524/Finished/vmec_gc_tracer/revised_251128/nc/wout_pwO_nfp2_A6.nc                                                                                                                             
 dt=   2.0000000000000001E-009
 steps=      1000000
 x0=   4.0000000000000001E-002    3.080000000000000      
    6.410000000000000     
 u=    80300.00000000000     
 v_perp=    111000.0000000000     
 
time(s)         x0(1)       x0(2)        x0(3)      r
    3.9980000000E-06    1.2443313161E+00   -1.4789430822E-01    6.6446818724E+00    4.1580575939E-02
    7.9980000000E-06    1.2122772958E+00   -2.5127866032E-01    6.8986724625E+00    4.3877808074E-02
    1.1998000000E-05    1.1589078365E+00   -3.3308552812E-01    7.1774581291E+00    4.6092769970E-02
    1.5998000000E-05    1.0859134340E+00   -3.8351225651E-01    7.4842423079E+00    4.7875430319E-02
    1.9998000000E-05    1.0018910276E+00   -3.9349695870E-01    7.8204558365E+00    4.8974185255E-02
    2.3998000000E-05    9.2143297815E-01   -3.6127962623E-01    8.1844325645E+00    4.9402827990E-02
    2.7998000000E-05    8.6010234105E-01   -2.9340008993E-01    8.5711290260E+00    4.9331194982E-02
    3.1998000000E-05    8.2965737681E-01   -2.0216379684E-01    8.9701946639E+00    4.8947871749E-02
    3.5998000000E-05    8.3484870632E-01   -1.0322529493E-01    9.3682825844E+00    4.8375491189E-02
    3.9998000000E-05    8.7257736168E-01   -1.2782656590E-02    9.7538793744E+00    4.7646142525E-02
    4.3998000000E-05    9.3205532002E-01    5.5220049376E-02    1.0120618096E+01    4.6715029511E-02
    4.7998000000E-05    9.9718414710E-01    9.3703194126E-02    1.0465938230E+01    4.5518093184E-02
    5.1998000000E-05    1.0547155388E+00    1.0558332135E-01    1.0788520598E+01    4.4492121223E-02
    5.5998000000E-05    1.0997336204E+00    9.9482699976E-02    1.1088522689E+01    4.3919799513E-02
    5.9998000000E-05    1.1330130014E+00    8.2772073310E-02    1.1368085316E+01    4.3899884986E-02
    6.3998000000E-05    1.1569572343E+00    5.9612936669E-02    1.1629875254E+01    4.4461816161E-02
    6.7998000000E-05    1.1735913289E+00    3.2762494264E-02    1.1876400885E+01    4.5499895425E-02
    7.1998000000E-05    1.1844191311E+00    5.1599852648E-03    1.2110811945E+01    4.6639057357E-02
    7.5998000000E-05    1.1904503006E+00   -2.0552940522E-02    1.2337347620E+01    4.7362340411E-02
    7.9998000000E-05    1.1914700364E+00   -4.2793143149E-02    1.2560827393E+01    4.7018163871E-02
    8.3998000000E-05    1.1863216835E+00   -6.3155837934E-02    1.2785604774E+01    4.5982227126E-02
    8.7998000000E-05    1.1748210066E+00   -8.4630522584E-02    1.3016059239E+01    4.4429497825E-02
    9.1998000000E-05    1.1575592316E+00   -1.0742408072E-01    1.3256317549E+01    4.2373837341E-02
    9.5998000000E-05    1.1339246489E+00   -1.2925704968E-01    1.3510193622E+01    4.0437643931E-02
    9.9998000000E-05    1.1022167291E+00   -1.4648412969E-01    1.3780546260E+01    3.9123199465E-02
    1.0399800000E-04    1.0608121358E+00   -1.5456364596E-01    1.4069991332E+01    3.8428352422E-02
    1.0799800000E-04    1.0083881749E+00   -1.4823820338E-01    1.4380902584E+01    3.8242455014E-02
    1.1199800000E-04    9.4582550229E-01   -1.2084620240E-01    1.4714519119E+01    3.8448016999E-02
    1.1599800000E-04    8.8091753398E-01   -6.6185298254E-02    1.5070754074E+01    3.8819403943E-02
    1.1999800000E-04    8.2783370506E-01    1.5264694004E-02    1.5448478295E+01    3.9177415929E-02
    1.2399800000E-04    8.0029877793E-01    1.1453604901E-01    1.5844037856E+01    3.9510215322E-02
    1.2799800000E-04    8.0691113741E-01    2.1759652853E-01    1.6248860815E+01    3.9814887501E-02
    1.3199800000E-04    8.4853688019E-01    3.0874668146E-01    1.6649980307E+01    4.0110351173E-02
    1.3599800000E-04    9.1815561689E-01    3.7351174143E-01    1.7034363741E+01    4.0245659456E-02
    1.3999800000E-04    1.0030145052E+00    4.0149740844E-01    1.7393585428E+01    4.0064316154E-02
    1.4399800000E-04    1.0881481180E+00    3.8802286992E-01    1.7724297057E+01    3.9390074533E-02
    1.4799800000E-04    1.1602252588E+00    3.3638959050E-01    1.8026174877E+01    3.8164366706E-02
    1.5199800000E-04    1.2119870818E+00    2.5593840758E-01    1.8301422628E+01    3.6538005730E-02
    1.5599800000E-04    1.2425849174E+00    1.5579029920E-01    1.8553372187E+01    3.4762161823E-02
    1.5999800000E-04    1.2550677844E+00    4.4332452237E-02    1.8787471390E+01    3.3526869006E-02
    1.6399800000E-04    1.2527065972E+00   -7.0121746938E-02    1.9015869648E+01    3.3820437497E-02
    1.6799800000E-04    1.2348144979E+00   -1.7943773044E-01    1.9254624544E+01    3.5457287887E-02
    1.7199800000E-04    1.1977556893E+00   -2.7488136070E-01    1.9513810381E+01    3.7433408951E-02
    1.7599800000E-04    1.1395683098E+00   -3.4756302730E-01    1.9797953869E+01    3.9200074687E-02
    1.7999800000E-04    1.0632234874E+00   -3.8766504374E-01    2.0110099191E+01    4.0515109389E-02
    1.8399800000E-04    9.7854904060E-01   -3.8723666899E-01    2.0451358562E+01    4.1222223572E-02
    1.8799800000E-04    9.0017629048E-01   -3.4622136432E-01    2.0819918930E+01    4.1417596723E-02
    1.9199800000E-04    8.4271176962E-01   -2.7190771834E-01    2.1210321184E+01    4.1247192169E-02
    1.9599800000E-04    8.1672693101E-01   -1.7683261314E-01    2.1611759856E+01    4.0887803959E-02
    1.9999800000E-04    8.2578227202E-01   -7.6406075990E-02    2.2011029934E+01    4.0416163223E-02
    2.0399800000E-04    8.6577958718E-01    1.3810738782E-02    2.2397025697E+01    3.9857325714E-02
    2.0799800000E-04    9.2553544687E-01    8.1148534961E-02    2.2763767151E+01    3.9162747894E-02
    2.1199800000E-04    9.8998226918E-01    1.1988025031E-01    2.3108722847E+01    3.8359616523E-02
    2.1599800000E-04    1.0471521577E+00    1.3325454958E-01    2.3430905526E+01    3.7806247690E-02
    2.1999800000E-04    1.0927037693E+00    1.2895444042E-01    2.3730631103E+01    3.7724204971E-02
    2.2399800000E-04    1.1273976558E+00    1.1332327478E-01    2.4009930464E+01    3.8205850275E-02
    2.2799800000E-04    1.1530677900E+00    9.0758361526E-02    2.4271358321E+01    3.9322773234E-02
    2.3199800000E-04    1.1714471568E+00    6.4960947167E-02    2.4517562115E+01    4.0940984102E-02
    2.3599800000E-04    1.1840620804E+00    3.9068109922E-02    2.4751789481E+01    4.2522690118E-02
    2.3999800000E-04    1.1913681292E+00    1.5146613486E-02    2.4978374429E+01    4.3368084961E-02
    2.4399800000E-04    1.1925994748E+00   -6.8882559497E-03    2.5201800710E+01    4.3448762922E-02
    2.4799800000E-04    1.1874819315E+00   -2.9882282979E-02    2.5426666404E+01    4.2961254629E-02
    2.5199800000E-04    1.1768438092E+00   -5.5182484608E-02    2.5657447393E+01    4.1577607298E-02
    2.5599800000E-04    1.1607866320E+00   -8.1329495697E-02    2.5898661556E+01    3.9892215308E-02
    2.5999800000E-04    1.1380785251E+00   -1.0552116065E-01    2.6153981042E+01    3.8543971388E-02
    2.6399800000E-04    1.1070127611E+00   -1.2423543260E-01    2.6426197603E+01    3.7823249622E-02
    2.6799800000E-04    1.0657824080E+00   -1.3344287830E-01    2.6717867103E+01    3.7696972988E-02
    2.7199800000E-04    1.0128951724E+00   -1.2767279863E-01    2.7031385664E+01    3.8083736434E-02
    2.7599800000E-04    9.5018997116E-01   -9.9349914903E-02    2.7367753268E+01    3.8831896058E-02
    2.7999800000E-04    8.8687167564E-01   -4.2696462941E-02    2.7726417654E+01    3.9593092920E-02
    2.8399800000E-04    8.3772434995E-01    4.0046177259E-02    2.8105554632E+01    4.0186744852E-02
    2.8799800000E-04    8.1600881115E-01    1.3836426119E-01    2.8500852729E+01    4.0696815799E-02
    2.9199800000E-04    8.2868401060E-01    2.3736042115E-01    2.8903007537E+01    4.1097543636E-02
    2.9599800000E-04    8.7507705964E-01    3.2129311180E-01    2.9299145027E+01    4.1361840525E-02
    2.9999800000E-04    9.4709967440E-01    3.7615530593E-01    2.9676939672E+01    4.1322330625E-02
    3.0399800000E-04    1.0311992576E+00    3.9250641814E-01    3.0028959977E+01    4.0831686293E-02
    3.0799800000E-04    1.1122423155E+00    3.6725180710E-01    3.0352218335E+01    3.9742935046E-02
    3.1199800000E-04    1.1780516829E+00    3.0577562952E-01    3.0646717101E+01    3.8125642115E-02
    3.1599800000E-04    1.2231346096E+00    2.1794022380E-01    3.0914999505E+01    3.6191844204E-02
    3.1999800000E-04    1.2478961910E+00    1.1288306548E-01    3.1160776295E+01    3.4325418731E-02
    3.2399800000E-04    1.2558363727E+00   -5.9975037274E-04    3.1391401249E+01    3.3411847694E-02
    3.2799800000E-04    1.2492411392E+00   -1.1414519114E-01    3.1621461871E+01    3.4151237482E-02
    3.3199800000E-04    1.2260209460E+00   -2.1958764178E-01    3.1865707242E+01    3.5838383874E-02
    3.3599800000E-04    1.1824923268E+00   -3.0854426800E-01    3.2131650281E+01    3.7566838352E-02
    3.3999800000E-04    1.1177039940E+00   -3.7231886041E-01    3.2423033588E+01    3.8964843063E-02
    3.4399800000E-04    1.0362355610E+00   -4.0119747916E-01    3.2742657026E+01    3.9861678905E-02
    3.4799800000E-04    9.4951456744E-01   -3.8881911688E-01    3.3091230112E+01    4.0207225741E-02
    3.5199800000E-04    8.7240956750E-01   -3.3712892268E-01    3.3466691508E+01    4.0178649113E-02
    3.5599800000E-04    8.1893435147E-01   -2.5449117699E-01    3.3862809621E+01    3.9919322032E-02
    3.5999800000E-04    7.9865604382E-01   -1.5413639116E-01    3.4267836437E+01    3.9613583867E-02
    3.6399800000E-04    8.1383877896E-01   -5.1625499265E-02    3.4668244708E+01    3.9293208078E-02
    3.6799800000E-04    8.5860797846E-01    3.8000638672E-02    3.5053376954E+01    3.8943511798E-02
    3.7199800000E-04    9.2080681644E-01    1.0340497698E-01    3.5418019694E+01    3.8566571498E-02
    3.7599800000E-04    9.8563825922E-01    1.4064289947E-01    3.5760284787E+01    3.8264392370E-02
    3.7999800000E-04    1.0422902660E+00    1.5409867139E-01    3.6079781856E+01    3.8279550283E-02
    3.8399800000E-04    1.0877542806E+00    1.5080154974E-01    3.6377143040E+01    3.8768500477E-02
    3.8799800000E-04    1.1229663300E+00    1.3646395901E-01    3.6654453643E+01    3.9830264347E-02
    3.9199800000E-04    1.1494469016E+00    1.1588525542E-01    3.6914283241E+01    4.1555419212E-02
    3.9599800000E-04    1.1689639475E+00    9.3076724219E-02    3.7159332196E+01    4.3645373946E-02
    3.9999800000E-04    1.1826789861E+00    7.0926226865E-02    3.7393017215E+01    4.5442531127E-02
    4.0399800000E-04    1.1903054279E+00    5.0372028889E-02    3.7619464795E+01    4.6626949022E-02
    4.0799800000E-04    1.1914956876E+00    2.9227213106E-02    3.7842925312E+01    4.7331114244E-02
    4.1199800000E-04    1.1872525313E+00    4.7411735581E-03    3.8067766628E+01    4.6956821369E-02
    4.1599800000E-04    1.1783006719E+00   -2.2400716733E-02    3.8298637409E+01    4.5904190017E-02
    4.1999800000E-04    1.1640195952E+00   -4.9885918440E-02    3.8540157080E+01    4.4768518060E-02
    4.2399800000E-04    1.1430349308E+00   -7.4771466381E-02    3.8795853766E+01    4.3996292192E-02
    4.2799800000E-04    1.1135628095E+00   -9.4288792900E-02    3.9068395978E+01    4.3793837148E-02
    4.3199800000E-04    1.0732393265E+00   -1.0507157816E-01    3.9360339334E+01    4.4163349251E-02
    4.3599800000E-04    1.0202778656E+00   -1.0106141049E-01    3.9674237389E+01    4.5030659009E-02
    4.3999800000E-04    9.5691844751E-01   -7.3465463825E-02    4.0011057452E+01    4.6219964766E-02
    4.4399800000E-04    8.9334185777E-01   -1.6351139684E-02    4.0369898276E+01    4.7272203819E-02
    4.4799800000E-04    8.4569898525E-01    6.6975167574E-02    4.0748817179E+01    4.8055788270E-02
    4.5199800000E-04    8.2739409159E-01    1.6456094632E-01    4.1143308088E+01    4.8694411079E-02
    4.5599800000E-04    8.4444227769E-01    2.6064860484E-01    4.1543570956E+01    4.9153166561E-02
    4.5999800000E-04    8.9510996360E-01    3.3909547260E-01    4.1936470453E+01    4.9367070131E-02
    4.6399800000E-04    9.7002100575E-01    3.8597711508E-01    4.2309922611E+01    4.9147946486E-02
    4.6799800000E-04    1.0545772086E+00    3.9233560349E-01    4.2657025086E+01    4.8324206332E-02
    4.7199800000E-04    1.1331720754E+00    3.5647241618E-01    4.2974985854E+01    4.6779900042E-02
    4.7599800000E-04    1.1945262578E+00    2.8538080920E-01    4.3264078318E+01    4.4699502247E-02
    4.7999800000E-04    1.2345261203E+00    1.8912555660E-01    4.3527044499E+01    4.2376731715E-02
    4.8399800000E-04    1.2546357966E+00    7.7048006646E-02    4.3768114371E+01    4.0386287303E-02
    4.8799800000E-04    1.2587063137E+00   -4.1337413958E-02    4.3996965341E+01    3.9839281159E-02
    4.9199800000E-04    1.2479000808E+00   -1.5703628502E-01    4.4230142575E+01    4.1033444327E-02
    4.9599800000E-04    1.2188684319E+00   -2.6124850902E-01    4.4480686665E+01    4.2861177047E-02
    4.9999800000E-04    1.1680627661E+00   -3.4561230779E-01    4.4754241431E+01    4.4517203604E-02
    5.0399800000E-04    1.0956804058E+00   -4.0139106981E-01    4.5054083473E+01    4.5733186801E-02
    5.0799800000E-04    1.0082755500E+00   -4.1906328017E-01    4.5382650791E+01    4.6362617442E-02
    5.1199800000E-04    9.1916861634E-01   -3.9435134219E-01    4.5740141948E+01    4.6481338751E-02
    5.1599800000E-04    8.4367860799E-01   -3.3134949931E-01    4.6123973882E+01    4.6324707787E-02
    5.1999800000E-04    7.9546064181E-01   -2.3995752188E-01    4.6526506599E+01    4.6071023136E-02
    5.2399800000E-04    7.8322453264E-01   -1.3450648037E-01    4.6934540306E+01    4.5908824057E-02
    5.2799800000E-04    8.0720591872E-01   -3.1039042312E-02    4.7334030526E+01    4.5800654334E-02
    5.3199800000E-04    8.5895455535E-01    5.5987682843E-02    4.7715353532E+01    4.5669377055E-02
    5.3599800000E-04    9.2477337474E-01    1.1679147624E-01    4.8074675830E+01    4.5581263549E-02
    5.3999800000E-04    9.8975393152E-01    1.4983082690E-01    4.8411235021E+01    4.5677262225E-02
    5.4399800000E-04    1.0448140008E+00    1.6096517546E-01    4.8725200701E+01    4.6136464442E-02
    5.4799800000E-04    1.0886451228E+00    1.5695403374E-01    4.9017651448E+01    4.7056172077E-02
    5.5199800000E-04    1.1225547494E+00    1.4326579453E-01    4.9290853055E+01    4.8592534390E-02
    5.5599800000E-04    1.1482058094E+00    1.2472527817E-01    4.9547377779E+01    5.0821313451E-02
    5.5999800000E-04    1.1673720706E+00    1.0535617776E-01    4.9789983498E+01    5.3209450933E-02
    5.6399800000E-04    1.1806734931E+00    8.7614274108E-02    5.0022259861E+01    5.5179588386E-02
    5.6799800000E-04    1.1875521373E+00    7.0999864546E-02    5.0248077704E+01    5.6757438201E-02
    5.7199800000E-04    1.1885807379E+00    5.1725299023E-02    5.0471409452E+01    5.7543427263E-02
    5.7599800000E-04    1.1851981490E+00    2.7975518665E-02    5.0696235626E+01    5.7244107890E-02
    5.7999800000E-04    1.1775353784E+00    1.5718650058E-03    5.0927375199E+01    5.6527745292E-02
    5.8399800000E-04    1.1645891068E+00   -2.4787299916E-02    5.1169194187E+01    5.5744520943E-02
    5.8799800000E-04    1.1450294851E+00   -4.8421152253E-02    5.1425041266E+01    5.5268039966E-02
    5.9199800000E-04    1.1168178501E+00   -6.7436416312E-02    5.1697422174E+01    5.5313331261E-02
    5.9599800000E-04    1.0769242822E+00   -7.9129411681E-02    5.1988913704E+01    5.5919997946E-02
    5.9999800000E-04    1.0229633153E+00   -7.6861605142E-02    5.2302277775E+01    5.6978498459E-02
    6.0399800000E-04    9.5698830608E-01   -5.0332087852E-02    5.2638661983E+01    5.8269433779E-02
    6.0799800000E-04    8.9102059141E-01    7.5778622576E-03    5.2997240691E+01    5.9300925091E-02
    6.1199800000E-04    8.4335629475E-01    9.2597885905E-02    5.3376434936E+01    6.0113922171E-02
    6.1599800000E-04    8.2757235664E-01    1.9117000878E-01    5.3771487057E+01    6.0769932162E-02
    6.1999800000E-04    8.4915204385E-01    2.8656470815E-01    5.4171868317E+01    6.1244086606E-02
    6.2399800000E-04    9.0501649180E-01    3.6201196782E-01    5.4563734319E+01    6.1420817697E-02
    6.2799800000E-04    9.8414848707E-01    4.0358433703E-01    5.4935072259E+01    6.1083168749E-02
    6.3199800000E-04    1.0708359056E+00    4.0261878245E-01    5.5279428857E+01    6.0016350284E-02
    6.3599800000E-04    1.1488975721E+00    3.5868391264E-01    5.5594303502E+01    5.8119279687E-02
    6.3999800000E-04    1.2078629901E+00    2.7974076951E-01    5.5880225859E+01    5.5657766235E-02
    6.4399800000E-04    1.2446540804E+00    1.7572981124E-01    5.6140007717E+01    5.2997019905E-02
    6.4799800000E-04    1.2616054108E+00    5.6294886760E-02    5.6378291377E+01    5.0914962633E-02
    6.5199800000E-04    1.2629049075E+00   -6.8244189001E-02    5.6606723090E+01    5.0741710622E-02
    6.5599800000E-04    1.2487234472E+00   -1.8787281094E-01    5.6843186314E+01    5.2421950047E-02
    6.5999800000E-04    1.2147391223E+00   -2.9295082191E-01    5.7099429910E+01    5.4566280167E-02
    6.6399800000E-04    1.1576902125E+00   -3.7483292779E-01    5.7380032022E+01    5.6426664210E-02
    6.6799800000E-04    1.0789678699E+00   -4.2445884534E-01    5.7688004069E+01    5.7749705810E-02
    6.7199800000E-04    9.8703621412E-01   -4.3285946845E-01    5.8025205739E+01    5.8375894748E-02
    6.7599800000E-04    8.9702140893E-01   -3.9785373204E-01    5.8391177629E+01    5.8482504673E-02
    6.7999800000E-04    8.2484953247E-01   -3.2556673067E-01    5.8782326756E+01    5.8336721840E-02
    6.8399800000E-04    7.8398231561E-01   -2.2768406472E-01    5.9189051582E+01    5.8169123789E-02
    6.8799800000E-04    7.8205828922E-01   -1.1987146760E-01    5.9596692823E+01    5.8157183183E-02
    6.9199800000E-04    8.1653765121E-01   -1.8757818386E-02    5.9991279887E+01    5.8162811752E-02
    6.9599800000E-04    8.7642602483E-01    6.1546540366E-02    6.0365035299E+01    5.8149017738E-02
    6.9999800000E-04    9.4612753811E-01    1.1274905472E-01    6.0715690444E+01    5.8172537771E-02
    7.0399800000E-04    1.0101498255E+00    1.3648334175E-01    6.1043460370E+01    5.8374585198E-02
    7.0799800000E-04    1.0614690019E+00    1.4097355896E-01    6.1348958698E+01    5.8907541645E-02
    7.1199800000E-04    1.1008470749E+00    1.3312459221E-01    6.1633900511E+01    5.9898060382E-02
    7.1599800000E-04    1.1305645668E+00    1.1767111992E-01    6.1900681300E+01    6.1621960981E-02
    7.1999800000E-04    1.1526476322E+00    9.8779912339E-02    6.2151742470E+01    6.4115803598E-02
    7.2399800000E-04    1.1689076604E+00    8.0413352622E-02    6.2389974629E+01    6.6668713317E-02
    7.2799800000E-04    1.1799228044E+00    6.5041049553E-02    6.2619183983E+01    6.8506145679E-02
    7.3199800000E-04    1.1848964585E+00    5.1711627828E-02    6.2843192356E+01    6.9778110839E-02
    7.3599800000E-04    1.1842275456E+00    3.5940982216E-02    6.3065913931E+01    7.0252545004E-02
    7.3999800000E-04    1.1794749723E+00    1.5297022069E-02    6.3291027273E+01    6.9478431306E-02
    7.4399800000E-04    1.1706837375E+00   -8.3811531827E-03    6.3523137619E+01    6.8290941523E-02
    7.4799800000E-04    1.1566838119E+00   -3.2002403934E-02    6.3766412931E+01    6.7150348612E-02
    7.5199800000E-04    1.1359982642E+00   -5.2809086613E-02    6.4023978004E+01    6.6407172629E-02
    7.5599800000E-04    1.1063434214E+00   -6.9049831128E-02    6.4298144005E+01    6.6209968861E-02
    7.5999800000E-04    1.0640990124E+00   -7.8382847508E-02    6.4591406089E+01    6.6508837910E-02
    7.6399800000E-04    1.0061548093E+00   -7.3831496325E-02    6.4906560963E+01    6.7167718402E-02
    7.6799800000E-04    9.3562273684E-01   -4.3477778050E-02    6.5244860922E+01    6.7936051377E-02
    7.7199800000E-04    8.6789862389E-01    2.0012761850E-02    6.5606118174E+01    6.8500203749E-02
    7.7599800000E-04    8.2190260188E-01    1.1033778122E-01    6.5989020043E+01    6.9025429975E-02
    7.7999800000E-04    8.1062758387E-01    2.1280474108E-01    6.6388056866E+01    6.9420885964E-02
    7.8399800000E-04    8.3898122299E-01    3.1008482326E-01    6.6791348164E+01    6.9761540332E-02
    7.8799800000E-04    9.0181886476E-01    3.8521093230E-01    6.7184150928E+01    6.9889218169E-02
    7.9199800000E-04    9.8661296592E-01    4.2461058462E-01    6.7554799813E+01    6.9561178968E-02
    7.9599800000E-04    1.0768789673E+00    4.2021200552E-01    6.7897706698E+01    6.8508211790E-02
    7.9999800000E-04    1.1562418524E+00    3.7256754335E-01    6.8211030770E+01    6.6597992011E-02
    8.0399800000E-04    1.2149456765E+00    2.8998585328E-01    6.8495678729E+01    6.4096673175E-02
    8.0799800000E-04    1.2505859360E+00    1.8210426082E-01    6.8754471654E+01    6.1366359147E-02
    8.1199800000E-04    1.2660830670E+00    5.8513809401E-02    6.8991981938E+01    5.9261751713E-02
    8.1599800000E-04    1.2660129697E+00   -7.0077818640E-02    6.9220464198E+01    5.9291217732E-02
    8.1999800000E-04    1.2502216716E+00   -1.9307212793E-01    6.9458526916E+01    6.1363421965E-02
    8.2399800000E-04    1.2139839882E+00   -3.0000027948E-01    6.9717820736E+01    6.3944833589E-02
    8.2799800000E-04    1.1543508662E+00   -3.8159742690E-01    7.0002661471E+01    6.6246220729E-02
    8.3199800000E-04    1.0736289951E+00   -4.2840415224E-01    7.0315882150E+01    6.7949374992E-02
    8.3599800000E-04    9.8149738349E-01   -4.3209150689E-01    7.0658617332E+01    6.8833851761E-02
    8.3999800000E-04    8.9424920973E-01   -3.9195486752E-01    7.1029466597E+01    6.9076486265E-02
    8.4399800000E-04    8.2830243688E-01   -3.1573932685E-01    7.1423375186E+01    6.8961123940E-02
    8.4799800000E-04    7.9661652075E-01   -2.1665968946E-01    7.1828992009E+01    6.8735188902E-02
    8.5199800000E-04    8.0510140261E-01   -1.1149257271E-01    7.2231232691E+01    6.8562406748E-02
    8.5599800000E-04    8.4908914212E-01   -1.7425213199E-02    7.2617465372E+01    6.8294208890E-02
    8.5999800000E-04    9.1588587138E-01    5.1086500704E-02    7.2981738851E+01    6.8032400744E-02
    8.6399800000E-04    9.8753022952E-01    8.7071274674E-02    7.3322719795E+01    6.7680797550E-02
    8.6799800000E-04    1.0479727735E+00    9.6490955267E-02    7.3640614114E+01    6.7455364563E-02
    8.7199800000E-04    1.0928699983E+00    9.0789203252E-02    7.3936549887E+01    6.7548528234E-02
    8.7599800000E-04    1.1250816714E+00    7.6978347386E-02    7.4213095073E+01    6.8087157136E-02
    8.7999800000E-04    1.1481495526E+00    5.7831983037E-02    7.4472651638E+01    6.9271174675E-02
    8.8399800000E-04    1.1643279468E+00    3.5848928241E-02    7.4717514761E+01    7.1049734250E-02
    8.8799800000E-04    1.1752903414E+00    1.4263373043E-02    7.4950754154E+01    7.2961592183E-02
    8.9199800000E-04    1.1821284035E+00   -3.7668628659E-03    7.5176520425E+01    7.4234803199E-02
    8.9599800000E-04    1.1843057148E+00   -1.7419572752E-02    7.5399016928E+01    7.4189696320E-02
    8.9999800000E-04    1.1805492424E+00   -3.0404061755E-02    7.5621981263E+01    7.3587526998E-02
    9.0399800000E-04    1.1714626450E+00   -4.6829617045E-02    7.5849329718E+01    7.1956452688E-02
    9.0799800000E-04    1.1578278294E+00   -6.6746491674E-02    7.6085011976E+01    6.9553072900E-02
    9.1199800000E-04    1.1387147519E+00   -8.7174553190E-02    7.6333008649E+01    6.7305433453E-02
    9.1599800000E-04    1.1123031224E+00   -1.0447039357E-01    7.6596277792E+01    6.5812493600E-02
    9.1999800000E-04    1.0763646621E+00   -1.1533509807E-01    7.6877138636E+01    6.5044251937E-02
    9.2399800000E-04    1.0278301763E+00   -1.1595342378E-01    7.7178018700E+01    6.4709174683E-02
    9.2799800000E-04    9.6477724710E-01   -9.9149695320E-02    7.7501047926E+01    6.4679384538E-02
    9.3199800000E-04    8.9338276888E-01   -5.4796890207E-02    7.7847081755E+01    6.4786186580E-02
    9.3599800000E-04    8.2990264186E-01    2.0574872288E-02    7.8216447733E+01    6.4879669752E-02
    9.3999800000E-04    7.9101986732E-01    1.1896126705E-01    7.8607368656E+01    6.4967931189E-02
    9.4399800000E-04    7.8857981482E-01    2.2596177163E-01    7.9012883135E+01    6.5016242254E-02
    9.4799800000E-04    8.2598529333E-01    3.2457547341E-01    7.9419431833E+01    6.5185828391E-02
    9.5199800000E-04    8.9616361345E-01    3.9854911006E-01    7.9812000604E+01    6.5296803721E-02
    9.5599800000E-04    9.8565312715E-01    4.3547888374E-01    8.0180187718E+01    6.5103889319E-02
    9.5999800001E-04    1.0781368510E+00    4.2853174197E-01    8.0519815458E+01    6.4323292723E-02
    9.6399800001E-04    1.1578805340E+00    3.7934809780E-01    8.0830028600E+01    6.2779145173E-02
    9.6799800001E-04    1.2159651970E+00    2.9666541461E-01    8.1112386006E+01    6.0666433009E-02
    9.7199800001E-04    1.2506842681E+00    1.8972054682E-01    8.1369810442E+01    5.8274941392E-02
    9.7599800001E-04    1.2652759981E+00    6.7522176077E-02    8.1606791683E+01    5.6398565313E-02
    9.7999800001E-04    1.2643101489E+00   -5.9772426862E-02    8.1835268197E+01    5.6526651594E-02
    9.8399800001E-04    1.2476502107E+00   -1.8174015839E-01    8.2073615677E+01    5.8691551295E-02
    9.8799800001E-04    1.2108338286E+00   -2.8774779684E-01    8.2333635096E+01    6.1444154605E-02
    9.9199800001E-04    1.1513287688E+00   -3.6812900333E-01    8.2619837427E+01    6.3971682300E-02
    9.9599800001E-04    1.0720661939E+00   -4.1307979963E-01    8.2934992261E+01    6.5903610905E-02
    9.9999800001E-04    9.8342620707E-01   -4.1460494223E-01    8.3279683308E+01    6.6970451628E-02
    1.0039980000E-03    9.0190302596E-01   -3.7295077789E-01    8.3651603286E+01    6.7297602364E-02
    1.0079980000E-03    8.4360882671E-01   -2.9678933178E-01    8.4044475884E+01    6.7130317650E-02
    1.0119980000E-03    8.2020634295E-01   -2.0010714436E-01    8.4446203665E+01    6.6700035634E-02
    1.0159980000E-03    8.3547910327E-01   -9.9951631009E-02    8.4842461639E+01    6.6139780282E-02
    1.0199980000E-03    8.8386106751E-01   -1.3441380733E-02    8.5222289188E+01    6.5436844113E-02
    1.0239980000E-03    9.5170017085E-01    4.5278297447E-02    8.5580808346E+01    6.4606960189E-02
    1.0279980000E-03    1.0198404621E+00    7.1490109740E-02    8.5916725483E+01    6.3516983891E-02
    1.0319980000E-03    1.0749167842E+00    7.3266933247E-02    8.6229547501E+01    6.2599762796E-02
    1.0359980000E-03    1.1150030903E+00    6.1829747232E-02    8.6520618666E+01    6.2094116177E-02
    1.0399980000E-03    1.1430387809E+00    4.3798942473E-02    8.6792798647E+01    6.2130585182E-02
    1.0439980000E-03    1.1624007513E+00    2.1424142967E-02    8.7048599626E+01    6.2682782285E-02
    1.0479980000E-03    1.1752160042E+00   -3.6007089565E-03    8.7290448513E+01    6.3539615753E-02
    1.0519980000E-03    1.1828441861E+00   -2.8634056050E-02    8.7521605686E+01    6.4346018871E-02
    1.0559980000E-03    1.1863736574E+00   -5.0785085846E-02    8.7746344368E+01    6.4752237814E-02
    1.0599980000E-03    1.1857820638E+00   -6.8148214663E-02    8.7969395718E+01    6.4025431353E-02
    1.0639980000E-03    1.1795371800E+00   -8.2705010543E-02    8.8194558697E+01    6.2463966478E-02
    1.0679980000E-03    1.1670020542E+00   -9.8719109676E-02    8.8425711831E+01    6.0474770272E-02
    1.0719980000E-03    1.1488180230E+00   -1.1704932879E-01    8.8666667676E+01    5.7957501496E-02
    1.0759980000E-03    1.1244195448E+00   -1.3524167917E-01    8.8921089243E+01    5.5549067417E-02
    1.0799980000E-03    1.0920046291E+00   -1.4924475109E-01    8.9191770471E+01    5.3879434946E-02
    1.0839980000E-03    1.0497227173E+00   -1.5445207904E-01    8.9481223735E+01    5.2878864923E-02
    1.0879980000E-03    9.9585458168E-01   -1.4559683832E-01    8.9791794008E+01    5.2329344733E-02
    1.0919980000E-03    9.3086425428E-01   -1.1579012454E-01    9.0124821837E+01    5.2131844323E-02
    1.0959980000E-03    8.6300248397E-01   -5.8259807053E-02    9.0480690580E+01    5.2120111544E-02
    1.0999980000E-03    8.0770531215E-01    2.6757489720E-02    9.0859223681E+01    5.2157948474E-02
    1.1039980000E-03    7.7936655674E-01    1.2998977424E-01    9.1257279095E+01    5.2167739995E-02
    1.1079980000E-03    7.8776634450E-01    2.3711954925E-01    9.1665896457E+01    5.2237087201E-02
    1.1119980000E-03    8.3364416646E-01    3.3176882073E-01    9.2070822308E+01    5.2445567552E-02
    1.1159980000E-03    9.0855506816E-01    3.9900773390E-01    9.2458124041E+01    5.2604556598E-02
    1.1199980000E-03    9.9882329811E-01    4.2816293840E-01    9.2819390740E+01    5.2506128254E-02
    1.1239980000E-03    1.0887708266E+00    4.1427109179E-01    9.3151721914E+01    5.1892810741E-02
    1.1279980000E-03    1.1642132145E+00    3.6079760444E-01    9.3455087312E+01    5.0638018775E-02
    1.1319980000E-03    1.2178277391E+00    2.7704992250E-01    9.3731698408E+01    4.8894311453E-02
    1.1359980000E-03    1.2489566353E+00    1.7188781502E-01    9.3984700654E+01    4.6919587692E-02
    1.1399980000E-03    1.2611188979E+00    5.3795209773E-02    9.4219223781E+01    4.5509417416E-02
    1.1439980000E-03    1.2581485221E+00   -6.7964816632E-02    9.4447842124E+01    4.5927844741E-02
    1.1479980000E-03    1.2392599380E+00   -1.8379189494E-01    9.4687857679E+01    4.8016295961E-02
    1.1519980000E-03    1.2004048100E+00   -2.8374154916E-01    9.4949777619E+01    5.0542967237E-02
    1.1559980000E-03    1.1397863668E+00   -3.5829516473E-01    9.5237976274E+01    5.2840919319E-02
    1.1599980000E-03    1.0611741915E+00   -3.9741399045E-01    9.5555191212E+01    5.4576573091E-02
    1.1639980000E-03    9.7570385494E-01   -3.9372225258E-01    9.5901705102E+01    5.5523679547E-02
    1.1679980000E-03    8.9938790693E-01   -3.4859334576E-01    9.6274727627E+01    5.5796423577E-02
    1.1719980000E-03    8.4729957163E-01   -2.7108335133E-01    9.6667362590E+01    5.5588098992E-02
    1.1759980000E-03    8.2942693522E-01   -1.7528740481E-01    9.7067398980E+01    5.5101342939E-02
    1.1799980000E-03    8.4781232372E-01   -7.7738359638E-02    9.7461415218E+01    5.4421101003E-02
    1.1839980000E-03    8.9643371845E-01    5.3357270445E-03    9.7839485510E+01    5.3583725334E-02
    1.1879980000E-03    9.6144164293E-01    6.1373299120E-02    9.8197198061E+01    5.2472037209E-02
    1.1919980000E-03    1.0255828993E+00    8.7074109812E-02    9.8532824101E+01    5.1166691922E-02
    1.1959980000E-03    1.0782993864E+00    8.9201100691E-02    9.8845474334E+01    5.0157863057E-02
    1.1999980000E-03    1.1176979843E+00    7.7278626613E-02    9.9136292109E+01    4.9631486339E-02
    1.2039980000E-03    1.1459160535E+00    5.7550669708E-02    9.9407972857E+01    4.9674079430E-02
    1.2079980000E-03    1.1656654963E+00    3.2928577785E-02    9.9663068878E+01    5.0249458883E-02
    1.2119980000E-03    1.1788176293E+00    5.7020088290E-03    9.9904193445E+01    5.1140016658E-02
    1.2159980000E-03    1.1867053891E+00   -2.1301654676E-02    1.0013482775E+02    5.1946953507E-02
    1.2199980000E-03    1.1901685370E+00   -4.5558812515E-02    1.0035951735E+02    5.2233862079E-02
    1.2239980000E-03    1.1887576619E+00   -6.5700910134E-02    1.0058302046E+02    5.1384303957E-02
    1.2279980000E-03    1.1811361199E+00   -8.4124809295E-02    1.0080945203E+02    4.9920182352E-02
    1.2319980000E-03    1.1671684955E+00   -1.0388966178E-01    1.0104291700E+02    4.7995979864E-02
    1.2359980000E-03    1.1473260308E+00   -1.2471944767E-01    1.0128738626E+02    4.5725316719E-02
    1.2399980000E-03    1.1207050906E+00   -1.4389614989E-01    1.0154633186E+02    4.3730502899E-02
    1.2439980000E-03    1.0855176865E+00   -1.5734893801E-01    1.0182246850E+02    4.2415146519E-02
    1.2479980000E-03    1.0402214203E+00   -1.6017981335E-01    1.0211836842E+02    4.1680234374E-02
    1.2519980000E-03    9.8376075058E-01   -1.4678014068E-01    1.0243617288E+02    4.1408644288E-02
    1.2559980000E-03    9.1855865930E-01   -1.1024691455E-01    1.0277669511E+02    4.1479553598E-02
    1.2599980000E-03    8.5477627940E-01   -4.5730518261E-02    1.0313981718E+02    4.1691473924E-02
    1.2639980000E-03    8.0744157486E-01    4.3741004185E-02    1.0352417173E+02    4.1919572941E-02
    1.2679980000E-03    7.8915837646E-01    1.4736585741E-01    1.0392501519E+02    4.2126604303E-02
    1.2719980000E-03    8.0689519136E-01    2.5033235232E-01    1.0433192201E+02    4.2368647583E-02
    1.2759980000E-03    8.5902178977E-01    3.3686231597E-01    1.0473101975E+02    4.2638206046E-02
    1.2799980000E-03    9.3615886133E-01    3.9331997509E-01    1.0510998522E+02    4.2743829753E-02
    1.2839980000E-03    1.0244074898E+00    4.1077185345E-01    1.0546214958E+02    4.2528817342E-02
    1.2879980000E-03    1.1086820708E+00    3.8641571243E-01    1.0578535269E+02    4.1779328694E-02
    1.2919980000E-03    1.1767717777E+00    3.2583642697E-01    1.0608014303E+02    4.0491728324E-02
    1.2959980000E-03    1.2233395201E+00    2.3870390259E-01    1.0634920659E+02    3.8819846940E-02
    1.2999980000E-03    1.2489219723E+00    1.3364524660E-01    1.0659603806E+02    3.7083841016E-02
    1.3039980000E-03    1.2572152857E+00    1.9023169559E-02    1.0682727653E+02    3.6158828409E-02
    1.3079980000E-03    1.2508777934E+00   -9.6728826817E-02    1.0705702295E+02    3.6950700729E-02
    1.3119980000E-03    1.2280513546E+00   -2.0493072872E-01    1.0730083684E+02    3.8912220007E-02
    1.3159980000E-03    1.1850652451E+00   -2.9642854546E-01    1.0756702291E+02    4.1051157532E-02
    1.3199980000E-03    1.1211029437E+00   -3.6196054876E-01    1.0785948441E+02    4.2903390193E-02
    1.3239980000E-03    1.0411491943E+00   -3.9153254331E-01    1.0818082142E+02    4.4216224274E-02
    1.3279980000E-03    9.5714207930E-01   -3.7911357606E-01    1.0853106138E+02    4.4866759472E-02
    1.3319980000E-03    8.8446239048E-01   -3.2738924310E-01    1.0890718614E+02    4.4989488056E-02
    1.3359980000E-03    8.3705228828E-01   -2.4572642772E-01    1.0930186060E+02    4.4742703731E-02
    1.3399980000E-03    8.2339330305E-01   -1.4819154514E-01    1.0970279607E+02    4.4301384509E-02
    1.3439980000E-03    8.4442719178E-01   -5.0732193877E-02    1.1009709446E+02    4.3707754576E-02
    1.3479980000E-03    8.9342468447E-01    3.1385705761E-02    1.1047540681E+02    4.2990650801E-02
    1.3519980000E-03    9.5689015761E-01    8.7143791868E-02    1.1083345520E+02    4.2032509167E-02
    1.3559980000E-03    1.0194926357E+00    1.1407899621E-01    1.1116933919E+02    4.1021300091E-02
    1.3599980000E-03    1.0718826434E+00    1.1817425157E-01    1.1148232911E+02    4.0365505886E-02
    1.3639980000E-03    1.1121478537E+00    1.0760578794E-01    1.1177346537E+02    4.0221594769E-02
    1.3679980000E-03    1.1419877856E+00    8.8024082799E-02    1.1204524775E+02    4.0659534546E-02
    1.3719980000E-03    1.1634832194E+00    6.3010428179E-02    1.1230020703E+02    4.1694632448E-02
    1.3759980000E-03    1.1783239772E+00    3.5787180043E-02    1.1254111962E+02    4.3086732121E-02
    1.3799980000E-03    1.1878588656E+00    9.2136058882E-03    1.1277160820E+02    4.4302239603E-02
    1.3839980000E-03    1.1923438031E+00   -1.4699980742E-02    1.1299634128E+02    4.4646879995E-02
    1.3879980000E-03    1.1908548246E+00   -3.6301471259E-02    1.1321984225E+02    4.4147398145E-02
    1.3919980000E-03    1.1829545612E+00   -5.8595105326E-02    1.1344665253E+02    4.3136102634E-02
    1.3959980000E-03    1.1693365919E+00   -8.2685024515E-02    1.1368111053E+02    4.1397841366E-02
    1.3999980000E-03    1.1499181704E+00   -1.0696611055E-01    1.1392745033E+02    3.9501407748E-02
    1.4039980000E-03    1.1232700597E+00   -1.2836531441E-01    1.1418894932E+02    3.8071935471E-02
    1.4079980000E-03    1.0876755171E+00   -1.4286802599E-01    1.1446829290E+02    3.7295104659E-02
    1.4119980000E-03    1.0415255117E+00   -1.4583104796E-01    1.1476801892E+02    3.7083106736E-02
    1.4159980000E-03    9.8407430014E-01   -1.3123637412E-01    1.1509011590E+02    3.7340480309E-02
    1.4199980000E-03    9.1934226567E-01   -9.1799383770E-02    1.1543499103E+02    3.7872915695E-02
    1.4239980000E-03    8.5900077083E-01   -2.4044081318E-02    1.1580191983E+02    3.8390422800E-02
    1.4279980000E-03    8.1786296207E-01    6.6810056233E-02    1.1618853735E+02    3.8835073806E-02
    1.4319980000E-03    8.0732274784E-01    1.6857660937E-01    1.1658899217E+02    3.9229106686E-02
    1.4359980000E-03    8.3199222464E-01    2.6591075305E-01    1.1699218745E+02    3.9564709573E-02
    1.4399980000E-03    8.8861864722E-01    3.4342567719E-01    1.1738478307E+02    3.9781134879E-02
    1.4439980000E-03    9.6693727653E-01    3.8845071689E-01    1.1775573947E+02    3.9699061141E-02
    1.4479980000E-03    1.0526020021E+00    3.9342531580E-01    1.1809946969E+02    3.9177393008E-02
    1.4519980000E-03    1.1309601848E+00    3.5771884449E-01    1.1841418160E+02    3.8080601231E-02
    1.4559980000E-03    1.1916536354E+00    2.8872737238E-01    1.1870089623E+02    3.6517747047E-02
    1.4599980000E-03    1.2311526823E+00    1.9622485162E-01    1.1896259359E+02    3.4689503515E-02
    1.4639980000E-03    1.2510609117E+00    8.8913593343E-02    1.1920341649E+02    3.3058324297E-02
    1.4679980000E-03    1.2550620232E+00   -2.4716214309E-02    1.1943229221E+02    3.2591256624E-02
    1.4719980000E-03    1.2444317013E+00   -1.3661640907E-01    1.1966481322E+02    3.3709714222E-02
    1.4759980000E-03    1.2162873951E+00   -2.3849981006E-01    1.1991417632E+02    3.5534853787E-02
    1.4799980000E-03    1.1674028387E+00   -3.2179039806E-01    1.2018656165E+02    3.7301033195E-02
    1.4839980000E-03    1.0981394124E+00   -3.7731805796E-01    1.2048544448E+02    3.8705185611E-02
    1.4879980000E-03    1.0150481354E+00   -3.9550070956E-01    1.2081314753E+02    3.9568405486E-02
    1.4919980000E-03    9.3100852890E-01   -3.7220982460E-01    1.2116940792E+02    3.9890140657E-02
    1.4959980000E-03    8.6102576768E-01   -3.1155365686E-01    1.2155094788E+02    3.9830931217E-02
    1.4999980000E-03    8.1809236968E-01   -2.2356968447E-01    1.2194970567E+02    3.9539366779E-02
    1.5039980000E-03    8.0948011146E-01   -1.2255525574E-01    1.2235298487E+02    3.9170350247E-02
    1.5079980000E-03    8.3490257472E-01   -2.4202455107E-02    1.2274798740E+02    3.8731111646E-02
    1.5119980000E-03    8.8644256390E-01    5.7099658834E-02    1.2312592964E+02    3.8237942442E-02
    1.5159980000E-03    9.5054390060E-01    1.1180412604E-01    1.2348287621E+02    3.7647869565E-02
    1.5199980000E-03    1.0128709890E+00    1.3879040200E-01    1.2381733052E+02    3.7157157806E-02
    1.5239980000E-03    1.0651256671E+00    1.4419149398E-01    1.2412899418E+02    3.7050454458E-02
    1.5279980000E-03    1.1060938944E+00    1.3505568459E-01    1.2441903327E+02    3.7461787985E-02
    1.5319980000E-03    1.1372134330E+00    1.1662288075E-01    1.2468983611E+02    3.8484187680E-02
    1.5359980000E-03    1.1601462695E+00    9.3190938217E-02    1.2494399267E+02    4.0134596691E-02
    1.5399980000E-03    1.1766081337E+00    6.8366023736E-02    1.2518434874E+02    4.2010816094E-02
    1.5439980000E-03    1.1875373554E+00    4.4679173278E-02    1.2541469968E+02    4.3427023134E-02
    1.5479980000E-03    1.1924723770E+00    2.2818237313E-02    1.2563940180E+02    4.4095996635E-02
    1.5519980000E-03    1.1909903460E+00    4.8227127177E-04    1.2586293639E+02    4.4255246131E-02
    1.5559980000E-03    1.1839432507E+00   -2.4663342571E-02    1.2608979432E+02    4.3405679163E-02
    1.5599980000E-03    1.1718618297E+00   -5.1692355856E-02    1.2632463833E+02    4.1987745095E-02
    1.5639980000E-03    1.1539236825E+00   -7.8176514197E-02    1.2657174442E+02    4.0655088698E-02
    1.5679980000E-03    1.1285774670E+00   -1.0096242790E-01    1.2683427874E+02    3.9839755114E-02
    1.5719980000E-03    1.0939814314E+00   -1.1673069618E-01    1.2711481269E+02    3.9635011850E-02
    1.5759980000E-03    1.0480691842E+00   -1.2111865249E-01    1.2741594487E+02    3.9985980147E-02
    1.5799980000E-03    9.9027383358E-01   -1.0721373183E-01    1.2773966598E+02    4.0796816845E-02
    1.5839980000E-03    9.2565160501E-01   -6.7036456255E-02    1.2808610628E+02    4.1805307861E-02
    1.5879980000E-03    8.6698329461E-01    1.9765978589E-03    1.2845402131E+02    4.2615212074E-02
    1.5919980000E-03    8.2960661326E-01    9.3029648754E-02    1.2884069448E+02    4.3254882422E-02
    1.5959980000E-03    8.2416381640E-01    1.9267616510E-01    1.2923970724E+02    4.3770536499E-02
    1.5999980000E-03    8.5386741200E-01    2.8505586479E-01    1.2963960951E+02    4.4133177296E-02
    1.6039980000E-03    9.1425421758E-01    3.5477931998E-01    1.3002720335E+02    4.4239125480E-02
    1.6079980000E-03    9.9403063956E-01    3.8964554988E-01    1.3039216657E+02    4.3910257176E-02
    1.6119980000E-03    1.0780450862E+00    3.8307825907E-01    1.3072947777E+02    4.2991549605E-02
    1.6159980000E-03    1.1518782770E+00    3.3635669361E-01    1.3103753047E+02    4.1437789565E-02
    1.6199980000E-03    1.2066275541E+00    2.5823576346E-01    1.3131773176E+02    3.9456225190E-02
    1.6239980000E-03    1.2402327880E+00    1.5849174171E-01    1.3157325871E+02    3.7342998441E-02
    1.6279980000E-03    1.2552237610E+00    4.6172851259E-02    1.3180928654E+02    3.5778869392E-02
    1.6319980000E-03    1.2550924224E+00   -6.9716410969E-02    1.3203755482E+02    3.5784475684E-02
    1.6359980000E-03    1.2396316350E+00   -1.8083020365E-01    1.3227442516E+02    3.7210174885E-02
    1.6399980000E-03    1.2051189747E+00   -2.7872075585E-01    1.3253055487E+02    3.8979091283E-02
    1.6439980000E-03    1.1489036389E+00   -3.5506835910E-01    1.3281058824E+02    4.0502077223E-02
    1.6479980000E-03    1.0727563896E+00   -4.0062597676E-01    1.3311770278E+02    4.1575079387E-02
    1.6519980000E-03    9.8521554620E-01   -4.0658898499E-01    1.3345378480E+02    4.2074586036E-02
    1.6559980000E-03    9.0039392994E-01   -3.7113609266E-01    1.3381821706E+02    4.2134192148E-02
    1.6599980000E-03    8.3317759486E-01   -3.0006393114E-01    1.3420714391E+02    4.1935176506E-02
    1.6639980000E-03    7.9591560314E-01   -2.0457662323E-01    1.3461119795E+02    4.1654677853E-02
    1.6679980000E-03    7.9460037804E-01   -9.9636530787E-02    1.3501676517E+02    4.1423799334E-02
    1.6719980000E-03    8.2709812632E-01   -9.4260776523E-04    1.3541098918E+02    4.1185322594E-02
    1.6759980000E-03    8.8347770645E-01    7.8091290492E-02    1.3578612412E+02    4.0935724505E-02
    1.6799980000E-03    9.4947895163E-01    1.2968478768E-01    1.3613919083E+02    4.0733867328E-02
    1.6839980000E-03    1.0113882903E+00    1.5477741521E-01    1.3646955503E+02    4.0762274516E-02
    1.6879980000E-03    1.0627114852E+00    1.5991388698E-01    1.3677736265E+02    4.1200464399E-02
    1.6919980000E-03    1.1032153272E+00    1.5146129538E-01    1.3706409600E+02    4.2147979683E-02
    1.6959980000E-03    1.1342642827E+00    1.3462593783E-01    1.3733217565E+02    4.3740828015E-02
    1.6999980000E-03    1.1575483037E+00    1.1396893020E-01    1.3758423429E+02    4.5912894369E-02
    1.7039980000E-03    1.1746451911E+00    9.3051581375E-02    1.3782322424E+02    4.8064049913E-02
    1.7079980000E-03    1.1857712626E+00    7.3679364660E-02    1.3805299932E+02    4.9709512391E-02
    1.7119980000E-03    1.1903968874E+00    5.4664568510E-02    1.3827757172E+02    5.0953654306E-02
    1.7159980000E-03    1.1893274916E+00    3.2475633437E-02    1.3850111699E+02    5.1247385276E-02
    1.7199980000E-03    1.1837094794E+00    6.5794109717E-03    1.3872797606E+02    5.0616514254E-02
    1.7239980000E-03    1.1733716656E+00   -2.0964769969E-02    1.3896303829E+02    4.9684365344E-02
    1.7279980000E-03    1.1571657681E+00   -4.7415434495E-02    1.3921035682E+02    4.8868815738E-02
    1.7319980000E-03    1.1335836064E+00   -7.0097036879E-02    1.3947298030E+02    4.8507844835E-02
    1.7359980000E-03    1.1003606804E+00   -8.6657192247E-02    1.3975336342E+02    4.8713762673E-02
    1.7399980000E-03    1.0548172424E+00   -9.2876537099E-02    1.4005424458E+02    4.9460532819E-02
    1.7439980000E-03    9.9621257618E-01   -8.0699056732E-02    1.4037779000E+02    5.0635691972E-02
    1.7479980000E-03    9.2999800118E-01   -4.1010093623E-02    1.4072404313E+02    5.1907057260E-02
    1.7519980000E-03    8.7071398983E-01    2.8755899576E-02    1.4109166267E+02    5.2860488849E-02
    1.7559980000E-03    8.3498642672E-01    1.2041043888E-01    1.4147807633E+02    5.3626465903E-02
    1.7599980000E-03    8.3309738571E-01    2.1919095859E-01    1.4187643701E+02    5.4214037777E-02
    1.7639980000E-03    8.6740242936E-01    3.0850709384E-01    1.4227475206E+02    5.4591695183E-02
    1.7679980000E-03    9.3208737531E-01    3.7261978937E-01    1.4265952081E+02    5.4604631551E-02
    1.7719980000E-03    1.0144597938E+00    3.9953073896E-01    1.4302081684E+02    5.4054237406E-02
    1.7759980000E-03    1.0984325733E+00    3.8334289236E-01    1.4335397304E+02    5.2757192503E-02
    1.7799980000E-03    1.1696182762E+00    3.2700114567E-01    1.4365756495E+02    5.0751854430E-02
    1.7839980000E-03    1.2203121838E+00    2.3999156329E-01    1.4393326669E+02    4.8330724998E-02
    1.7879980000E-03    1.2495866721E+00    1.3207195726E-01    1.4418439938E+02    4.5910083531E-02
    1.7919980000E-03    1.2608063837E+00    1.2863877491E-02    1.4441734578E+02    4.4452550804E-02
    1.7959980000E-03    1.2571650343E+00   -1.0782258695E-01    1.4464649972E+02    4.4962991871E-02
    1.7999980000E-03    1.2370226304E+00   -2.2068164728E-01    1.4488834209E+02    4.6756685951E-02
    1.8039980000E-03    1.1960516654E+00   -3.1682460949E-01    1.4515146915E+02    4.8649748283E-02
    1.8079980000E-03    1.1323223827E+00   -3.8786753728E-01    1.4543962890E+02    5.0166626011E-02
    1.8119980000E-03    1.0491672570E+00   -4.2439176288E-01    1.4575572636E+02    5.1125959520E-02
    1.8159980000E-03    9.5735634057E-01   -4.1876049219E-01    1.4610104402E+02    5.1458433027E-02
    1.8199980000E-03    8.7236729090E-01   -3.7157673101E-01    1.4647446226E+02    5.1411745878E-02
    1.8239980000E-03    8.0916566191E-01   -2.9054154154E-01    1.4687097436E+02    5.1195258605E-02
    1.8279980000E-03    7.7958662376E-01   -1.8841921264E-01    1.4727932982E+02    5.1027799388E-02
    1.8319980000E-03    7.8825568583E-01   -8.1161638134E-02    1.4768478948E+02    5.1000825040E-02
    1.8359980000E-03    8.2997913875E-01    1.5436627644E-02    1.4807491700E+02    5.0957562870E-02
    1.8399980000E-03    8.9259992399E-01    8.8944219484E-02    1.4844370458E+02    5.0924863885E-02
    1.8439980000E-03    9.6059269128E-01    1.3376318361E-01    1.4878958764E+02    5.0987265789E-02
    1.8479980000E-03    1.0210040479E+00    1.5348185055E-01    1.4911278377E+02    5.1330944826E-02
    1.8519980000E-03    1.0696162929E+00    1.5548661549E-01    1.4941390692E+02    5.2068555281E-02
    1.8559980000E-03    1.1074377046E+00    1.4579921518E-01    1.4969487592E+02    5.3345526304E-02
    1.8599980000E-03    1.1361989994E+00    1.2939508077E-01    1.4995814087E+02    5.5367632956E-02
    1.8639980000E-03    1.1577982912E+00    1.1066955590E-01    1.5020630995E+02    5.7906180552E-02
    1.8679980000E-03    1.1736084170E+00    9.3133172607E-02    1.5044252019E+02    6.0219838975E-02
    1.8719980000E-03    1.1834341931E+00    7.7904174703E-02    1.5067063078E+02    6.1985389661E-02
    1.8759980000E-03    1.1869775011E+00    6.2258405991E-02    1.5089446945E+02    6.3312320233E-02
    1.8799980000E-03    1.1856509998E+00    4.2207599968E-02    1.5111782863E+02    6.3447891308E-02
    1.8839980000E-03    1.1803972359E+00    1.8103389458E-02    1.5134496313E+02    6.2851620729E-02
    1.8879980000E-03    1.1705784272E+00   -7.5531944637E-03    1.5158061882E+02    6.2011527399E-02
    1.8919980000E-03    1.1549614503E+00   -3.1864309121E-02    1.5182858684E+02    6.1290099429E-02
    1.8959980000E-03    1.1319740004E+00   -5.2599083771E-02    1.5209171493E+02    6.0992801736E-02
    1.8999980000E-03    1.0988687935E+00   -6.8228419403E-02    1.5237231897E+02    6.1249098511E-02
    1.9039980000E-03    1.0522066002E+00   -7.4799509991E-02    1.5267320863E+02    6.2000360230E-02
    1.9079980000E-03    9.9057509083E-01   -6.3206494874E-02    1.5299678987E+02    6.3098505592E-02
    1.9119980000E-03    9.2058572967E-01   -2.2392821178E-02    1.5334329140E+02    6.4147182449E-02
    1.9159980000E-03    8.5978157359E-01    5.0289665086E-02    1.5371188811E+02    6.4925311071E-02
    1.9199980000E-03    8.2556801664E-01    1.4482670121E-01    1.5410008204E+02    6.5602968566E-02
    1.9239980000E-03    8.2789589707E-01    2.4522848634E-01    1.5450026514E+02    6.6119559883E-02
    1.9279980000E-03    8.6816708254E-01    3.3410446196E-01    1.5489939463E+02    6.6462862596E-02
    1.9319980000E-03    9.3861355748E-01    3.9550303641E-01    1.5528350426E+02    6.6427674484E-02
    1.9359980000E-03    1.0252270985E+00    4.1761445528E-01    1.5564310492E+02    6.5779573315E-02
    1.9399980000E-03    1.1109837143E+00    3.9527030377E-01    1.5597410159E+02    6.4290060283E-02
    1.9439980000E-03    1.1816291045E+00    3.3262109800E-01    1.5627542446E+02    6.2034650871E-02
    1.9479980000E-03    1.2304369357E+00    2.3924961336E-01    1.5654894226E+02    5.9346933771E-02
    1.9519980000E-03    1.2572644989E+00    1.2477679349E-01    1.5679796127E+02    5.6719207262E-02
    1.9559980000E-03    1.2661955838E+00   -6.7585963076E-04    1.5702956800E+02    5.5361993814E-02
    1.9599980000E-03    1.2603034536E+00   -1.2649915404E-01    1.5725986671E+02    5.6309638745E-02
    1.9639980000E-03    1.2369673746E+00   -2.4240518709E-01    1.5750549009E+02    5.8554479976E-02
    1.9679980000E-03    1.1915376087E+00   -3.3884818260E-01    1.5777402399E+02    6.0820925038E-02
    1.9719980000E-03    1.1228057290E+00   -4.0700301644E-01    1.5806882346E+02    6.2650722897E-02
    1.9759980000E-03    1.0354986640E+00   -4.3732218696E-01    1.5839245148E+02    6.3808753562E-02
    1.9799980000E-03    9.4217088551E-01   -4.2353846601E-01    1.5874537142E+02    6.4248364492E-02
    1.9839980000E-03    8.5951614511E-01   -3.6824244102E-01    1.5912560574E+02    6.4257137679E-02
    1.9879980000E-03    8.0270219811E-01   -2.8100567979E-01    1.5952642482E+02    6.4090198484E-02
    1.9919980000E-03    7.8293624171E-01   -1.7618481120E-01    1.5993475168E+02    6.3980421335E-02
    1.9959980000E-03    8.0274642385E-01   -7.0785413669E-02    1.6033540408E+02    6.3966740447E-02
    1.9999980000E-03    8.5428948282E-01    1.9119629042E-02    1.6071746220E+02    6.3880870242E-02
