 sig=    1.000000000000000      inputfile=
 /home/rjrj524/Finished/vmec_gc_tracer/revised_251128/nc/wout_pwO_nfp2_A6.nc                                                                                                                             
 dt=   2.0000000000000001E-009
 steps=      1000000
 x0=   5.9999999999999998E-002    3.080000000000000      
    6.410000000000000     
 u=   -44700.00000000000     
 v_perp=    135000.0000000000     
 
time(s)         x0(1)       x0(2)        x0(3)      r
    3.9980000000E-06    1.2680441392E+00    4.5665514981E-02    6.2879029643E+00    6.0178097685E-02
    7.9980000000E-06    1.2632725537E+00    1.2357036774E-01    6.1615093512E+00    5.9140834520E-02
    1.1998000000E-05    1.2509875670E+00    2.0348052208E-01    6.0212737643E+00    5.7410041426E-02
    1.5998000000E-05    1.2279708873E+00    2.8297477954E-01    5.8613822944E+00    5.5653151863E-02
    1.9998000000E-05    1.1905357812E+00    3.5706158738E-01    5.6792943389E+00    5.4304128587E-02
    2.3998000000E-05    1.1356867600E+00    4.1959339758E-01    5.4739391238E+00    5.3598312611E-02
    2.7998000000E-05    1.0623834976E+00    4.6340676291E-01    5.2447395887E+00    5.3670227284E-02
    3.1998000000E-05    9.7371560754E-01    4.8103310361E-01    4.9917451742E+00    5.4553305902E-02
    3.5998000000E-05    8.7743348842E-01    4.6730573649E-01    4.7150126327E+00    5.5868618215E-02
    3.9998000000E-05    7.8295219509E-01    4.2110752201E-01    4.4142319330E+00    5.7141208438E-02
    4.3998000000E-05    6.9970013541E-01    3.4510236797E-01    4.0901157342E+00    5.8063449571E-02
    4.7998000000E-05    6.3749877399E-01    2.4557225969E-01    3.7456446380E+00    5.8363198121E-02
    5.1998000000E-05    6.0424523207E-01    1.3237666912E-01    3.3886668545E+00    5.7765023662E-02
    5.5998000000E-05    6.0097820030E-01    1.5682655787E-02    3.0314279545E+00    5.6194153739E-02
    5.9998000000E-05    6.2389748332E-01   -9.6435718259E-02    2.6857335877E+00    5.3614203014E-02
    6.3998000000E-05    6.6715842532E-01   -1.9722590135E-01    2.3594708272E+00    5.0302996104E-02
    6.7998000000E-05    7.2616057755E-01   -2.8080509083E-01    2.0559439814E+00    4.6566607432E-02
    7.1998000000E-05    7.9575557900E-01   -3.4268899209E-01    1.7763913860E+00    4.2571789357E-02
    7.5998000000E-05    8.6884506376E-01   -3.8169281906E-01    1.5203735740E+00    3.8676407528E-02
    7.9998000000E-05    9.3921051757E-01   -3.9992658761E-01    1.2859582675E+00    3.4988907070E-02
    8.3998000000E-05    1.0026767981E+00   -4.0147126915E-01    1.0708811429E+00    3.1592379460E-02
    8.7998000000E-05    1.0573533786E+00   -3.9071688566E-01    8.7345832294E-01    2.8547230349E-02
    9.1998000000E-05    1.1031212695E+00   -3.7115322256E-01    6.9183960247E-01    2.5862254589E-02
    9.5998000000E-05    1.1405549905E+00   -3.4494325025E-01    5.2445968681E-01    2.3555355835E-02
    9.9998000000E-05    1.1703534670E+00   -3.1342813764E-01    3.7031743570E-01    2.1605579542E-02
    1.0399800000E-04    1.1931937883E+00   -2.7787430196E-01    2.2876536789E-01    1.9996551371E-02
    1.0799800000E-04    1.2098633007E+00   -2.3950647338E-01    9.9184938283E-02    1.8698025166E-02
    1.1199800000E-04    1.2212601729E+00   -1.9958493947E-01   -1.9552709314E-02    1.7692865372E-02
    1.1599800000E-04    1.2283003203E+00   -1.5906290774E-01   -1.2947299178E-01    1.6929693746E-02
    1.1999800000E-04    1.2317373020E+00   -1.1820411935E-01   -2.3368855258E-01    1.6297604380E-02
    1.2399800000E-04    1.2319921636E+00   -7.6585411974E-02   -3.3632111103E-01    1.5655829020E-02
    1.2799800000E-04    1.2290511303E+00   -3.3382036050E-02   -4.4220147148E-01    1.4878672050E-02
    1.3199800000E-04    1.2224103661E+00    1.2138637729E-02   -5.5637252360E-01    1.3893137345E-02
    1.3599800000E-04    1.2110727549E+00    6.0055837049E-02   -6.8343929331E-01    1.2694954809E-02
    1.3999800000E-04    1.1936153684E+00    1.0931733472E-01   -8.2702500819E-01    1.1335930872E-02
    1.4399800000E-04    1.1683697185E+00    1.5746894920E-01   -9.8976357892E-01    9.8844895774E-03
    1.4799800000E-04    1.1338508873E+00    2.0049896163E-01   -1.1738050035E+00    8.4060516186E-03
    1.5199800000E-04    1.0895428847E+00    2.3302877616E-01   -1.3809920047E+00    6.9822730630E-03
    1.5599800000E-04    1.0367892510E+00    2.4930425630E-01   -1.6123825576E+00    5.7047218582E-03
    1.5999800000E-04    9.7954999212E-01    2.4460676749E-01   -1.8677596364E+00    4.6583380446E-03
    1.6399800000E-04    9.2415450294E-01    2.1698546930E-01   -2.1453474040E+00    3.8903203252E-03
    1.6799800000E-04    8.7758780206E-01    1.6819422203E-01   -2.4417392981E+00    3.3848934490E-03
    1.7199800000E-04    8.4604598295E-01    1.0304672512E-01   -2.7518958468E+00    3.1097810853E-03
    1.7599800000E-04    8.3376719012E-01    2.8645003597E-02   -3.0691565714E+00    3.0465034262E-03
    1.7999800000E-04    8.4207956163E-01   -4.6731241930E-02   -3.3862129251E+00    3.1855860438E-03
    1.8399800000E-04    8.6965903710E-01   -1.1477038684E-01   -3.6959532681E+00    3.5554331885E-03
    1.8799800000E-04    9.1243193147E-01   -1.6827316515E-01   -3.9924007873E+00    4.1570519292E-03
    1.9199800000E-04    9.6457763679E-01   -2.0226257314E-01   -4.2709644180E+00    4.9827024194E-03
    1.9599800000E-04    1.0194040440E+00   -2.1471578656E-01   -4.5283259574E+00    6.0076979650E-03
    1.9999800000E-04    1.0708222004E+00   -2.0707789622E-01   -4.7626317440E+00    7.1645204595E-03
    2.0399800000E-04    1.1148733753E+00   -1.8348150289E-01   -4.9734146488E+00    8.3816944341E-03
    2.0799800000E-04    1.1499968497E+00   -1.4925924235E-01   -5.1614892282E+00    9.5893452096E-03
    2.1199800000E-04    1.1764991517E+00   -1.0936266294E-01   -5.3285733409E+00    1.0738728610E-02
    2.1599800000E-04    1.1956462794E+00   -6.7444839705E-02   -5.4766695103E+00    1.1813328855E-02
    2.1999800000E-04    1.2088874216E+00   -2.5904198036E-02   -5.6079660998E+00    1.2802312060E-02
    2.2399800000E-04    1.2175106028E+00    1.3913706796E-02   -5.7251949047E+00    1.3696900135E-02
    2.2799800000E-04    1.2225269629E+00    5.1591924146E-02   -5.8317812578E+00    1.4510148194E-02
    2.3199800000E-04    1.2246171085E+00    8.7383054328E-02   -5.9316101601E+00    1.5285451187E-02
    2.3599800000E-04    1.2241229689E+00    1.2182785075E-01   -6.0286540371E+00    1.6086465365E-02
    2.3999800000E-04    1.2210701049E+00    1.5542177593E-01   -6.1266586491E+00    1.6980818230E-02
    2.4399800000E-04    1.2152158745E+00    1.8840963616E-01   -6.2289186149E+00    1.8028550614E-02
    2.4799800000E-04    1.2061058264E+00    2.2071199074E-01   -6.3381128651E+00    1.9277550957E-02
    2.5199800000E-04    1.1931423206E+00    2.5197625246E-01   -6.4562006788E+00    2.0768683160E-02
    2.5599800000E-04    1.1756619905E+00    2.8163357883E-01   -6.5844211827E+00    2.2533197737E-02
    2.5999800000E-04    1.1530356020E+00    3.0882790078E-01   -6.7235573093E+00    2.4540041613E-02
    2.6399800000E-04    1.1246361250E+00    3.3267568682E-01   -6.8743683895E+00    2.6720792751E-02
    2.6799800000E-04    1.0896843780E+00    3.5252488625E-01   -7.0376882436E+00    2.9075930584E-02
    2.7199800000E-04    1.0472858726E+00    3.6731293141E-01   -7.2147165972E+00    3.1640134816E-02
    2.7599800000E-04    9.9661486492E-01    3.7484514049E-01   -7.4072148749E+00    3.4497207408E-02
    2.7999800000E-04    9.3764839720E-01    3.7154107654E-01   -7.6169525300E+00    3.7679781274E-02
    2.8399800000E-04    8.7214597363E-01    3.5289270241E-01   -7.8458924428E+00    4.1081692905E-02
    2.8799800000E-04    8.0388892321E-01    3.1488689422E-01   -8.0963524367E+00    4.4675244189E-02
    2.9199800000E-04    7.3864936518E-01    2.5541768443E-01   -8.3701333505E+00    4.8341544815E-02
    2.9599800000E-04    6.8280388300E-01    1.7530540381E-01   -8.6680215068E+00    5.1780406491E-02
    2.9999800000E-04    6.4092515324E-01    7.8421640239E-02   -8.9887226468E+00    5.4855751478E-02
    3.0399800000E-04    6.1788319328E-01   -3.0147704732E-02   -9.3294968867E+00    5.7361886638E-02
    3.0799800000E-04    6.2059826929E-01   -1.4381328898E-01   -9.6830998230E+00    5.8979218274E-02
    3.1199800000E-04    6.5349565308E-01   -2.5415758054E-01   -1.0037890872E+01    5.9731203913E-02
    3.1599800000E-04    7.1549159925E-01   -3.5078096425E-01   -1.0381433693E+01    5.9678029260E-02
    3.1999800000E-04    7.9849065939E-01   -4.2380133531E-01   -1.0705401550E+01    5.9015136593E-02
    3.2399800000E-04    8.9258873128E-01   -4.6684759318E-01   -1.1006424084E+01    5.8038282887E-02
    3.2799800000E-04    9.8818121500E-01   -4.7703457411E-01   -1.1283492218E+01    5.7077171077E-02
    3.3199800000E-04    1.0754896706E+00   -4.5545037628E-01   -1.1536501089E+01    5.6627981627E-02
    3.3599800000E-04    1.1466918844E+00   -4.0772609014E-01   -1.1765030693E+01    5.7008020666E-02
    3.3999800000E-04    1.1991949919E+00   -3.4169061534E-01   -1.1969059644E+01    5.8139883152E-02
    3.4399800000E-04    1.2344057932E+00   -2.6466903541E-01   -1.2149271015E+01    5.9864645826E-02
    3.4799800000E-04    1.2555488990E+00   -1.8296369614E-01   -1.2306938973E+01    6.1901371318E-02
    3.5199800000E-04    1.2664153315E+00   -1.0159213282E-01   -1.2445160510E+01    6.3727757993E-02
    3.5599800000E-04    1.2701320549E+00   -2.2405738926E-02   -1.2570776434E+01    6.4626228341E-02
    3.5999800000E-04    1.2681324729E+00    5.6336241744E-02   -1.2694321789E+01    6.4167941709E-02
    3.6399800000E-04    1.2597365121E+00    1.3709583460E-01   -1.2827108762E+01    6.2493822156E-02
    3.6799800000E-04    1.2423548472E+00    2.1946750066E-01   -1.2977713518E+01    6.0235999632E-02
    3.7199800000E-04    1.2123532366E+00    2.9918416641E-01   -1.3150600233E+01    5.8042941688E-02
    3.7599800000E-04    1.1663076475E+00    3.7001942095E-01   -1.3347679744E+01    5.6292679260E-02
    3.7999800000E-04    1.1022304599E+00    4.2473308208E-01   -1.3569979578E+01    5.5198816931E-02
    3.8399800000E-04    1.0214182432E+00    4.5517646279E-01   -1.3817859661E+01    5.4894675415E-02
    3.8799800000E-04    9.3057651424E-01    4.5469572222E-01   -1.4090555910E+01    5.5265441490E-02
    3.9199800000E-04    8.3964466899E-01    4.2142330265E-01   -1.4387191261E+01    5.5865036767E-02
    3.9599800000E-04    7.5844092972E-01    3.5804116487E-01   -1.4706197026E+01    5.6330919445E-02
    3.9999800000E-04    6.9670663967E-01    2.7057977098E-01   -1.5043752553E+01    5.6339588503E-02
    4.0399800000E-04    6.6281013759E-01    1.6832987942E-01   -1.5391589401E+01    5.5729757494E-02
    4.0799800000E-04    6.5900140911E-01    6.1904902570E-02   -1.5737756045E+01    5.4507803660E-02
    4.1199800000E-04    6.8125933993E-01   -3.9420929862E-02   -1.6070722216E+01    5.2633508549E-02
    4.1599800000E-04    7.2174401847E-01   -1.2870327002E-01   -1.6383371750E+01    5.0401814141E-02
    4.1999800000E-04    7.7409041758E-01   -2.0149916900E-01   -1.6673270842E+01    4.7879159312E-02
    4.2399800000E-04    8.3331478448E-01   -2.5498942129E-01   -1.6939457401E+01    4.5269115410E-02
    4.2799800000E-04    8.9419426725E-01   -2.8882989193E-01   -1.7182543644E+01    4.2736796521E-02
    4.3199800000E-04    9.5185365110E-01   -3.0525250637E-01   -1.7404188461E+01    4.0294051247E-02
    4.3599800000E-04    1.0030921452E+00   -3.0808555223E-01   -1.7606160869E+01    3.7918109767E-02
    4.3999800000E-04    1.0467460080E+00   -3.0166478723E-01   -1.7790857019E+01    3.5607693145E-02
    4.4399800000E-04    1.0830744487E+00   -2.8955783040E-01   -1.7960545025E+01    3.3424254578E-02
    4.4799800000E-04    1.1129593225E+00   -2.7407150211E-01   -1.8116712599E+01    3.1358323703E-02
    4.5199800000E-04    1.1373310134E+00   -2.5651460431E-01   -1.8260425542E+01    2.9359453169E-02
    4.5599800000E-04    1.1569394477E+00   -2.3759790424E-01   -1.8392480373E+01    2.7425827833E-02
    4.5999800000E-04    1.1724229431E+00   -2.1769544565E-01   -1.8513471210E+01    2.5587712539E-02
    4.6399800000E-04    1.1844064069E+00   -1.9702271722E-01   -1.8624130813E+01    2.3864326008E-02
    4.6799800000E-04    1.1934881131E+00   -1.7575498106E-01   -1.8725599626E+01    2.2262906421E-02
    4.7199800000E-04    1.2001727462E+00   -1.5406983878E-01   -1.8819394938E+01    2.0806998808E-02
    4.7599800000E-04    1.2048452263E+00   -1.3210271597E-01   -1.8907265641E+01    1.9533941437E-02
    4.7999800000E-04    1.2077792692E+00   -1.0987878090E-01   -1.8991127299E+01    1.8471655099E-02
    4.8399800000E-04    1.2091415741E+00   -8.7281643494E-02   -1.9073059411E+01    1.7628482993E-02
    4.8799800000E-04    1.2089842039E+00   -6.4074400050E-02   -1.9155299649E+01    1.6997208093E-02
    4.9199800000E-04    1.2072333365E+00   -3.9959319238E-02   -1.9240216063E+01    1.6561961120E-02
    4.9599800000E-04    1.2036777684E+00   -1.4653548055E-02   -1.9330255250E+01    1.6301859042E-02
    4.9999800000E-04    1.1979603325E+00    1.2014035671E-02   -1.9427867813E+01    1.6190351408E-02
    5.0399800000E-04    1.1895719896E+00    4.0001279456E-02   -1.9535409945E+01    1.6191269998E-02
    5.0799800000E-04    1.1778478070E+00    6.8958281762E-02   -1.9655041862E+01    1.6254706212E-02
    5.1199800000E-04    1.1619546292E+00    9.8162286170E-02   -1.9788669290E+01    1.6319371845E-02
    5.1599800000E-04    1.1408667245E+00    1.2645426998E-01   -1.9937991116E+01    1.6328250278E-02
    5.1999800000E-04    1.1133775602E+00    1.5208802334E-01   -2.0104672527E+01    1.6249234946E-02
    5.2399800000E-04    1.0782753226E+00    1.7245758631E-01   -2.0290516467E+01    1.6074997648E-02
    5.2799800000E-04    1.0348611033E+00    1.8384485066E-01   -2.0497337539E+01    1.5805020715E-02
    5.3199800000E-04    9.8382478547E-01    1.8165721634E-01   -2.0726401576E+01    1.5456995354E-02
    5.3599800000E-04    9.2821611652E-01    1.6151420599E-01   -2.0978041828E+01    1.5102903632E-02
    5.3999800000E-04    8.7386194883E-01    1.2100079393E-01   -2.1251715888E+01    1.4813902396E-02
    5.4399800000E-04    8.2811322933E-01    6.1215960539E-02   -2.1545633606E+01    1.4588646311E-02
    5.4799800000E-04    7.9784933062E-01   -1.3356288226E-02   -2.1856528090E+01    1.4423642483E-02
    5.5199800000E-04    7.8879524724E-01   -9.5652299691E-02   -2.2178738746E+01    1.4259995241E-02
    5.5599800000E-04    8.0359149767E-01   -1.7688203486E-01   -2.2503961171E+01    1.4058798593E-02
    5.5999800000E-04    8.4106470389E-01   -2.4790461633E-01   -2.2823247599E+01    1.3842881822E-02
    5.6399800000E-04    8.9646658934E-01   -3.0064729341E-01   -2.3128582103E+01    1.3713407424E-02
    5.6799800000E-04    9.6242874984E-01   -3.2946013289E-01   -2.3414309389E+01    1.3818489177E-02
    5.7199800000E-04    1.0306224309E+00   -3.3181800473E-01   -2.3676971454E+01    1.4286185226E-02
    5.7599800000E-04    1.0932103419E+00   -3.0936198474E-01   -2.3914662589E+01    1.5222944693E-02
    5.7999800000E-04    1.1451184601E+00   -2.6731527044E-01   -2.4126977146E+01    1.6610649798E-02
    5.8399800000E-04    1.1846587239E+00   -2.1226494140E-01   -2.4314921909E+01    1.8307883252E-02
    5.8799800000E-04    1.2125073371E+00   -1.5051488717E-01   -2.4480298968E+01    2.0133769767E-02
    5.9199800000E-04    1.2306030320E+00   -8.7206449671E-02   -2.4625374842E+01    2.1880489529E-02
    5.9599800000E-04    1.2412298413E+00   -2.5592949383E-02   -2.4753489675E+01    2.3302397342E-02
    5.9999800000E-04    1.2462856457E+00    3.3412237581E-02   -2.4869885559E+01    2.4206531769E-02
    6.0399800000E-04    1.2468424170E+00    9.0777997267E-02   -2.4981467010E+01    2.4576999066E-02
    6.0799800000E-04    1.2429755474E+00    1.4796055180E-01   -2.5095518387E+01    2.4567759032E-02
    6.1199800000E-04    1.2338095675E+00    2.0557030309E-01   -2.5218358654E+01    2.4427549338E-02
    6.1599800000E-04    1.2177205320E+00    2.6288954713E-01   -2.5354443847E+01    2.4439074173E-02
    6.1999800000E-04    1.1926686126E+00    3.1802429067E-01   -2.5506193148E+01    2.4859469958E-02
    6.2399800000E-04    1.1566858096E+00    3.6810386319E-01   -2.5674618503E+01    2.5863488633E-02
    6.2799800000E-04    1.1084413015E+00    4.0952911715E-01   -2.5860349622E+01    2.7525751121E-02
    6.3199800000E-04    1.0477207924E+00    4.3832022360E-01   -2.6064196577E+01    2.9851186241E-02
    6.3599800000E-04    9.7561037507E-01    4.5053945073E-01   -2.6287131827E+01    3.2771298382E-02
    6.3999800000E-04    8.9460031759E-01    4.4225124173E-01   -2.6530346441E+01    3.6172854526E-02
    6.4399800000E-04    8.0929114327E-01    4.0961489126E-01   -2.6795492533E+01    3.9900829361E-02
    6.4799800000E-04    7.2700724914E-01    3.5008304589E-01   -2.7084495207E+01    4.3607036797E-02
    6.5199800000E-04    6.5641760171E-01    2.6493782263E-01   -2.7397586646E+01    4.6946357880E-02
    6.5599800000E-04    6.0454898665E-01    1.5984563164E-01   -2.7733239361E+01    4.9727351947E-02
    6.5999800000E-04    5.7664033531E-01    4.2618719142E-02   -2.8087130956E+01    5.1627871448E-02
    6.6399800000E-04    5.7618802672E-01   -7.8895684740E-02   -2.8449949783E+01    5.2352384656E-02
    6.6799800000E-04    6.0462019410E-01   -1.9748443750E-01   -2.8809649947E+01    5.2021871163E-02
    6.7199800000E-04    6.6079689848E-01   -3.0411418055E-01   -2.9154809258E+01    5.0675769035E-02
    6.7599800000E-04    7.3866640652E-01   -3.8922902398E-01   -2.9478687421E+01    4.8658498468E-02
    6.7999800000E-04    8.2919917281E-01   -4.4627483927E-01   -2.9778797338E+01    4.6262649130E-02
    6.8399800000E-04    9.2314446141E-01   -4.7299689798E-01   -3.0054687480E+01    4.3785667607E-02
    6.8799800000E-04    1.0121411929E+00   -4.7071864562E-01   -3.0307391453E+01    4.1602658577E-02
    6.9199800000E-04    1.0896290076E+00   -4.4310878099E-01   -3.0538005190E+01    4.0054350671E-02
    6.9599800000E-04    1.1514501345E+00   -3.9583153785E-01   -3.0746883157E+01    3.9306202574E-02
    6.9999800000E-04    1.1968255819E+00   -3.3520313906E-01   -3.0934490644E+01    3.9289007252E-02
    7.0399800000E-04    1.2274503060E+00   -2.6688098864E-01   -3.1101559981E+01    3.9881286754E-02
    7.0799800000E-04    1.2461956020E+00   -1.9545088091E-01   -3.1249323652E+01    4.0859539943E-02
    7.1199800000E-04    1.2561224976E+00   -1.2424066350E-01   -3.1380640536E+01    4.1857868449E-02
    7.1599800000E-04    1.2596395630E+00   -5.4506226941E-02   -3.1501210998E+01    4.2388924929E-02
    7.1999800000E-04    1.2578962492E+00    1.5009653441E-02   -3.1619550926E+01    4.2049298400E-02
    7.2399800000E-04    1.2505007147E+00    8.6396949824E-02   -3.1745233668E+01    4.0758973403E-02
    7.2799800000E-04    1.2356059353E+00    1.6003141919E-01   -3.1886267447E+01    3.8830354725E-02
    7.3199800000E-04    1.2104134424E+00    2.3311750136E-01   -3.2047660743E+01    3.6738183602E-02
    7.3599800000E-04    1.1720449537E+00    3.0052390332E-01   -3.2232078244E+01    3.4854877040E-02
    7.3999800000E-04    1.1186236716E+00    3.5567881723E-01   -3.2441192561E+01    3.3422676709E-02
    7.4399800000E-04    1.0506636708E+00    3.9100231781E-01   -3.2676054775E+01    3.2587915611E-02
    7.4799800000E-04    9.7275967554E-01    3.9962235002E-01   -3.2936462056E+01    3.2381966782E-02
    7.5199800000E-04    8.9314707113E-01    3.7848034984E-01   -3.3221056673E+01    3.2603064882E-02
    7.5599800000E-04    8.2111209414E-01    3.2908107912E-01   -3.3527575575E+01    3.2981486352E-02
    7.5999800000E-04    7.6560101013E-01    2.5643807320E-01   -3.3851775713E+01    3.3275730446E-02
    7.6399800000E-04    7.3404391049E-01    1.6840927233E-01   -3.4186117781E+01    3.3270458380E-02
    7.6799800000E-04    7.2959058761E-01    7.4757183100E-02   -3.4520517850E+01    3.2937308757E-02
    7.7199800000E-04    7.5043695534E-01   -1.4842416525E-02   -3.4844696127E+01    3.2318857310E-02
    7.7599800000E-04    7.9037935088E-01   -9.2509011000E-02   -3.5151052039E+01    3.1610073940E-02
    7.7999800000E-04    8.4252975388E-01   -1.5297927230E-01   -3.5436010390E+01    3.0866931167E-02
    7.8399800000E-04    9.0007038242E-01   -1.9369923805E-01   -3.5698186036E+01    3.0083367469E-02
    7.8799800000E-04    9.5650412071E-01   -2.1538931761E-01   -3.5937675206E+01    2.9246673956E-02
    7.9199800000E-04    1.0075307217E+00   -2.2103510327E-01   -3.6155273633E+01    2.8325598836E-02
    7.9599800000E-04    1.0510377163E+00   -2.1482188813E-01   -3.6352312941E+01    2.7327075725E-02
    7.9999800000E-04    1.0867062051E+00   -2.0093241221E-01   -3.6530679240E+01    2.6248297001E-02
    8.0399800000E-04    1.1153728799E+00   -1.8254199407E-01   -3.6692402495E+01    2.5054048641E-02
    8.0799800000E-04    1.1382252802E+00   -1.6169896239E-01   -3.6839215831E+01    2.3739524136E-02
    8.1199800000E-04    1.1563341428E+00   -1.3966732488E-01   -3.6972394638E+01    2.2368292948E-02
    8.1599800000E-04    1.1705451723E+00   -1.1726293772E-01   -3.7092943116E+01    2.1033959785E-02
    8.1999800000E-04    1.1815187001E+00   -9.5059998083E-02   -3.7201919328E+01    1.9818080055E-02
    8.2399800000E-04    1.1897900714E+00   -7.3447086067E-02   -3.7300598467E+01    1.8783554499E-02
    8.2799800000E-04    1.1958089287E+00   -5.2619966030E-02   -3.7390464678E+01    1.7974602949E-02
    8.3199800000E-04    1.1999517836E+00   -3.2603313287E-02   -3.7473180110E+01    1.7414147452E-02
    8.3599800000E-04    1.2025182671E+00   -1.3288793471E-02   -3.7550568835E+01    1.7106556007E-02
    8.3999800000E-04    1.2037204764E+00    5.5204465603E-03   -3.7624597350E+01    1.7045007184E-02
    8.4399800000E-04    1.2036731707E+00    2.4064042967E-02   -3.7697341779E+01    1.7218436614E-02
    8.4799800000E-04    1.2023871628E+00    4.2603031400E-02   -3.7770936961E+01    1.7616098949E-02
    8.5199800000E-04    1.1997648970E+00    6.1376966967E-02   -3.7847522874E+01    1.8230080295E-02
    8.5599800000E-04    1.1956005838E+00    8.0574627201E-02   -3.7929167856E+01    1.9056325623E-02
    8.5999800000E-04    1.1895886443E+00    1.0030448770E-01   -3.8017771905E+01    2.0092849947E-02
    8.6399800000E-04    1.1813439169E+00    1.2057096804E-01   -3.8114974428E+01    2.1332148088E-02
    8.6799800000E-04    1.1704270213E+00    1.4125300613E-01   -3.8222123668E+01    2.2747369348E-02
    8.7199800000E-04    1.1563521264E+00    1.6206754683E-01   -3.8340338674E+01    2.4286314007E-02
    8.7599800000E-04    1.1385517970E+00    1.8254369280E-01   -3.8470569082E+01    2.5887982455E-02
    8.7999800000E-04    1.1163011390E+00    2.0202729097E-01   -3.8613613545E+01    2.7493047672E-02
    8.8399800000E-04    1.0886554662E+00    2.1954106985E-01   -3.8770369243E+01    2.9033371742E-02
    8.8799800000E-04    1.0544759389E+00    2.3343300095E-01   -3.8942292168E+01    3.0474349285E-02
    8.9199800000E-04    1.0127494355E+00    2.4095709622E-01   -3.9131449132E+01    3.1858112668E-02
    8.9599800000E-04    9.6337355982E-01    2.3818326795E-01   -3.9339996921E+01    3.3224227280E-02
    8.9999800000E-04    9.0789761083E-01    2.2081848500E-01   -3.9569630357E+01    3.4558534856E-02
    9.0399800000E-04    8.4974466394E-01    1.8544522765E-01   -3.9821545221E+01    3.5872687013E-02
    9.0799800000E-04    7.9421028523E-01    1.3045468865E-01   -4.0096513822E+01    3.7161588902E-02
    9.1199800000E-04    7.4766847505E-01    5.6961413450E-02   -4.0394205187E+01    3.8346255679E-02
    9.1599800000E-04    7.1667599253E-01   -3.1156440103E-02   -4.0712569561E+01    3.9405792531E-02
    9.1999800000E-04    7.0857518574E-01   -1.2753774345E-01   -4.1046276336E+01    4.0168776319E-02
    9.2399800000E-04    7.2821310960E-01   -2.2324762954E-01   -4.1385625015E+01    4.0520474224E-02
    9.2799800000E-04    7.7506206346E-01   -3.0815281676E-01   -4.1719593746E+01    4.0461890175E-02
    9.3199800000E-04    8.4319499347E-01   -3.7290576785E-01   -4.2038814626E+01    4.0090828234E-02
    9.3599800000E-04    9.2376876709E-01   -4.1078841570E-01   -4.2337578049E+01    3.9681335180E-02
    9.3999800000E-04    1.0073898423E+00   -4.1820857949E-01   -4.2613043218E+01    3.9512872684E-02
    9.4399800000E-04    1.0846264842E+00   -3.9564028420E-01   -4.2863618857E+01    3.9913169479E-02
    9.4799800000E-04    1.1482837149E+00   -3.4842337026E-01   -4.3088362103E+01    4.1003809522E-02
    9.5199800000E-04    1.1958084143E+00   -2.8438139783E-01   -4.3287607604E+01    4.2680684911E-02
    9.5599800000E-04    1.2282118202E+00   -2.1086223233E-01   -4.3462613157E+01    4.4759653053E-02
    9.5999800001E-04    1.2482160161E+00   -1.3399522162E-01   -4.3615287287E+01    4.6922434506E-02
    9.6399800001E-04    1.2590180708E+00   -5.8192687439E-02   -4.3749305754E+01    4.8676505558E-02
    9.6799800001E-04    1.2632065091E+00    1.5244456766E-02   -4.3871582576E+01    4.9500152832E-02
    9.7199800001E-04    1.2619566873E+00    8.8004509438E-02   -4.3991867912E+01    4.9219877603E-02
    9.7599800001E-04    1.2547079256E+00    1.6219515984E-01   -4.4120126706E+01    4.8122630797E-02
    9.7999800001E-04    1.2393029992E+00    2.3762424155E-01   -4.4263829315E+01    4.6763805623E-02
    9.8399800001E-04    1.2125666923E+00    3.1124167300E-01   -4.4427038524E+01    4.5638910581E-02
    9.8799800001E-04    1.1712086405E+00    3.7832420669E-01   -4.4611508674E+01    4.5046782165E-02
    9.9199800001E-04    1.1128417946E+00    4.3307863779E-01   -4.4818066120E+01    4.5149169882E-02
    9.9599800001E-04    1.0373186184E+00    4.6875832785E-01   -4.5047219539E+01    4.6049465925E-02
    9.9999800001E-04    9.4839866862E-01    4.7879500666E-01   -4.5299068940E+01    4.7678521744E-02
    1.0039980000E-03    8.5314125109E-01    4.5888650108E-01   -4.5574230220E+01    4.9645736054E-02
    1.0079980000E-03    7.6018781156E-01    4.0772175237E-01   -4.5873544368E+01    5.1546527926E-02
    1.0119980000E-03    6.7874884136E-01    3.2750270604E-01   -4.6196600025E+01    5.3094952673E-02
    1.0159980000E-03    6.1831166750E-01    2.2439129893E-01   -4.6540865744E+01    5.4029791560E-02
    1.0199980000E-03    5.8603157984E-01    1.0801166522E-01   -4.6899452956E+01    5.3973725692E-02
    1.0239980000E-03    5.8309888138E-01   -1.2015260213E-02   -4.7260709167E+01    5.2880433412E-02
    1.0279980000E-03    6.0720443245E-01   -1.2811718270E-01   -4.7612656027E+01    5.0650496633E-02
    1.0319980000E-03    6.5421668837E-01   -2.3300163739E-01   -4.7946318802E+01    4.7536455222E-02
    1.0359980000E-03    7.1921869613E-01   -3.1952172948E-01   -4.8257482322E+01    4.3932912289E-02
    1.0399980000E-03    7.9598341102E-01   -3.8235079062E-01   -4.8544712914E+01    4.0045585051E-02
    1.0439980000E-03    8.7660564581E-01   -4.1985318076E-01   -4.8808071600E+01    3.6158172907E-02
    1.0479980000E-03    9.5404520812E-01   -4.3430916649E-01   -4.9049646838E+01    3.2509345379E-02
    1.0519980000E-03    1.0237371568E+00   -4.2967856343E-01   -4.9271340775E+01    2.9244625033E-02
    1.0559980000E-03    1.0834725045E+00   -4.1006559086E-01   -4.9474622326E+01    2.6465010655E-02
    1.0599980000E-03    1.1325504467E+00   -3.7877758185E-01   -4.9660816433E+01    2.4233392430E-02
    1.0639980000E-03    1.1710280970E+00   -3.3859509018E-01   -4.9830998116E+01    2.2545239748E-02
    1.0679980000E-03    1.1995459857E+00   -2.9227434188E-01   -4.9985877842E+01    2.1384764844E-02
    1.0719980000E-03    1.2193364721E+00   -2.4249609614E-01   -5.0126036497E+01    2.0716450844E-02
    1.0759980000E-03    1.2319954979E+00   -1.9137778447E-01   -5.0252693116E+01    2.0407637776E-02
    1.0799980000E-03    1.2390714366E+00   -1.4006875649E-01   -5.0368538641E+01    2.0236589278E-02
    1.0839980000E-03    1.2417039846E+00   -8.8706298265E-02   -5.0478024186E+01    1.9965429258E-02
    1.0879980000E-03    1.2404078349E+00   -3.6535543196E-02   -5.0587014147E+01    1.9403499663E-02
    1.0919980000E-03    1.2349398872E+00    1.7596267048E-02   -5.0701991542E+01    1.8443182453E-02
    1.0959980000E-03    1.2242663210E+00    7.4324600820E-02   -5.0828998576E+01    1.7092308772E-02
    1.0999980000E-03    1.2066865860E+00    1.3274365292E-01   -5.0972682651E+01    1.5478871443E-02
    1.1039980000E-03    1.1801734105E+00    1.8994017857E-01   -5.1136134373E+01    1.3774330279E-02
    1.1079980000E-03    1.1429805727E+00    2.4119351227E-01   -5.1321583260E+01    1.2126336551E-02
    1.1119980000E-03    1.0944722402E+00    2.8057468067E-01   -5.1530886720E+01    1.0672531627E-02
    1.1159980000E-03    1.0361189196E+00    3.0185068584E-01   -5.1765171391E+01    9.5500586525E-03
    1.1199980000E-03    9.7248673762E-01    2.9989801171E-01   -5.2024207437E+01    8.8258244055E-03
    1.1239980000E-03    9.1085674833E-01    2.7279311664E-01   -5.2306134163E+01    8.4572202350E-03
    1.1279980000E-03    8.5908215023E-01    2.2269723583E-01   -5.2607406002E+01    8.3476715967E-03
    1.1319980000E-03    8.2405561570E-01    1.5492222268E-01   -5.2922553916E+01    8.3905337257E-03
    1.1359980000E-03    8.1023769007E-01    7.7172520060E-02   -5.3244054650E+01    8.5170162828E-03
    1.1399980000E-03    8.1887104173E-01   -1.8034659603E-03   -5.3563574616E+01    8.7090577763E-03
    1.1439980000E-03    8.4787653655E-01   -7.3389516249E-02   -5.3873305682E+01    9.0165119809E-03
    1.1479980000E-03    8.9217103998E-01   -1.3037503868E-01   -5.4167607008E+01    9.5119185848E-03
    1.1519980000E-03    9.4526608781E-01   -1.6810949809E-01   -5.4442828605E+01    1.0166756085E-02
    1.1559980000E-03    1.0000067457E+00   -1.8525428963E-01   -5.4696530956E+01    1.0907057600E-02
    1.1599980000E-03    1.0504959467E+00   -1.8396981743E-01   -5.4927571784E+01    1.1644742267E-02
    1.1639980000E-03    1.0934678372E+00   -1.6856689520E-01   -5.5135942514E+01    1.2327139390E-02
    1.1679980000E-03    1.1280349454E+00   -1.4379663510E-01   -5.5322728933E+01    1.2931727857E-02
    1.1719980000E-03    1.1547916856E+00   -1.1366272196E-01   -5.5489694692E+01    1.3449558697E-02
    1.1759980000E-03    1.1749321573E+00   -8.1071898351E-02   -5.5638705161E+01    1.3888736682E-02
    1.1799980000E-03    1.1897067554E+00   -4.7995554618E-02   -5.5771590111E+01    1.4276063656E-02
    1.1839980000E-03    1.2002081544E+00   -1.5685615814E-02   -5.5890349933E+01    1.4650840135E-02
    1.1879980000E-03    1.2073292843E+00    1.5195489477E-02   -5.5997317116E+01    1.5053964400E-02
    1.1919980000E-03    1.2117549336E+00    4.4443290383E-02   -5.6095151285E+01    1.5521377313E-02
    1.1959980000E-03    1.2139723341E+00    7.2195043428E-02   -5.6186707989E+01    1.6085242109E-02
    1.1999980000E-03    1.2142701385E+00    9.8769183651E-02   -5.6274888059E+01    1.6778377605E-02
    1.2039980000E-03    1.2127569334E+00    1.2455686001E-01   -5.6362488299E+01    1.7637015983E-02
    1.2079980000E-03    1.2093693011E+00    1.4988728731E-01   -5.6452093820E+01    1.8699488183E-02
    1.2119980000E-03    1.2038953702E+00    1.7494499177E-01   -5.6545983298E+01    1.9998208367E-02
    1.2159980000E-03    1.1960051570E+00    1.9967991034E-01   -5.6646078472E+01    2.1540187486E-02
    1.2199980000E-03    1.1852925365E+00    2.2376518897E-01   -5.6753981168E+01    2.3280356149E-02
    1.2239980000E-03    1.1712852490E+00    2.4671397700E-01   -5.6871097763E+01    2.5130342879E-02
    1.2279980000E-03    1.1533921086E+00    2.6814188441E-01   -5.6998641410E+01    2.7034014097E-02
    1.2319980000E-03    1.1309017296E+00    2.8783642374E-01   -5.7137450081E+01    2.8999511216E-02
    1.2359980000E-03    1.1030550104E+00    3.0548017974E-01   -5.7288142505E+01    3.1044496723E-02
    1.2399980000E-03    1.0690077508E+00    3.2026906957E-01   -5.7451632072E+01    3.3210800393E-02
    1.2439980000E-03    1.0278147476E+00    3.3058884535E-01   -5.7629226157E+01    3.5581470792E-02
    1.2479980000E-03    9.7882789615E-01    3.3361819917E-01   -5.7822556372E+01    3.8170670247E-02
    1.2519980000E-03    9.2243685142E-01    3.2531206767E-01   -5.8033834232E+01    4.0879038307E-02
    1.2559980000E-03    8.6071579805E-01    3.0131296976E-01   -5.8265388660E+01    4.3693026806E-02
    1.2599980000E-03    7.9779957255E-01    2.5829363446E-01   -5.8519053864E+01    4.6629192865E-02
    1.2639980000E-03    7.3925270705E-01    1.9495051012E-01   -5.8796439325E+01    4.9576345739E-02
    1.2679980000E-03    6.9020165849E-01    1.1292112980E-01   -5.9097455665E+01    5.2329757551E-02
    1.2719980000E-03    6.5531959565E-01    1.5939845163E-02   -5.9420574122E+01    5.4744113019E-02
    1.2759980000E-03    6.4142769929E-01   -9.0813506362E-02   -5.9762122922E+01    5.6629031571E-02
    1.2799980000E-03    6.5561310573E-01   -1.9968148788E-01   -6.0113027144E+01    5.7746624828E-02
    1.2839980000E-03    7.0015254464E-01   -3.0101358855E-01   -6.0460987977E+01    5.8192212589E-02
    1.2879980000E-03    7.7062261130E-01   -3.8415763359E-01   -6.0794756326E+01    5.7978935900E-02
    1.2919980000E-03    8.5754377563E-01   -4.4073277963E-01   -6.1107886809E+01    5.7352360801E-02
    1.2959980000E-03    9.5125918316E-01   -4.6575741002E-01   -6.1397783181E+01    5.6636397999E-02
    1.2999980000E-03    1.0417856332E+00   -4.5785790992E-01   -6.1663549226E+01    5.6238626468E-02
    1.3039980000E-03    1.1196685537E+00   -4.2042329008E-01   -6.1904515748E+01    5.6592319228E-02
    1.3079980000E-03    1.1796783555E+00   -3.6085504713E-01   -6.2120191841E+01    5.7726132133E-02
    1.3119980000E-03    1.2216952550E+00   -2.8710086347E-01   -6.2311122063E+01    5.9495601699E-02
    1.3159980000E-03    1.2482678072E+00   -2.0605535066E-01   -6.2478378120E+01    6.1662864075E-02
    1.3199980000E-03    1.2630494125E+00   -1.2360783289E-01   -6.2624219733E+01    6.3800154007E-02
    1.3239980000E-03    1.2695762311E+00   -4.3205132396E-02   -6.2753974596E+01    6.5208891581E-02
    1.3279980000E-03    1.2700508182E+00    3.5672693640E-02   -6.2877115330E+01    6.5318139443E-02
    1.3319980000E-03    1.2646351528E+00    1.1569145335E-01   -6.3005168446E+01    6.4095818562E-02
    1.3359980000E-03    1.2514022101E+00    1.9788736614E-01   -6.3148071234E+01    6.2065265398E-02
    1.3399980000E-03    1.2269345949E+00    2.7939570388E-01   -6.3311715658E+01    5.9942399829E-02
    1.3439980000E-03    1.1874844861E+00    3.5461781964E-01   -6.3498631879E+01    5.8189042954E-02
    1.3479980000E-03    1.1302124676E+00    4.1686644043E-01   -6.3709944946E+01    5.7058037779E-02
    1.3519980000E-03    1.0545829104E+00    4.5842505688E-01   -6.3946261613E+01    5.6698271397E-02
    1.3559980000E-03    9.6481384032E-01    4.7161393643E-01   -6.4207278940E+01    5.7128081997E-02
    1.3599980000E-03    8.6989492854E-01    4.5209238620E-01   -6.4492461301E+01    5.7942392841E-02
    1.3639980000E-03    7.7974138372E-01    4.0034656394E-01   -6.4801256076E+01    5.8697862012E-02
    1.3679980000E-03    7.0398741157E-01    3.2057503999E-01   -6.5131773586E+01    5.9074402115E-02
    1.3719980000E-03    6.5248586296E-01    2.2043381610E-01   -6.5478839804E+01    5.8790272418E-02
    1.3759980000E-03    6.3115949891E-01    1.1043535807E-01   -6.5832088990E+01    5.7776595154E-02
    1.3799980000E-03    6.3892392950E-01    4.9204248355E-04   -6.6178951376E+01    5.5944906886E-02
    1.3839980000E-03    6.6960007298E-01   -1.0138948154E-01   -6.6509186359E+01    5.3435811710E-02
    1.3879980000E-03    7.1614616023E-01   -1.8947810192E-01   -6.6817915888E+01    5.0528943659E-02
    1.3919980000E-03    7.7396457556E-01   -2.5948289410E-01   -6.7103236873E+01    4.7357145095E-02
    1.3959980000E-03    8.3810014416E-01   -3.0886936751E-01   -6.7364555342E+01    4.4107933916E-02
    1.3999980000E-03    9.0256985417E-01   -3.3820268454E-01   -6.7603273801E+01    4.0981825428E-02
    1.4039980000E-03    9.6260836212E-01   -3.5038687047E-01   -6.7821272640E+01    3.7999980592E-02
    1.4079980000E-03    1.0154750040E+00   -3.4971931559E-01   -6.8020860396E+01    3.5184256068E-02
    1.4119980000E-03    1.0602746169E+00   -3.4048659104E-01   -6.8204139441E+01    3.2644738686E-02
    1.4159980000E-03    1.0974518053E+00   -3.2582981960E-01   -6.8372808905E+01    3.0354963511E-02
    1.4199980000E-03    1.1279450651E+00   -3.0757486835E-01   -6.8528372545E+01    2.8212372752E-02
    1.4239980000E-03    1.1526572144E+00   -2.8656971056E-01   -6.8671860423E+01    2.6160875139E-02
    1.4279980000E-03    1.1723997881E+00   -2.6315605608E-01   -6.8803996173E+01    2.4170935671E-02
    1.4319980000E-03    1.1878599814E+00   -2.3775316232E-01   -6.8925692825E+01    2.2275640920E-02
    1.4359980000E-03    1.1995853780E+00   -2.1105805095E-01   -6.9038021736E+01    2.0578510003E-02
    1.4399980000E-03    1.2080898316E+00   -1.8367471359E-01   -6.9142198934E+01    1.9138041549E-02
    1.4439980000E-03    1.2138589157E+00   -1.5587363625E-01   -6.9239845280E+01    1.7940063160E-02
    1.4479980000E-03    1.2172752707E+00   -1.2763394973E-01   -6.9333115538E+01    1.6941315042E-02
    1.4519980000E-03    1.2185652886E+00   -9.8722500811E-02   -6.9424648857E+01    1.6094619064E-02
    1.4559980000E-03    1.2177646573E+00   -6.8758700508E-02   -6.9517451980E+01    1.5355686044E-02
    1.4599980000E-03    1.2146983964E+00   -3.7324905962E-02   -6.9614761646E+01    1.4684322189E-02
    1.4639980000E-03    1.2089548098E+00   -4.1008193692E-03   -6.9719872828E+01    1.4043606617E-02
    1.4679980000E-03    1.1998766840E+00    3.0936869627E-02   -6.9835939249E+01    1.3399500977E-02
    1.4719980000E-03    1.1865585660E+00    6.7300223080E-02   -6.9965764988E+01    1.2722109770E-02
    1.4759980000E-03    1.1678640872E+00    1.0380309109E-01   -7.0111694171E+01    1.1987407376E-02
    1.4799980000E-03    1.1424919630E+00    1.3842645479E-01   -7.0275729174E+01    1.1178576066E-02
    1.4839980000E-03    1.1091895987E+00    1.6814479387E-01   -7.0459785615E+01    1.0292793564E-02
    1.4879980000E-03    1.0673251561E+00    1.8875027793E-01   -7.0665646644E+01    9.3542171566E-03
    1.4919980000E-03    1.0177878137E+00    1.9524593737E-01   -7.0894414687E+01    8.4117515560E-03
    1.4959980000E-03    9.6375468827E-01    1.8317950118E-01   -7.1146049068E+01    7.5251316565E-03
    1.4999980000E-03    9.1074351906E-01    1.5034802025E-01   -7.1419287138E+01    6.7530236930E-03
    1.5039980000E-03    8.6544641104E-01    9.7927896121E-02   -7.1711508715E+01    6.1233704916E-03
    1.5079980000E-03    8.3423998162E-01    3.0162373224E-02   -7.2018869023E+01    5.6746165622E-03
    1.5119980000E-03    8.2224963829E-01   -4.6221636311E-02   -7.2335989782E+01    5.4201891716E-03
    1.5159980000E-03    8.3179842154E-01   -1.2285772290E-01   -7.2655619716E+01    5.3147613604E-03
    1.5199980000E-03    8.6204772317E-01   -1.9117297464E-01   -7.2969891106E+01    5.3542030390E-03
    1.5239980000E-03    9.0915844079E-01   -2.4343369050E-01   -7.3271411641E+01    5.5782331441E-03
    1.5279980000E-03    9.6683224354E-01   -2.7413453935E-01   -7.3554546443E+01    6.0672947200E-03
    1.5319980000E-03    1.0276466116E+00   -2.8075579642E-01   -7.3815487277E+01    6.8841122776E-03
    1.5359980000E-03    1.0844935827E+00   -2.6466622875E-01   -7.4052155617E+01    8.0317948137E-03
    1.5399980000E-03    1.1326249037E+00   -2.3046701632E-01   -7.4264136252E+01    9.4397771142E-03
    1.5439980000E-03    1.1702371849E+00   -1.8408067414E-01   -7.4452377599E+01    1.0995950702E-02
    1.5479980000E-03    1.1976567989E+00   -1.3127957653E-01   -7.4618645540E+01    1.2592639785E-02
    1.5519980000E-03    1.2163784831E+00   -7.6724192715E-02   -7.4765060435E+01    1.4121753853E-02
    1.5559980000E-03    1.2282566695E+00   -2.3412970468E-02   -7.4894325581E+01    1.5458986804E-02
    1.5599980000E-03    1.2349323981E+00    2.7403174422E-02   -7.5010386183E+01    1.6500284143E-02
    1.5639980000E-03    1.2375274035E+00    7.5917538783E-02   -7.5118486689E+01    1.7222431425E-02
    1.5679980000E-03    1.2365212866E+00    1.2304583465E-01   -7.5224486912E+01    1.7696195263E-02
    1.5719980000E-03    1.2317552086E+00    1.6968891046E-01   -7.5333978356E+01    1.8071412915E-02
    1.5759980000E-03    1.2225091882E+00    2.1618663303E-01   -7.5451557441E+01    1.8545797779E-02
    1.5799980000E-03    1.2076446866E+00    2.6200001941E-01   -7.5580396324E+01    1.9305355056E-02
    1.5839980000E-03    1.1858561714E+00    3.0565247688E-01   -7.5722231748E+01    2.0457944095E-02
    1.5879980000E-03    1.1559941187E+00    3.4511078894E-01   -7.5877863724E+01    2.2025958164E-02
    1.5919980000E-03    1.1172269576E+00    3.7838562751E-01   -7.6047861574E+01    2.4032014066E-02
    1.5959980000E-03    1.0690046337E+00    4.0353150532E-01   -7.6233082472E+01    2.6512529786E-02
    1.5999980000E-03    1.0110318283E+00    4.1825497824E-01   -7.6434791986E+01    2.9474256535E-02
    1.6039980000E-03    9.4376897690E-01    4.1911172083E-01   -7.6654597976E+01    3.2839117802E-02
    1.6079980000E-03    8.6931982384E-01    4.0184963517E-01   -7.6894074743E+01    3.6531059745E-02
    1.6119980000E-03    7.9218685863E-01    3.6246348368E-01   -7.7155325925E+01    4.0428476183E-02
    1.6159980000E-03    7.1907630480E-01    2.9888851178E-01   -7.7440357600E+01    4.4378718564E-02
    1.6199980000E-03    6.5747555872E-01    2.1275465783E-01   -7.7749247764E+01    4.8067369451E-02
    1.6239980000E-03    6.1311839706E-01    1.0906912039E-01   -7.8080599149E+01    5.1291774617E-02
    1.6279980000E-03    5.9074774418E-01   -5.5374252634E-03   -7.8430417074E+01    5.3663620494E-02
    1.6319980000E-03    5.9514801013E-01   -1.2402235279E-01   -7.8790017049E+01    5.4954250571E-02
    1.6359980000E-03    6.2919090152E-01   -2.3852338511E-01   -7.9147479530E+01    5.5227222057E-02
    1.6399980000E-03    6.9151722418E-01   -3.3910489382E-01   -7.9490992419E+01    5.4553780803E-02
    1.6439980000E-03    7.7439589557E-01   -4.1617721341E-01   -7.9813480149E+01    5.3286772041E-02
    1.6479980000E-03    8.6823158817E-01   -4.6372448316E-01   -8.0112335453E+01    5.1677648826E-02
    1.6519980000E-03    9.6375377153E-01   -4.7950301287E-01   -8.0387096446E+01    5.0020916767E-02
    1.6559980000E-03    1.0520633536E+00   -4.6485912829E-01   -8.0638398691E+01    4.8754891880E-02
    1.6599980000E-03    1.1258828422E+00   -4.2458741801E-01   -8.0866528499E+01    4.8263200375E-02
    1.6639980000E-03    1.1819037559E+00   -3.6571158448E-01   -8.1071515272E+01    4.8552129754E-02
    1.6679980000E-03    1.2207994492E+00   -2.9517112485E-01   -8.1253925664E+01    4.9506452306E-02
    1.6719980000E-03    1.2453006067E+00   -2.1883747614E-01   -8.1414707114E+01    5.0930261547E-02
    1.6759980000E-03    1.2588861434E+00   -1.4148216335E-01   -8.1556014162E+01    5.2464696002E-02
    1.6799980000E-03    1.2647230234E+00   -6.5818359700E-02   -8.1682781074E+01    5.3531961046E-02
    1.6839980000E-03    1.2647376341E+00    8.6768817310E-03   -8.1803550536E+01    5.3584392970E-02
    1.6879980000E-03    1.2590823367E+00    8.4384606187E-02   -8.1928904988E+01    5.2457586168E-02
    1.6919980000E-03    1.2461028233E+00    1.6243244551E-01   -8.2068334218E+01    5.0488338433E-02
    1.6959980000E-03    1.2228270838E+00    2.4046273458E-01   -8.2227916907E+01    4.8273992301E-02
    1.6999980000E-03    1.1859367069E+00    3.1332033415E-01   -8.2410636379E+01    4.6276825012E-02
    1.7039980000E-03    1.1329192485E+00    3.7445390190E-01   -8.2618063916E+01    4.4775451800E-02
    1.7079980000E-03    1.0634486584E+00    4.1614555139E-01   -8.2851205285E+01    4.3926933859E-02
    1.7119980000E-03    9.8146744004E-01    4.3077620699E-01   -8.3109934244E+01    4.3794884270E-02
    1.7159980000E-03    8.9536603553E-01    4.1421575247E-01   -8.3393138179E+01    4.4140714459E-02
    1.7199980000E-03    8.1482629233E-01    3.6727409832E-01   -8.3699197340E+01    4.4608159788E-02
    1.7239980000E-03    7.4927286984E-01    2.9447476429E-01   -8.4024892730E+01    4.4903741610E-02
    1.7279980000E-03    7.0745702307E-01    2.0343475370E-01   -8.4363631694E+01    4.4771898991E-02
    1.7319980000E-03    6.9413752592E-01    1.0412797538E-01   -8.4705111204E+01    4.4183215914E-02
    1.7359980000E-03    7.0824121525E-01    6.5672322307E-03   -8.5037986529E+01    4.3120520312E-02
    1.7399980000E-03    7.4349299578E-01   -8.0977908878E-02   -8.5353337516E+01    4.1750196088E-02
    1.7439980000E-03    7.9257829598E-01   -1.5294763960E-01   -8.5647027721E+01    4.0198914314E-02
    1.7479980000E-03    8.4931978198E-01   -2.0609106083E-01   -8.5917613147E+01    3.8513639823E-02
    1.7519980000E-03    9.0783034258E-01   -2.3978366650E-01   -8.6165169423E+01    3.6833470624E-02
    1.7559980000E-03    9.6327638279E-01   -2.5589411322E-01   -8.6390748759E+01    3.5162144851E-02
    1.7599980000E-03    1.0124320144E+00   -2.5800949884E-01   -8.6595739505E+01    3.3498991425E-02
    1.7639980000E-03    1.0539367848E+00   -2.5045766170E-01   -8.6782023410E+01    3.1847939306E-02
    1.7679980000E-03    1.0880677373E+00   -2.3700314481E-01   -8.6951916771E+01    3.0158170337E-02
    1.7719980000E-03    1.1158458052E+00   -2.2018692552E-01   -8.7107405909E+01    2.8421161259E-02
    1.7759980000E-03    1.1383420208E+00   -2.0148230156E-01   -8.7249676310E+01    2.6671593112E-02
    1.7799980000E-03    1.1564306101E+00   -1.8175302012E-01   -8.7379499035E+01    2.4933886058E-02
    1.7839980000E-03    1.1707691366E+00   -1.6159027601E-01   -8.7497662583E+01    2.3250030341E-02
    1.7879980000E-03    1.1818920930E+00   -1.4137467467E-01   -8.7605040285E+01    2.1678774846E-02
    1.7919980000E-03    1.1902863689E+00   -1.2133860493E-01   -8.7702701096E+01    2.0265879308E-02
    1.7959980000E-03    1.1964042956E+00   -1.0159592703E-01   -8.7792035197E+01    1.9042980636E-02
    1.7999980000E-03    1.2006347892E+00   -8.2165009887E-02   -8.7874749099E+01    1.8035502940E-02
    1.8039980000E-03    1.2032773479E+00   -6.2966155244E-02   -8.7952760170E+01    1.7262864215E-02
    1.8079980000E-03    1.2045295220E+00   -4.3835636406E-02   -8.8028097262E+01    1.6736706585E-02
    1.8119980000E-03    1.2044836299E+00   -2.4538164273E-02   -8.8102833850E+01    1.6461817604E-02
    1.8159980000E-03    1.2031266806E+00   -4.8072051652E-03   -8.8179054664E+01    1.6438523893E-02
    1.8199980000E-03    1.2003417324E+00    1.5611014904E-02   -8.8258830242E+01    1.6663883578E-02
    1.8239980000E-03    1.1959095293E+00    3.6915721503E-02   -8.8344185308E+01    1.7130153082E-02
    1.8279980000E-03    1.1895132089E+00    5.9183584898E-02   -8.8437065965E+01    1.7820809649E-02
    1.8319980000E-03    1.1807398526E+00    8.2335377776E-02   -8.8539279905E+01    1.8705248630E-02
    1.8359980000E-03    1.1690780132E+00    1.0609368211E-01   -8.8652432250E+01    1.9733924933E-02
    1.8399980000E-03    1.1538996899E+00    1.2997049378E-01   -8.8777887624E+01    2.0833958983E-02
    1.8439980000E-03    1.1344261748E+00    1.5322021972E-01   -8.8916853377E+01    2.1915655965E-02
    1.8479980000E-03    1.1096753702E+00    1.7475637485E-01   -8.9070589915E+01    2.2903130382E-02
    1.8519980000E-03    1.0784744784E+00    1.9292112464E-01   -8.9240639612E+01    2.3770022409E-02
    1.8559980000E-03    1.0396993206E+00    2.0513771077E-01   -8.9428866743E+01    2.4532375408E-02
    1.8599980000E-03    9.9291946098E-01    2.0766636687E-01   -8.9637203126E+01    2.5198376851E-02
    1.8639980000E-03    9.3920842840E-01    1.9611501600E-01   -8.9867165013E+01    2.5757682688E-02
    1.8679980000E-03    8.8178813609E-01    1.6665309281E-01   -9.0119608891E+01    2.6228974004E-02
    1.8719980000E-03    8.2651280990E-01    1.1725003518E-01   -9.0394761628E+01    2.6643177242E-02
    1.8759980000E-03    7.8066853757E-01    4.8997727661E-02   -9.0691643136E+01    2.7037156322E-02
    1.8799980000E-03    7.5107455352E-01   -3.3768337483E-02   -9.1007526741E+01    2.7441640569E-02
    1.8839980000E-03    7.4423784350E-01   -1.2408718202E-01   -9.1336540309E+01    2.7708706166E-02
    1.8879980000E-03    7.6362296502E-01   -2.1283737088E-01   -9.1669394215E+01    2.7722169104E-02
    1.8919980000E-03    8.0799508900E-01   -2.9025184446E-01   -9.1996061076E+01    2.7481921813E-02
    1.8959980000E-03    8.7169314324E-01   -3.4773894698E-01   -9.2307937931E+01    2.7128894293E-02
    1.8999980000E-03    9.4643073326E-01   -3.7926693016E-01   -9.2599475465E+01    2.6895555956E-02
    1.9039980000E-03    1.0231724881E+00   -3.8195850127E-01   -9.2867656186E+01    2.6995026345E-02
    1.9079980000E-03    1.0932765498E+00   -3.5710818771E-01   -9.3110720811E+01    2.7644894868E-02
    1.9119980000E-03    1.1508125823E+00   -3.1025595088E-01   -9.3328019602E+01    2.8884306998E-02
    1.9159980000E-03    1.1938633897E+00   -2.4879688026E-01   -9.3520291294E+01    3.0596953714E-02
    1.9199980000E-03    1.2234256228E+00   -1.7960879258E-01   -9.3689100223E+01    3.2584055038E-02
    1.9239980000E-03    1.2419340476E+00   -1.0829492663E-01   -9.3836650722E+01    3.4549104882E-02
    1.9279980000E-03    1.2521592924E+00   -3.8552289161E-02   -9.3966735521E+01    3.6093400129E-02
    1.9319980000E-03    1.2563006980E+00    2.8745579444E-02   -9.4085819215E+01    3.6861801756E-02
    1.9359980000E-03    1.2553853676E+00    9.5146764009E-02   -9.4202546667E+01    3.6794000215E-02
    1.9399980000E-03    1.2490388241E+00    1.6247427435E-01   -9.4325662891E+01    3.6153075579E-02
    1.9439980000E-03    1.2355863931E+00    2.3079587452E-01   -9.4461973270E+01    3.5358640998E-02
    1.9479980000E-03    1.2124530606E+00    2.9798812999E-01   -9.4615531543E+01    3.4798087624E-02
    1.9519980000E-03    1.1767846796E+00    3.6052996795E-01   -9.4788193395E+01    3.4744659464E-02
    1.9559980000E-03    1.1262795573E+00    4.1377748991E-01   -9.4980839004E+01    3.5361686969E-02
    1.9599980000E-03    1.0601372447E+00    4.5220094426E-01   -9.5194157188E+01    3.6746204957E-02
    1.9639980000E-03    9.8018864057E-01    4.6999419565E-01   -9.5428625530E+01    3.8878903942E-02
    1.9679980000E-03    8.9084978713E-01    4.6246524463E-01   -9.5684980302E+01    4.1541407361E-02
    1.9719980000E-03    7.9860214485E-01    4.2641226660E-01   -9.5964659340E+01    4.4443014484E-02
    1.9759980000E-03    7.1199556695E-01    3.6086640967E-01   -9.6268634597E+01    4.7185504994E-02
    1.9799980000E-03    6.4033942742E-01    2.6892862211E-01   -9.6596106678E+01    4.9465701819E-02
    1.9839980000E-03    5.9164281294E-01    1.5800767301E-01   -9.6944258804E+01    5.0982324609E-02
    1.9879980000E-03    5.7065291214E-01    3.7542789461E-02   -9.7305577838E+01    5.1462502874E-02
    1.9919980000E-03    5.7822310211E-01   -8.4296870736E-02   -9.7668404534E+01    5.0840198208E-02
    1.9959980000E-03    6.1332499110E-01   -2.0025694495E-01   -9.8020901428E+01    4.9077860858E-02
    1.9999980000E-03    6.7233662752E-01   -3.0185137968E-01   -9.8354190011E+01    4.6485240421E-02
