 sig=    1.000000000000000      inputfile=
 /home/rjrj524/Finished/vmec_gc_tracer/revised_251128/nc/wout_pwO_nfp2_A6.nc                                                                                                                             
 dt=   2.0000000000000001E-009
 steps=      1000000
 x0=   5.9999999999999998E-002    3.080000000000000      
    6.410000000000000     
 u=   -45600.00000000000     
 v_perp=    10700.00000000000     
 
time(s)         x0(1)       x0(2)        x0(3)      r
    3.9980000000E-06    1.2679746749E+00    4.4827155674E-02    6.2827219475E+00    6.0033402501E-02
    7.9980000000E-06    1.2636533586E+00    1.1960922578E-01    6.1548168534E+00    5.9831709127E-02
    1.1998000000E-05    1.2536840669E+00    1.9022194219E-01    6.0250396160E+00    5.9495026677E-02
    1.5998000000E-05    1.2375205401E+00    2.5479144792E-01    5.8924969614E+00    5.9132587894E-02
    1.9998000000E-05    1.2147618375E+00    3.1218470992E-01    5.7566083111E+00    5.8803520181E-02
    2.3998000000E-05    1.1852856782E+00    3.6165853252E-01    5.6169254690E+00    5.8531712259E-02
    2.7998000000E-05    1.1492595742E+00    4.0253589574E-01    5.4730323814E+00    5.8327773173E-02
    3.1998000000E-05    1.1071628350E+00    4.3402997056E-01    5.3245264585E+00    5.8195268348E-02
    3.5998000000E-05    1.0599012141E+00    4.5527732220E-01    5.1710520044E+00    5.8138036715E-02
    3.9998000000E-05    1.0089244244E+00    4.6554481383E-01    5.0122870276E+00    5.8153489573E-02
    4.3998000000E-05    9.5609762651E-01    4.6451222019E-01    4.8478856242E+00    5.8221237630E-02
    4.7998000000E-05    9.0335922131E-01    4.5237207030E-01    4.6774963856E+00    5.8312432424E-02
    5.1998000000E-05    8.5248027425E-01    4.2970952543E-01    4.5008623597E+00    5.8404982217E-02
    5.5998000000E-05    8.0507657743E-01    3.9735730849E-01    4.3179035990E+00    5.8484621240E-02
    5.9998000000E-05    7.6273416795E-01    3.5635284535E-01    4.1287815805E+00    5.8536273934E-02
    6.3998000000E-05    7.2709417466E-01    3.0796654875E-01    3.9340272784E+00    5.8543617605E-02
    6.7998000000E-05    6.9977794144E-01    2.5372992039E-01    3.7346694326E+00    5.8496117978E-02
    7.1998000000E-05    6.8203112134E-01    1.9539932911E-01    3.5322252237E+00    5.8393628268E-02
    7.5998000000E-05    6.7439397343E-01    1.3480953806E-01    3.3285101411E+00    5.8239368957E-02
    7.9998000000E-05    6.7667861858E-01    7.3714237008E-02    3.1253268133E+00    5.8025708365E-02
    8.3998000000E-05    6.8802287901E-01    1.3712039487E-02    2.9241871161E+00    5.7750135480E-02
    8.7998000000E-05    7.0706232091E-01   -4.3787588865E-02    2.7261427195E+00    5.7431698495E-02
    9.1998000000E-05    7.3236346822E-01   -9.7555372067E-02    2.5317739763E+00    5.7083208924E-02
    9.5998000000E-05    7.6270785751E-01   -1.4648511869E-01    2.3413557895E+00    5.6696059728E-02
    9.9998000000E-05    7.9710258783E-01   -1.8953780765E-01    2.1550606178E+00    5.6268689312E-02
    1.0399800000E-04    8.3459734248E-01   -2.2578678064E-01    1.9730452520E+00    5.5822085115E-02
    1.0799800000E-04    8.7414198484E-01   -2.5452039151E-01    1.7954128594E+00    5.5372566646E-02
    1.1199800000E-04    9.1445622256E-01   -2.7541619541E-01    1.6221695528E+00    5.4917860271E-02
    1.1599800000E-04    9.5408711021E-01   -2.8870160642E-01    1.4532922840E+00    5.4458989338E-02
    1.1999800000E-04    9.9170127150E-01   -2.9518719645E-01    1.2887690491E+00    5.3999432276E-02
    1.2399800000E-04    1.0263803994E+00   -2.9611258262E-01    1.1285115849E+00    5.3533949121E-02
    1.2799800000E-04    1.0576880287E+00   -2.9289572305E-01    9.7229926913E-01    5.3069408464E-02
    1.3199800000E-04    1.0855743112E+00   -2.8683627851E-01    8.1982202455E-01    5.2617922893E-02
    1.3599800000E-04    1.1101865094E+00   -2.7885783899E-01    6.7067439523E-01    5.2170281277E-02
    1.3999800000E-04    1.1316466029E+00   -2.6946201497E-01    5.2434919111E-01    5.1716613855E-02
    1.4399800000E-04    1.1500456492E+00   -2.5863058929E-01    3.8042101036E-01    5.1266522735E-02
    1.4799800000E-04    1.1655947994E+00   -2.4586240407E-01    2.3861130212E-01    5.0822665204E-02
    1.5199800000E-04    1.1786465270E+00   -2.3046041021E-01    9.8664732717E-02    5.0359812307E-02
    1.5599800000E-04    1.1894145964E+00   -2.1210935145E-01   -3.9748398374E-02    4.9891676923E-02
    1.5999800000E-04    1.1978275624E+00   -1.9104017570E-01   -1.7704963375E-01    4.9459412187E-02
    1.6399800000E-04    1.2036643188E+00   -1.6771747387E-01   -3.1370703892E-01    4.9089266145E-02
    1.6799800000E-04    1.2067377284E+00   -1.4265165658E-01   -4.5017827553E-01    4.8788297475E-02
    1.7199800000E-04    1.2069905872E+00   -1.1640812445E-01   -5.8691350694E-01    4.8548922636E-02
    1.7599800000E-04    1.2044735080E+00   -8.9586708422E-02   -7.2439120327E-01    4.8355844865E-02
    1.7999800000E-04    1.1992470945E+00   -6.2733847575E-02   -8.6312086472E-01    4.8188244872E-02
    1.8399800000E-04    1.1912819106E+00   -3.6310212167E-02   -1.0036106649E+00    4.8024176482E-02
    1.8799800000E-04    1.1804229639E+00   -1.0776975496E-02   -1.1463354430E+00    4.7842008365E-02
    1.9199800000E-04    1.1664155975E+00    1.3278410767E-02   -1.2917212249E+00    4.7625790853E-02
    1.9599800000E-04    1.1489930064E+00    3.5009574178E-02   -1.4401604426E+00    4.7371539854E-02
    1.9999800000E-04    1.1280180442E+00    5.3253843121E-02   -1.5920291662E+00    4.7080504545E-02
    2.0399800000E-04    1.1036003467E+00    6.6650291135E-02   -1.7476690641E+00    4.6756264777E-02
    2.0799800000E-04    1.0761171781E+00    7.3899473865E-02   -1.9073237508E+00    4.6409010409E-02
    2.1199800000E-04    1.0461412945E+00    7.4006914434E-02   -2.0710677077E+00    4.6053389857E-02
    2.1599800000E-04    1.0143859615E+00    6.6379818119E-02   -2.2387887022E+00    4.5701039904E-02
    2.1999800000E-04    9.8181903173E-01    5.0793650840E-02   -2.4102410473E+00    4.5357043624E-02
    2.2399800000E-04    9.4997556546E-01    2.7381897985E-02   -2.5851487103E+00    4.5031253334E-02
    2.2799800000E-04    9.2094009344E-01   -3.1887815075E-03   -2.7632613898E+00    4.4743521312E-02
    2.3199800000E-04    8.9679121054E-01   -3.9632766162E-02   -2.9443108081E+00    4.4507735154E-02
    2.3599800000E-04    8.7910693792E-01   -8.0270919661E-02   -3.1279234373E+00    4.4321623810E-02
    2.3999800000E-04    8.6891654041E-01   -1.2328777544E-01   -3.3135331844E+00    4.4174937758E-02
    2.4399800000E-04    8.6677027159E-01   -1.6684629863E-01   -3.5003171188E+00    4.4061530377E-02
    2.4799800000E-04    8.7276223457E-01   -2.0914011295E-01   -3.6872447830E+00    4.3980552240E-02
    2.5199800000E-04    8.8666440408E-01   -2.4840065017E-01   -3.8731920821E+00    4.3932945768E-02
    2.5599800000E-04    9.0798232680E-01   -2.8288897653E-01   -4.0570146463E+00    4.3921619408E-02
    2.5999800000E-04    9.3590108473E-01   -3.1092941151E-01   -4.2376344200E+00    4.3952650912E-02
    2.6399800000E-04    9.6921538373E-01   -3.3099837246E-01   -4.4141609678E+00    4.4035393733E-02
    2.6799800000E-04    1.0063700218E+00   -3.4180190570E-01   -4.5859609467E+00    4.4181773664E-02
    2.7199800000E-04    1.0456116937E+00   -3.4230165803E-01   -4.7526311406E+00    4.4404439949E-02
    2.7599800000E-04    1.0851109870E+00   -3.3181263152E-01   -4.9139372035E+00    4.4712715114E-02
    2.7999800000E-04    1.1230849339E+00   -3.1015987760E-01   -5.0697851161E+00    4.5104590567E-02
    2.8399800000E-04    1.1579551569E+00   -2.7773032762E-01   -5.2202445594E+00    4.5564161432E-02
    2.8799800000E-04    1.1884862811E+00   -2.3533604144E-01   -5.3655683287E+00    4.6070155710E-02
    2.9199800000E-04    1.2138460234E+00   -1.8401939043E-01   -5.5061617858E+00    4.6598828850E-02
    2.9599800000E-04    1.2336044798E+00   -1.2503925155E-01   -5.6425623677E+00    4.7117907021E-02
    2.9999800000E-04    1.2477174608E+00   -5.9996325903E-02   -5.7754662588E+00    4.7577619095E-02
    3.0399800000E-04    1.2564227821E+00    9.0477655094E-03   -5.9057924430E+00    4.7906876059E-02
    3.0799800000E-04    1.2599969826E+00    7.9555287737E-02   -6.0347296592E+00    4.8054295605E-02
    3.1199800000E-04    1.2584753529E+00    1.4882362143E-01   -6.1636281957E+00    4.8042630232E-02
    3.1599800000E-04    1.2515404617E+00    2.1447608133E-01   -6.2937317050E+00    4.7954286156E-02
    3.1999800000E-04    1.2386593478E+00    2.7488828361E-01   -6.4259173186E+00    4.7874523516E-02
    3.2399800000E-04    1.2193182680E+00    3.2915022662E-01   -6.5607133954E+00    4.7856582391E-02
    3.2799800000E-04    1.1931973325E+00    3.7671632869E-01   -6.6984849862E+00    4.7925191918E-02
    3.3199800000E-04    1.1602474139E+00    4.1708405078E-01   -6.8395710334E+00    4.8091052879E-02
    3.3599800000E-04    1.1207177064E+00    4.4963865787E-01   -6.9843339058E+00    4.8354503241E-02
    3.3999800000E-04    1.0752255772E+00    4.7363807600E-01   -7.1331505218E+00    4.8711217632E-02
    3.4399800000E-04    1.0248188020E+00    4.8833145398E-01   -7.2863951799E+00    4.9149004245E-02
    3.4799800000E-04    9.7086839038E-01    4.9315206360E-01   -7.4444371907E+00    4.9645043768E-02
    3.5199800000E-04    9.1485994857E-01    4.8777758590E-01   -7.6076697565E+00    5.0175074588E-02
    3.5599800000E-04    8.5832461843E-01    4.7205832812E-01   -7.7765279457E+00    5.0716158657E-02
    3.5999800000E-04    8.0287013242E-01    4.4603535885E-01   -7.9514489452E+00    5.1244493729E-02
    3.6399800000E-04    7.5013745730E-01    4.1002178658E-01   -8.1328131572E+00    5.1732939133E-02
    3.6799800000E-04    7.0174144147E-01    3.6467597484E-01   -8.3208505655E+00    5.2163341763E-02
    3.7199800000E-04    6.5927589423E-01    3.1109154895E-01   -8.5155311305E+00    5.2529550206E-02
    3.7599800000E-04    6.2420664544E-01    2.5080666969E-01   -8.7164988242E+00    5.2818687993E-02
    3.7999800000E-04    5.9766190559E-01    1.8561783601E-01   -8.9229650651E+00    5.3009752972E-02
    3.8399800000E-04    5.8030584385E-01    1.1728617433E-01   -9.1335557535E+00    5.3089128426E-02
    3.8799800000E-04    5.7233306491E-01    4.7335940080E-02   -9.3464555616E+00    5.3059210503E-02
    3.9199800000E-04    5.7361455635E-01   -2.2981807147E-02   -9.5596987782E+00    5.2920467878E-02
    3.9599800000E-04    5.8387431878E-01   -9.2565602591E-02   -9.7713461310E+00    5.2656389157E-02
    3.9999800000E-04    6.0270180573E-01   -1.6027056268E-01   -9.9796676247E+00    5.2265048714E-02
    4.0399800000E-04    6.2957605322E-01   -2.2470909853E-01   -1.0183343964E+01    5.1774596377E-02
    4.0799800000E-04    6.6386506269E-01   -2.8430028321E-01   -1.0381504712E+01    5.1205601032E-02
    4.1199800000E-04    7.0477901819E-01   -3.3741788265E-01   -1.0573697422E+01    5.0562372818E-02
    4.1599800000E-04    7.5122125765E-01   -3.8259891354E-01   -1.0759712500E+01    4.9852861698E-02
    4.1999800000E-04    8.0171169286E-01   -4.1879444692E-01   -1.0939564710E+01    4.9091744686E-02
    4.2399800000E-04    8.5451814787E-01   -4.4553465876E-01   -1.1113538100E+01    4.8301509502E-02
    4.2799800000E-04    9.0791076446E-01   -4.6284185156E-01   -1.1282028161E+01    4.7510103748E-02
    4.3199800000E-04    9.6037398417E-01   -4.7105837032E-01   -1.1445382839E+01    4.6735412693E-02
    4.3599800000E-04    1.0106984064E+00   -4.7069241424E-01   -1.1603920300E+01    4.5989698520E-02
    4.3999800000E-04    1.0579512056E+00   -4.6225582669E-01   -1.1757956703E+01    4.5294320399E-02
    4.4399800000E-04    1.1013417952E+00   -4.4611175150E-01   -1.1907806441E+01    4.4665103677E-02
    4.4799800000E-04    1.1400771531E+00   -4.2259597393E-01   -1.2053838556E+01    4.4113490381E-02
    4.5199800000E-04    1.1734175358E+00   -3.9215298117E-01   -1.2196476061E+01    4.3650338911E-02
    4.5599800000E-04    1.2008393904E+00   -3.5528373685E-01   -1.2336117762E+01    4.3284385090E-02
    4.5999800000E-04    1.2221234515E+00   -3.1246165231E-01   -1.2473110921E+01    4.3022551504E-02
    4.6399800000E-04    1.2373635680E+00   -2.6406867568E-01   -1.2607770226E+01    4.2857593741E-02
    4.6799800000E-04    1.2468973195E+00   -2.1048575611E-01   -1.2740451481E+01    4.2761390107E-02
    4.7199800000E-04    1.2511737551E+00   -1.5237551061E-01   -1.2871692075E+01    4.2678431958E-02
    4.7599800000E-04    1.2505824007E+00   -9.1047452253E-02   -1.3002364463E+01    4.2539559674E-02
    4.7999800000E-04    1.2453028669E+00   -2.8453588655E-02   -1.3133612228E+01    4.2291321019E-02
    4.8399800000E-04    1.2352417424E+00    3.3133890356E-02   -1.3266605576E+01    4.1920687845E-02
    4.8799800000E-04    1.2201611425E+00    9.1394255400E-02   -1.3402365668E+01    4.1456338139E-02
    4.9199800000E-04    1.1999515784E+00    1.4412136838E-01   -1.3541728873E+01    4.0937874043E-02
    4.9599800000E-04    1.1748695196E+00    1.8938357606E-01   -1.3685355116E+01    4.0395516160E-02
    4.9999800000E-04    1.1456255784E+00    2.2561960261E-01   -1.3833737681E+01    3.9852869434E-02
    5.0399800000E-04    1.1133522395E+00    2.5170487277E-01   -1.3987184614E+01    3.9333399874E-02
    5.0799800000E-04    1.0795159769E+00    2.6703488645E-01   -1.4145785596E+01    3.8863560228E-02
    5.1199800000E-04    1.0457842365E+00    2.7159624480E-01   -1.4309406513E+01    3.8465789581E-02
    5.1599800000E-04    1.0138666427E+00    2.6593009616E-01   -1.4477720777E+01    3.8149653920E-02
    5.1999800000E-04    9.8534524212E-01    2.5102268998E-01   -1.4650232517E+01    3.7913804922E-02
    5.2399800000E-04    9.6151149077E-01    2.2818517308E-01   -1.4826276881E+01    3.7752987999E-02
    5.2799800000E-04    9.4326951832E-01    1.9893013148E-01   -1.5005033733E+01    3.7661846553E-02
    5.3199800000E-04    9.3112660922E-01    1.6486431544E-01   -1.5185594241E+01    3.7634836150E-02
    5.3599800000E-04    9.2532665266E-01    1.2754607205E-01   -1.5367046344E+01    3.7666121127E-02
    5.3999800000E-04    9.2588910104E-01    8.8455638126E-02   -1.5548544175E+01    3.7751505134E-02
    5.4399800000E-04    9.3251868164E-01    4.9029313822E-02   -1.5729372037E+01    3.7887657415E-02
    5.4799800000E-04    9.4451968478E-01    1.0722426603E-02   -1.5908995749E+01    3.8073241100E-02
    5.5199800000E-04    9.6092817746E-01   -2.4950125744E-02   -1.6087029518E+01    3.8318574008E-02
    5.5599800000E-04    9.8077187288E-01   -5.6436271720E-02   -1.6263144086E+01    3.8633848777E-02
    5.5999800000E-04    1.0033097829E+00   -8.2305437394E-02   -1.6436963857E+01    3.9009523177E-02
    5.6399800000E-04    1.0280082680E+00   -1.0137526452E-01   -1.6608032551E+01    3.9433712325E-02
    5.6799800000E-04    1.0542949901E+00   -1.1270723559E-01   -1.6775869736E+01    3.9900156366E-02
    5.7199800000E-04    1.0814053956E+00   -1.1560511934E-01   -1.6940039644E+01    4.0398730614E-02
    5.7599800000E-04    1.1083846145E+00   -1.0969418018E-01   -1.7100204717E+01    4.0913016180E-02
    5.7999800000E-04    1.1341667404E+00   -9.5093140462E-02   -1.7256180109E+01    4.1423518831E-02
    5.8399800000E-04    1.1577050281E+00   -7.2550521898E-02   -1.7407989807E+01    4.1911157319E-02
    5.8799800000E-04    1.1781363725E+00   -4.3427839668E-02   -1.7555876282E+01    4.2360767073E-02
    5.9199800000E-04    1.1949317224E+00   -9.4957071711E-03   -1.7700243107E+01    4.2764524070E-02
    5.9599800000E-04    1.2079481195E+00    2.7405264527E-02   -1.7841576333E+01    4.3120998839E-02
    5.9999800000E-04    1.2173200627E+00    6.5647387701E-02   -1.7980419518E+01    4.3431415972E-02
    6.0399800000E-04    1.2232520720E+00    1.0393368594E-01   -1.8117395264E+01    4.3705603398E-02
    6.0799800000E-04    1.2258587362E+00    1.4128842114E-01   -1.8253200760E+01    4.3968115506E-02
    6.1199800000E-04    1.2251058526E+00    1.7701790415E-01   -1.8388526193E+01    4.4251990097E-02
    6.1599800000E-04    1.2208306775E+00    2.1060575480E-01   -1.8523963627E+01    4.4584022022E-02
    6.1999800000E-04    1.2128404175E+00    2.4158329392E-01   -1.8659995289E+01    4.4971087734E-02
    6.2399800000E-04    1.2010635609E+00    2.6952137545E-01   -1.8797030741E+01    4.5405859457E-02
    6.2799800000E-04    1.1856455115E+00    2.9406869395E-01   -1.8935455973E+01    4.5884473684E-02
    6.3199800000E-04    1.1669180386E+00    3.1495863876E-01   -1.9075662777E+01    4.6411791022E-02
    6.3599800000E-04    1.1452298786E+00    3.3201592132E-01   -1.9218052308E+01    4.6968731877E-02
    6.3999800000E-04    1.1206966740E+00    3.4535713456E-01   -1.9362992477E+01    4.7510842911E-02
    6.4399800000E-04    1.0931006900E+00    3.5542653605E-01   -1.9510759053E+01    4.8038568998E-02
    6.4799800000E-04    1.0621615672E+00    3.6248638261E-01   -1.9661614642E+01    4.8565667427E-02
    6.5199800000E-04    1.0277433325E+00    3.6622714258E-01   -1.9815949839E+01    4.9107899800E-02
    6.5599800000E-04    9.8990682508E-01    3.6578487003E-01   -1.9974189707E+01    4.9688061825E-02
    6.5999800000E-04    9.4907761027E-01    3.5988057558E-01   -2.0136653881E+01    5.0302102226E-02
    6.6399800000E-04    9.0616694802E-01    3.4718819364E-01   -2.0303570147E+01    5.0922944235E-02
    6.6799800000E-04    8.6247149818E-01    3.2676886481E-01   -2.0475104780E+01    5.1538834551E-02
    6.7199800000E-04    8.1949450935E-01    2.9825765722E-01   -2.0651371625E+01    5.2153899895E-02
    6.7599800000E-04    7.7879102517E-01    2.6180761222E-01   -2.0832498457E+01    5.2758072631E-02
    6.7999800000E-04    7.4170548373E-01    2.1802535839E-01   -2.1018579874E+01    5.3335370290E-02
    6.8399800000E-04    7.0913306045E-01    1.6790151707E-01   -2.1209470236E+01    5.3874690838E-02
    6.8799800000E-04    6.8162682534E-01    1.1261969266E-01   -2.1404785115E+01    5.4363081933E-02
    6.9199800000E-04    6.5980568986E-01    5.3342093607E-02   -2.1604114209E+01    5.4798842692E-02
    6.9599800000E-04    6.4468563493E-01   -8.8228362905E-03   -2.1806978992E+01    5.5180679377E-02
    6.9999800000E-04    6.3758846992E-01   -7.2704537295E-02   -2.2012548752E+01    5.5488021453E-02
    7.0399800000E-04    6.3967163446E-01   -1.3699266684E-01   -2.2219515945E+01    5.5709314135E-02
    7.0799800000E-04    6.5158592849E-01   -2.0021561664E-01   -2.2426182860E+01    5.5857018255E-02
    7.1199800000E-04    6.7341262449E-01   -2.6070188882E-01   -2.2630629223E+01    5.5937157932E-02
    7.1599800000E-04    7.0452991075E-01   -3.1663375704E-01   -2.2831047263E+01    5.5945502438E-02
    7.1999800000E-04    7.4358733455E-01   -3.6626828216E-01   -2.3026085942E+01    5.5888693595E-02
    7.2399800000E-04    7.8890475900E-01   -4.0812818758E-01   -2.3214951859E+01    5.5780491856E-02
    7.2799800000E-04    8.3886675199E-01   -4.4102587045E-01   -2.3397325571E+01    5.5634303464E-02
    7.3199800000E-04    8.9193599943E-01   -4.6402412983E-01   -2.3573207707E+01    5.5462759347E-02
    7.3599800000E-04    9.4652613302E-01   -4.7642159288E-01   -2.3742800400E+01    5.5280118321E-02
    7.3999800000E-04    1.0009044497E+00   -4.7778046322E-01   -2.3906453431E+01    5.5109899334E-02
    7.4399800000E-04    1.0531962418E+00   -4.6801574843E-01   -2.4064581522E+01    5.4983963022E-02
    7.4799800000E-04    1.1015779144E+00   -4.4749929149E-01   -2.4217575295E+01    5.4927695350E-02
    7.5199800000E-04    1.1446097390E+00   -4.1697880685E-01   -2.4365780292E+01    5.4948045501E-02
    7.5599800000E-04    1.1813940355E+00   -3.7731759402E-01   -2.4509551333E+01    5.5043184667E-02
    7.5999800000E-04    1.2114758047E+00   -3.2928927795E-01   -2.4649277050E+01    5.5211961310E-02
    7.6399800000E-04    1.2347140236E+00   -2.7354685459E-01   -2.4785354422E+01    5.5447418865E-02
    7.6799800000E-04    1.2512500675E+00   -2.1076916883E-01   -2.4918202970E+01    5.5730799464E-02
    7.7199800000E-04    1.2614940333E+00   -1.4195181858E-01   -2.5048352879E+01    5.6013956393E-02
    7.7599800000E-04    1.2660037014E+00   -6.8749116446E-02   -2.5176615411E+01    5.6200048387E-02
    7.7999800000E-04    1.2652171296E+00    6.3012895118E-03   -2.5304217836E+01    5.6182486225E-02
    7.8399800000E-04    1.2591978717E+00    8.0134350007E-02   -2.5432627004E+01    5.5930413610E-02
    7.8799800000E-04    1.2476421133E+00    1.4992724880E-01   -2.5563171277E+01    5.5516583045E-02
    7.9199800000E-04    1.2301509085E+00    2.1362981307E-01   -2.5696819286E+01    5.5043711443E-02
    7.9599800000E-04    1.2065038099E+00    2.6991686871E-01   -2.5834238889E+01    5.4576870056E-02
    7.9999800000E-04    1.1767852184E+00    3.1785004234E-01   -2.5975951054E+01    5.4149189996E-02
    8.0399800000E-04    1.1414034354E+00    3.5659639871E-01   -2.6122406429E+01    5.3779179421E-02
    8.0799800000E-04    1.1011357798E+00    3.8527243190E-01   -2.6273994202E+01    5.3477932557E-02
    8.1199800000E-04    1.0572033723E+00    4.0307388834E-01   -2.6430997377E+01    5.3254661599E-02
    8.1599800000E-04    1.0112599046E+00    4.0956520361E-01   -2.6593590486E+01    5.3109583954E-02
    8.1999800000E-04    9.6520556955E-01    4.0487795275E-01   -2.6761879279E+01    5.3029547836E-02
    8.2399800000E-04    9.2092945668E-01    3.8966194068E-01   -2.6935874499E+01    5.2997655015E-02
    8.2799800000E-04    8.8020993293E-01    3.6487471289E-01   -2.7115412718E+01    5.3000346746E-02
    8.3199800000E-04    8.4471164596E-01    3.3167933771E-01   -2.7300064804E+01    5.3026070511E-02
    8.3599800000E-04    8.1596183910E-01    2.9144709412E-01   -2.7489060523E+01    5.3062459380E-02
    8.3999800000E-04    7.9525506821E-01    2.4575824697E-01   -2.7681282614E+01    5.3097725819E-02
    8.4399800000E-04    7.8354101488E-01    1.9635889328E-01   -2.7875375105E+01    5.3123046090E-02
    8.4799800000E-04    7.8135596073E-01    1.4511608401E-01   -2.8069890099E+01    5.3135098380E-02
    8.5199800000E-04    7.8873342555E-01    9.3979952853E-02   -2.8263411058E+01    5.3140387571E-02
    8.5599800000E-04    8.0512552925E-01    4.4899725091E-02   -2.8454721085E+01    5.3150349995E-02
    8.5999800000E-04    8.2951585014E-01   -2.5857613413E-04   -2.8642958496E+01    5.3167937168E-02
    8.6399800000E-04    8.6059598916E-01   -3.9717520919E-02   -2.8827600930E+01    5.3188889064E-02
    8.6799800000E-04    8.9667435732E-01   -7.1862990146E-02   -2.9008365930E+01    5.3213839694E-02
    8.7199800000E-04    9.3550257909E-01   -9.5550471744E-02   -2.9185160182E+01    5.3247378775E-02
    8.7599800000E-04    9.7452677205E-01   -1.1046616287E-01   -2.9357978197E+01    5.3287383661E-02
    8.7999800000E-04    1.0115077549E+00   -1.1721316257E-01   -2.9526763566E+01    5.3323298332E-02
    8.8399800000E-04    1.0449731400E+00   -1.1704907236E-01   -2.9691424497E+01    5.3345819917E-02
    8.8799800000E-04    1.0742692820E+00   -1.1146083903E-01   -2.9851965598E+01    5.3349281849E-02
    8.9199800000E-04    1.0993700204E+00   -1.0177202685E-01   -3.0008543348E+01    5.3326135997E-02
    8.9599800000E-04    1.1206044830E+00   -8.8939623223E-02   -3.0161409393E+01    5.3267636814E-02
    8.9999800000E-04    1.1384110103E+00   -7.3587981483E-02   -3.0310834207E+01    5.3166383914E-02
    9.0399800000E-04    1.1531850367E+00   -5.6167598026E-02   -3.0457091019E+01    5.3020729684E-02
    9.0799800000E-04    1.1652246951E+00   -3.7108648899E-02   -3.0600492876E+01    5.2841147160E-02
    9.1199800000E-04    1.1747414615E+00   -1.6922567038E-02   -3.0741421813E+01    5.2648576668E-02
    9.1599800000E-04    1.1819013805E+00    3.7727791074E-03   -3.0880324841E+01    5.2472689749E-02
    9.1999800000E-04    1.1868560241E+00    2.4320997221E-02   -3.1017704957E+01    5.2341793033E-02
    9.2399800000E-04    1.1896985239E+00    4.4073587124E-02   -3.1154141967E+01    5.2275768569E-02
    9.2799800000E-04    1.1903740221E+00    6.2480566763E-02   -3.1290244755E+01    5.2316110537E-02
    9.3199800000E-04    1.1886742243E+00    7.9314919421E-02   -3.1426514062E+01    5.2497718536E-02
    9.3599800000E-04    1.1843605716E+00    9.4831390547E-02   -3.1563320709E+01    5.2784747651E-02
    9.3999800000E-04    1.1773053228E+00    1.0962223059E-01   -3.1700997056E+01    5.3121681652E-02
    9.4399800000E-04    1.1675522636E+00    1.2422123564E-01   -3.1839887526E+01    5.3497272062E-02
    9.4799800000E-04    1.1552550516E+00    1.3876840888E-01   -3.1980441581E+01    5.3913551924E-02
    9.5199800000E-04    1.1405029892E+00    1.5304926552E-01   -3.2123228714E+01    5.4350271627E-02
    9.5599800000E-04    1.1231776869E+00    1.6665373327E-01   -3.2268783373E+01    5.4786005475E-02
    9.5999800001E-04    1.1029833253E+00    1.7899997858E-01   -3.2417523081E+01    5.5186415478E-02
    9.6399800001E-04    1.0795617398E+00    1.8931321286E-01   -3.2569798400E+01    5.5526760604E-02
    9.6799800001E-04    1.0526183399E+00    1.9661263978E-01   -3.2725901626E+01    5.5818551512E-02
    9.7199800001E-04    1.0220703186E+00    1.9972102291E-01   -3.2886043979E+01    5.6080547589E-02
    9.7599800001E-04    9.8815318507E-01    1.9737793442E-01   -3.3050355431E+01    5.6321083285E-02
    9.7999800001E-04    9.5146217238E-01    1.8843177005E-01   -3.3218866377E+01    5.6542711858E-02
    9.8399800001E-04    9.1295654343E-01    1.7204222646E-01   -3.3391484929E+01    5.6745110373E-02
    9.8799800001E-04    8.7399336647E-01    1.4778093803E-01   -3.3568086043E+01    5.6930265186E-02
    9.9199800001E-04    8.3627827606E-01    1.1568674777E-01   -3.3748641792E+01    5.7104730076E-02
    9.9599800001E-04    8.0163484395E-01    7.6298869971E-02   -3.3933204794E+01    5.7272753350E-02
    9.9999800001E-04    7.7171299297E-01    3.0611668205E-02   -3.4121753588E+01    5.7435160416E-02
    1.0039980000E-03    7.4799283427E-01   -2.0105474090E-02   -3.4314088652E+01    5.7595342266E-02
    1.0079980000E-03    7.3187499409E-01   -7.4417662930E-02   -3.4509749063E+01    5.7752487220E-02
    1.0119980000E-03    7.2468182642E-01   -1.3073141813E-01   -3.4707886167E+01    5.7891680439E-02
    1.0159980000E-03    7.2731380253E-01   -1.8726873078E-01   -3.4907208101E+01    5.7996499926E-02
    1.0199980000E-03    7.4000321818E-01   -2.4214760827E-01   -3.5106122589E+01    5.8062090455E-02
    1.0239980000E-03    7.6229888523E-01   -2.9349360519E-01   -3.5302959325E+01    5.8089926141E-02
    1.0279980000E-03    7.9315925326E-01   -3.3953246360E-01   -3.5496183019E+01    5.8084154288E-02
    1.0319980000E-03    8.3113999479E-01   -3.7867189402E-01   -3.5684594696E+01    5.8054502742E-02
    1.0359980000E-03    8.7464147984E-01   -4.0954914441E-01   -3.5867434653E+01    5.8016188269E-02
    1.0399980000E-03    9.2204011428E-01   -4.3102035434E-01   -3.6044330276E+01    5.7984166967E-02
    1.0439980000E-03    9.7165873139E-01   -4.4213383707E-01   -3.6215194919E+01    5.7972791721E-02
    1.0479980000E-03    1.0216770246E+00   -4.4217827744E-01   -3.6380146976E+01    5.8001688473E-02
    1.0519980000E-03    1.0701413429E+00   -4.3085580110E-01   -3.6539417431E+01    5.8093807159E-02
    1.0559980000E-03    1.1152035248E+00   -4.0842537117E-01   -3.6693262226E+01    5.8262476060E-02
    1.0599980000E-03    1.1554277941E+00   -3.7559920268E-01   -3.6841963055E+01    5.8505703276E-02
    1.0639980000E-03    1.1898908767E+00   -3.3324421944E-01   -3.6985875239E+01    5.8817247258E-02
    1.0679980000E-03    1.2180784834E+00   -2.8216241847E-01   -3.7125414561E+01    5.9189406449E-02
    1.0719980000E-03    1.2397936495E+00   -2.2307391212E-01   -3.7261021418E+01    5.9605487742E-02
    1.0759980000E-03    1.2551395396E+00   -1.5685113104E-01   -3.7393195640E+01    6.0031839405E-02
    1.0799980000E-03    1.2644983714E+00   -8.4850028696E-02   -3.7522609226E+01    6.0392881967E-02
    1.0839980000E-03    1.2683630172E+00   -9.2546820633E-03   -3.7650287824E+01    6.0573413545E-02
    1.0879980000E-03    1.2670215868E+00    6.6942099994E-02   -3.7777637134E+01    6.0501341604E-02
    1.0919980000E-03    1.2603253137E+00    1.4060215736E-01   -3.7906137935E+01    6.0217725659E-02
    1.0959980000E-03    1.2477929227E+00    2.0923972695E-01   -3.8036961114E+01    5.9836948249E-02
    1.0999980000E-03    1.2289275593E+00    2.7126913831E-01   -3.8170870806E+01    5.9453116747E-02
    1.1039980000E-03    1.2034575231E+00    3.2572193421E-01   -3.8308391977E+01    5.9109854797E-02
    1.1079980000E-03    1.1714068838E+00    3.7188961942E-01   -3.8449965017E+01    5.8826186606E-02
    1.1119980000E-03    1.1330907371E+00    4.0905165803E-01   -3.8596007333E+01    5.8610454342E-02
    1.1159980000E-03    1.0891785502E+00    4.3636134595E-01   -3.8746909499E+01    5.8466834199E-02
    1.1199980000E-03    1.0408215333E+00    4.5298511289E-01   -3.8902998547E+01    5.8399308942E-02
    1.1239980000E-03    9.8968977022E-01    4.5836657461E-01   -3.9064579066E+01    5.8399836501E-02
    1.1279980000E-03    9.3773302058E-01    4.5245737131E-01   -3.9231972508E+01    5.8444606447E-02
    1.1319980000E-03    8.8683976843E-01    4.3570507157E-01   -3.9405452742E+01    5.8508223404E-02
    1.1359980000E-03    8.3871675960E-01    4.0887447970E-01   -3.9585146441E+01    5.8573309059E-02
    1.1399980000E-03    7.9497611029E-01    3.7293632675E-01   -3.9770962203E+01    5.8625749959E-02
    1.1439980000E-03    7.5723397322E-01    3.2907096879E-01   -3.9962496793E+01    5.8648935849E-02
    1.1479980000E-03    7.2711838713E-01    2.7869972080E-01   -4.0158905655E+01    5.8628833734E-02
    1.1519980000E-03    7.0605709126E-01    2.2348286769E-01   -4.0358860522E+01    5.8560052110E-02
    1.1559980000E-03    6.9493821478E-01    1.6523880708E-01   -4.0560680995E+01    5.8443992381E-02
    1.1599980000E-03    6.9393171505E-01    1.0580786728E-01   -4.0762582527E+01    5.8278868602E-02
    1.1639980000E-03    7.0249410232E-01    4.6939772652E-02   -4.0962952242E+01    5.8062666821E-02
    1.1679980000E-03    7.1945758297E-01   -9.7843436750E-03   -4.1160569619E+01    5.7809347634E-02
    1.1719980000E-03    7.4336798586E-01   -6.2986601724E-02   -4.1354694214E+01    5.7535531661E-02
    1.1759980000E-03    7.7285148359E-01   -1.1144626841E-01   -4.1544962425E+01    5.7239677403E-02
    1.1799980000E-03    8.0665106150E-01   -1.5407278424E-01   -4.1731221569E+01    5.6914263661E-02
    1.1839980000E-03    8.4353784731E-01   -1.8994284751E-01   -4.1913408307E+01    5.6564196794E-02
    1.1879980000E-03    8.8225148203E-01   -2.1838481613E-01   -4.2091468189E+01    5.6201425231E-02
    1.1919980000E-03    9.2152100305E-01   -2.3905599997E-01   -4.2265324982E+01    5.5828559426E-02
    1.1959980000E-03    9.6003289949E-01   -2.5208987409E-01   -4.2434919057E+01    5.5442274912E-02
    1.1999980000E-03    9.9652817109E-01   -2.5819542447E-01   -4.2600227652E+01    5.5049760692E-02
    1.2039980000E-03    1.0300514472E+00   -2.5856451588E-01   -4.2761285040E+01    5.4656890451E-02
    1.2079980000E-03    1.0601365486E+00   -2.5459342942E-01   -4.2918237501E+01    5.4251162637E-02
    1.2119980000E-03    1.0867521285E+00   -2.4761214963E-01   -4.3071351274E+01    5.3828016096E-02
    1.2159980000E-03    1.1101186846E+00   -2.3869047513E-01   -4.3220957826E+01    5.3396941959E-02
    1.2199980000E-03    1.1304955193E+00   -2.2853714334E-01   -4.3367475884E+01    5.2950552998E-02
    1.2239980000E-03    1.1479964983E+00   -2.1751302866E-01   -4.3511428378E+01    5.2484799884E-02
    1.2279980000E-03    1.1626065780E+00   -2.0560061027E-01   -4.3653288534E+01    5.2018494358E-02
    1.2319980000E-03    1.1743803249E+00   -1.9234037976E-01   -4.3793380031E+01    5.1581590800E-02
    1.2359980000E-03    1.1835641256E+00   -1.7703191623E-01   -4.3931973385E+01    5.1183817678E-02
    1.2399980000E-03    1.1904561561E+00   -1.5923078595E-01   -4.4069382439E+01    5.0822108973E-02
    1.2439980000E-03    1.1951886968E+00   -1.3904362306E-01   -4.4206022678E+01    5.0499785848E-02
    1.2479980000E-03    1.1976909391E+00   -1.1697715011E-01   -4.4342411666E+01    5.0232610033E-02
    1.2519980000E-03    1.1978071628E+00   -9.3646133002E-02   -4.4479072712E+01    5.0038329815E-02
    1.2559980000E-03    1.1954254269E+00   -6.9703519185E-02   -4.4616499017E+01    4.9912717339E-02
    1.2599980000E-03    1.1905134367E+00   -4.5817782430E-02   -4.4755176852E+01    4.9834983763E-02
    1.2639980000E-03    1.1830586326E+00   -2.2574169323E-02   -4.4895585920E+01    4.9778646603E-02
    1.2679980000E-03    1.1729790881E+00   -4.1214445793E-04   -4.5038170543E+01    4.9719886187E-02
    1.2719980000E-03    1.1600669378E+00    2.0334856122E-02   -4.5183320064E+01    4.9640394362E-02
    1.2759980000E-03    1.1439933022E+00    3.9310263647E-02   -4.5331384992E+01    4.9525281345E-02
    1.2799980000E-03    1.1243773923E+00    5.5952071965E-02   -4.5482710113E+01    4.9369333990E-02
    1.2839980000E-03    1.1009085421E+00    6.9351804458E-02   -4.5637639088E+01    4.9177074036E-02
    1.2879980000E-03    1.0735035170E+00    7.8248259149E-02   -4.5796482865E+01    4.8955023477E-02
    1.2919980000E-03    1.0423919924E+00    8.1244800156E-02   -4.5959441853E+01    4.8710083567E-02
    1.2959980000E-03    1.0081973250E+00    7.7060585613E-02   -4.6126542751E+01    4.8450115379E-02
    1.2999980000E-03    9.7211342226E-01    6.4714670113E-02   -4.6297651959E+01    4.8189836095E-02
    1.3039980000E-03    9.3608314230E-01    4.3745817147E-02   -4.6472581611E+01    4.7955994706E-02
    1.3079980000E-03    9.0257959105E-01    1.4509745743E-02   -4.6651168207E+01    4.7767190012E-02
    1.3119980000E-03    8.7392436159E-01   -2.1780222261E-02   -4.6833206910E+01    4.7617229766E-02
    1.3159980000E-03    8.5187005052E-01   -6.3406583539E-02   -4.7018365235E+01    4.7490024102E-02
    1.3199980000E-03    8.3762703075E-01   -1.0848538788E-01   -4.7206104290E+01    4.7377232066E-02
    1.3239980000E-03    8.3196469648E-01   -1.5509308672E-01   -4.7395591130E+01    4.7279147254E-02
    1.3279980000E-03    8.3516722022E-01   -2.0130525292E-01   -4.7585717293E+01    4.7196597979E-02
    1.3319980000E-03    8.4706583004E-01   -2.4524554739E-01   -4.7775241150E+01    4.7129417633E-02
    1.3359980000E-03    8.6715356926E-01   -2.8510821460E-01   -4.7962902139E+01    4.7080697435E-02
    1.3399980000E-03    8.9459721539E-01   -3.1917757873E-01   -4.8147501985E+01    4.7058257933E-02
    1.3439980000E-03    9.2821251684E-01   -3.4588458078E-01   -4.8328028359E+01    4.7072186185E-02
    1.3479980000E-03    9.6650256761E-01   -3.6386466408E-01   -4.8503756879E+01    4.7132899405E-02
    1.3519980000E-03    1.0077561234E+00   -3.7197565088E-01   -4.8674250230E+01    4.7251888055E-02
    1.3559980000E-03    1.0501395068E+00   -3.6934139897E-01   -4.8839286561E+01    4.7442260757E-02
    1.3599980000E-03    1.0917890581E+00   -3.5549566517E-01   -4.8998783620E+01    4.7714702440E-02
    1.3639980000E-03    1.1309561149E+00   -3.3053739639E-01   -4.9152773788E+01    4.8068543406E-02
    1.3679980000E-03    1.1661935594E+00   -2.9508405329E-01   -4.9301434509E+01    4.8491042166E-02
    1.3719980000E-03    1.1964661736E+00   -2.5001726404E-01   -4.9445091949E+01    4.8965641252E-02
    1.3759980000E-03    1.2211378552E+00   -1.9631528023E-01   -4.9584187862E+01    4.9470627989E-02
    1.3799980000E-03    1.2399447534E+00   -1.3508455006E-01   -4.9719262670E+01    4.9972210791E-02
    1.3839980000E-03    1.2529634557E+00   -6.7782453511E-02   -4.9851009415E+01    5.0412743246E-02
    1.3879980000E-03    1.2604985743E+00    3.5597167802E-03   -4.9980374360E+01    5.0706651225E-02
    1.3919980000E-03    1.2628324181E+00    7.6284371255E-02   -5.0108614730E+01    5.0793902376E-02
    1.3959980000E-03    1.2599518846E+00    1.4752383166E-01   -5.0237139165E+01    5.0703301539E-02
    1.3999980000E-03    1.2514776220E+00    2.1482360770E-01   -5.0367186327E+01    5.0529833199E-02
    1.4039980000E-03    1.2368508233E+00    2.7654756376E-01   -5.0499597041E+01    5.0364022773E-02
    1.4079980000E-03    1.2155883607E+00    3.3174316480E-01   -5.0634894408E+01    5.0255682592E-02
    1.4119980000E-03    1.1874386883E+00    3.7979412807E-01   -5.0773466682E+01    5.0225313615E-02
    1.4159980000E-03    1.1524287132E+00    4.2011967852E-01   -5.0915680176E+01    5.0280607894E-02
    1.4199980000E-03    1.1108864212E+00    4.5202696378E-01   -5.1061909232E+01    5.0421503784E-02
    1.4239980000E-03    1.0635386506E+00    4.7470309536E-01   -5.1212517626E+01    5.0646537304E-02
    1.4279980000E-03    1.0116066205E+00    4.8735967866E-01   -5.1367863620E+01    5.0946118584E-02
    1.4319980000E-03    9.5668794272E-01    4.8946695696E-01   -5.1528334628E+01    5.1295274794E-02
    1.4359980000E-03    9.0048586562E-01    4.8084265137E-01   -5.1694363324E+01    5.1663592096E-02
    1.4399980000E-03    8.4467786523E-01    4.6157615355E-01   -5.1866396948E+01    5.2024449001E-02
    1.4439980000E-03    7.9089538396E-01    4.3201000943E-01   -5.2044819707E+01    5.2356736459E-02
    1.4479980000E-03    7.4070137191E-01    3.9277421570E-01   -5.2229886902E+01    5.2644373282E-02
    1.4519980000E-03    6.9563837073E-01    3.4480913162E-01   -5.2421636627E+01    5.2880059505E-02
    1.4559980000E-03    6.5732811813E-01    2.8940420234E-01   -5.2619778113E+01    5.3055026393E-02
    1.4599980000E-03    6.2728742709E-01    2.2820163347E-01   -5.2823572637E+01    5.3147416455E-02
    1.4639980000E-03    6.0651621412E-01    1.6301885295E-01   -5.3031690257E+01    5.3139415715E-02
    1.4679980000E-03    5.9535939705E-01    9.5567920425E-02   -5.3242306572E+01    5.3029106348E-02
    1.4719980000E-03    5.9366012218E-01    2.7302081061E-02   -5.3453480644E+01    5.2817307928E-02
    1.4759980000E-03    6.0093106480E-01   -4.0532341363E-02   -5.3663416944E+01    5.2495479357E-02
    1.4799980000E-03    6.1640079296E-01   -1.0679811988E-01   -5.3870573500E+01    5.2058441363E-02
    1.4839980000E-03    6.3926696325E-01   -1.7032626220E-01   -5.4073797920E+01    5.1523856403E-02
    1.4879980000E-03    6.6895747664E-01   -2.2977156574E-01   -5.4272258060E+01    5.0917793954E-02
    1.4919980000E-03    7.0497559663E-01   -2.8364722509E-01   -5.4465367030E+01    5.0245124529E-02
    1.4959980000E-03    7.4650151536E-01   -3.3058001455E-01   -5.4652831492E+01    4.9510228676E-02
    1.4999980000E-03    7.9230582792E-01   -3.6947511028E-01   -5.4834592875E+01    4.8739312520E-02
    1.5039980000E-03    8.4087046770E-01   -3.9962576561E-01   -5.5010778745E+01    4.7952716114E-02
    1.5079980000E-03    8.9050118781E-01   -4.2088668501E-01   -5.5181692213E+01    4.7158664291E-02
    1.5119980000E-03    9.3955511033E-01   -4.3365934713E-01   -5.5347660188E+01    4.6371165144E-02
    1.5159980000E-03    9.8670609208E-01   -4.3869679885E-01   -5.5508937371E+01    4.5602371477E-02
    1.5199980000E-03    1.0310734160E+00   -4.3684858709E-01   -5.5665795837E+01    4.4855080875E-02
    1.5239980000E-03    1.0721554369E+00   -4.2879774383E-01   -5.5818555345E+01    4.4144852985E-02
    1.5279980000E-03    1.1096704437E+00   -4.1486435145E-01   -5.5967518432E+01    4.3490158041E-02
    1.5319980000E-03    1.1433132688E+00   -3.9509229124E-01   -5.6113013494E+01    4.2895788028E-02
    1.5359980000E-03    1.1726012156E+00   -3.6958590682E-01   -5.6255448560E+01    4.2367580940E-02
    1.5399980000E-03    1.1970138664E+00   -3.3859072098E-01   -5.6395231627E+01    4.1905141027E-02
    1.5439980000E-03    1.2162041703E+00   -3.0245806711E-01   -5.6532723706E+01    4.1516501976E-02
    1.5479980000E-03    1.2301141372E+00   -2.6157265432E-01   -5.6668261865E+01    4.1213169379E-02
    1.5519980000E-03    1.2389572957E+00   -2.1629296842E-01   -5.6802206920E+01    4.0990493225E-02
    1.5559980000E-03    1.2430794959E+00   -1.6703954241E-01   -5.6935032058E+01    4.0813515327E-02
    1.5599980000E-03    1.2427888209E+00   -1.1457920273E-01   -5.7067447260E+01    4.0623799134E-02
    1.5639980000E-03    1.2382365377E+00   -6.0240943567E-02   -5.7200408685E+01    4.0369883725E-02
    1.5679980000E-03    1.2293634674E+00   -5.8010926917E-03   -5.7334939172E+01    4.0027983208E-02
    1.5719980000E-03    1.2159632505E+00    4.6702780473E-02   -5.7471960063E+01    3.9604442404E-02
    1.5759980000E-03    1.1979004127E+00    9.5093939155E-02   -5.7612249914E+01    3.9120330701E-02
    1.5799980000E-03    1.1753645228E+00    1.3724829877E-01   -5.7756452878E+01    3.8595877324E-02
    1.5839980000E-03    1.1489991359E+00    1.7132681242E-01   -5.7905069743E+01    3.8049907454E-02
    1.5879980000E-03    1.1198728377E+00    1.9597518070E-01   -5.8058416196E+01    3.7503287600E-02
    1.5919980000E-03    1.0893763681E+00    2.1041524580E-01   -5.8216583040E+01    3.6980900943E-02
    1.5959980000E-03    1.0590640799E+00    2.1451898950E-01   -5.8379418410E+01    3.6507356925E-02
    1.5999980000E-03    1.0304570305E+00    2.0878041719E-01   -5.8546560681E+01    3.6098133302E-02
    1.6039980000E-03    1.0048638253E+00    1.9417189053E-01   -5.8717489716E+01    3.5757434657E-02
    1.6079980000E-03    9.8326881313E-01    1.7196624171E-01   -5.8891564838E+01    3.5483658492E-02
    1.6119980000E-03    9.6633296041E-01    1.4354554971E-01   -5.9068057949E+01    3.5275251711E-02
    1.6159980000E-03    9.5442394571E-01    1.1029609075E-01   -5.9246206962E+01    3.5132813884E-02
    1.6199980000E-03    9.4762708141E-01    7.3564312284E-02   -5.9425289269E+01    3.5057248067E-02
    1.6239980000E-03    9.4575359451E-01    3.4684783433E-02   -5.9604686468E+01    3.5048316518E-02
    1.6279980000E-03    9.4843117319E-01   -4.8687590675E-03   -5.9783927476E+01    3.5105472781E-02
    1.6319980000E-03    9.5532962303E-01   -4.3428013104E-02   -5.9962648670E+01    3.5221989569E-02
    1.6359980000E-03    9.6631956163E-01   -7.9313747800E-02   -6.0140479951E+01    3.5387481365E-02
    1.6399980000E-03    9.8140485421E-01   -1.1103780691E-01   -6.0316944365E+01    3.5605393159E-02
    1.6439980000E-03    1.0004892016E+00   -1.3727981867E-01   -6.0491450180E+01    3.5887290064E-02
    1.6479980000E-03    1.0232070691E+00   -1.5681192127E-01   -6.0663352218E+01    3.6237091287E-02
    1.6519980000E-03    1.0489060564E+00   -1.6844637303E-01   -6.0832032076E+01    3.6651271539E-02
    1.6559980000E-03    1.0766428034E+00   -1.7114921577E-01   -6.0996941191E+01    3.7123113774E-02
    1.6599980000E-03    1.1052175286E+00   -1.6419277111E-01   -6.1157638236E+01    3.7640141909E-02
    1.6639980000E-03    1.1332553595E+00   -1.4741177211E-01   -6.1313847387E+01    3.8181436410E-02
    1.6679980000E-03    1.1593913892E+00   -1.2129824576E-01   -6.1465516138E+01    3.8722132696E-02
    1.6719980000E-03    1.1824551174E+00   -8.7024409218E-02   -6.1612837838E+01    3.9239679402E-02
    1.6759980000E-03    1.2016322753E+00   -4.6306909399E-02   -6.1756210791E+01    3.9716536568E-02
    1.6799980000E-03    1.2165513292E+00   -1.1834824892E-03   -6.1896173979E+01    4.0140170065E-02
    1.6839980000E-03    1.2272306333E+00    4.6282364571E-02   -6.2033366114E+01    4.0500533058E-02
    1.6879980000E-03    1.2338726329E+00    9.4217134094E-02   -6.2168537362E+01    4.0794079435E-02
    1.6919980000E-03    1.2366289465E+00    1.4106144581E-01   -6.2302546165E+01    4.1036090530E-02
    1.6959980000E-03    1.2354821329E+00    1.8563316547E-01   -6.2436272766E+01    4.1264711695E-02
    1.6999980000E-03    1.2302455880E+00    2.2718052356E-01   -6.2570459853E+01    4.1528750336E-02
    1.7039980000E-03    1.2206384159E+00    2.6523564908E-01   -6.2705652029E+01    4.1860383628E-02
    1.7079980000E-03    1.2064382635E+00    2.9940311141E-01   -6.2842265096E+01    4.2261545173E-02
    1.7119980000E-03    1.1876378109E+00    3.2930605049E-01   -6.2980662734E+01    4.2718784373E-02
    1.7159980000E-03    1.1644975313E+00    3.5463053183E-01   -6.3121205566E+01    4.3225511645E-02
    1.7199980000E-03    1.1374503039E+00    3.7517877876E-01   -6.3264279457E+01    4.3787097680E-02
    1.7239980000E-03    1.1068850528E+00    3.9090739201E-01   -6.3410287351E+01    4.4391525896E-02
    1.7279980000E-03    1.0729337338E+00    4.0197238659E-01   -6.3559568398E+01    4.5027247657E-02
    1.7319980000E-03    1.0355530183E+00    4.0842558828E-01   -6.3712403562E+01    4.5689561553E-02
    1.7359980000E-03    9.9480271249E-01    4.0984831020E-01   -6.3869131134E+01    4.6371298328E-02
    1.7399980000E-03    9.5102463061E-01    4.0537719370E-01   -6.4030106010E+01    4.7081216187E-02
    1.7439980000E-03    9.0500989654E-01    3.9391935188E-01   -6.4195591252E+01    4.7817220894E-02
    1.7479980000E-03    8.5805066326E-01    3.7448207580E-01   -6.4365818676E+01    4.8559783139E-02
    1.7519980000E-03    8.1172395287E-01    3.4655191901E-01   -6.4541047388E+01    4.9299734163E-02
    1.7559980000E-03    7.6763641054E-01    3.1021477776E-01   -6.4721497178E+01    5.0033128075E-02
    1.7599980000E-03    7.2730486299E-01    2.6602927759E-01   -6.4907301856E+01    5.0734177666E-02
    1.7639980000E-03    6.9194638130E-01    2.1495294466E-01   -6.5098450845E+01    5.1376587074E-02
    1.7679980000E-03    6.6228969294E-01    1.5825504652E-01   -6.5294648234E+01    5.1958701076E-02
    1.7719980000E-03    6.3876424882E-01    9.7298083637E-02   -6.5495351065E+01    5.2478201400E-02
    1.7759980000E-03    6.2200045704E-01    3.3315728307E-02   -6.5699917690E+01    5.2922640185E-02
    1.7799980000E-03    6.1299947709E-01   -3.2550705127E-02   -6.5907465308E+01    5.3276207732E-02
    1.7839980000E-03    6.1279861033E-01   -9.9118029509E-02   -6.6116686993E+01    5.3529707036E-02
    1.7879980000E-03    6.2210206798E-01   -1.6508824504E-01   -6.6325912235E+01    5.3689185525E-02
    1.7919980000E-03    6.4116313636E-01   -2.2896536021E-01   -6.6533238880E+01    5.3760951407E-02
    1.7959980000E-03    6.6970413332E-01   -2.8902140649E-01   -6.6736768268E+01    5.3744401879E-02
    1.7999980000E-03    7.0671724177E-01   -3.4344235314E-01   -6.6935017807E+01    5.3649380446E-02
    1.8039980000E-03    7.5064142337E-01   -3.9060038765E-01   -6.7127088296E+01    5.3494513368E-02
    1.8079980000E-03    7.9982561025E-01   -4.2919108314E-01   -6.7312580230E+01    5.3290997574E-02
    1.8119980000E-03    8.5273193948E-01   -4.5821345409E-01   -6.7491454720E+01    5.3047869947E-02
    1.8159980000E-03    9.0781869288E-01   -4.7694099763E-01   -6.7663903235E+01    5.2778415487E-02
    1.8199980000E-03    9.6345131466E-01   -4.8491708907E-01   -6.7830268058E+01    5.2501717198E-02
    1.8239980000E-03    1.0178905520E+00   -4.8195801494E-01   -6.7990978554E+01    5.2245813679E-02
    1.8279980000E-03    1.0693387290E+00   -4.6821773448E-01   -6.8146464156E+01    5.2042721232E-02
    1.8319980000E-03    1.1161437921E+00   -4.4425787747E-01   -6.8297109129E+01    5.1914387910E-02
    1.8359980000E-03    1.1570991745E+00   -4.1089776625E-01   -6.8443263333E+01    5.1865694956E-02
    1.8399980000E-03    1.1915122702E+00   -3.6896140509E-01   -6.8585290439E+01    5.1896550825E-02
    1.8439980000E-03    1.2190732365E+00   -3.1915802042E-01   -6.8723575373E+01    5.2005970210E-02
    1.8479980000E-03    1.2397687450E+00   -2.6210070799E-01   -6.8858502342E+01    5.2184944750E-02
    1.8519980000E-03    1.2538664337E+00   -1.9846807774E-01   -6.8990485685E+01    5.2409840097E-02
    1.8559980000E-03    1.2618588798E+00   -1.2935794457E-01   -6.9120102753E+01    5.2622236184E-02
    1.8599980000E-03    1.2642962340E+00   -5.6611333414E-02   -6.9248272987E+01    5.2721720277E-02
    1.8639980000E-03    1.2615150938E+00    1.7131558209E-02   -6.9376299966E+01    5.2616900372E-02
    1.8679980000E-03    1.2534646960E+00    8.8902632126E-02   -6.9505616119E+01    5.2300491789E-02
    1.8719980000E-03    1.2398169239E+00    1.5611380774E-01   -6.9637441725E+01    5.1852160366E-02
    1.8759980000E-03    1.2202560623E+00    2.1688834539E-01   -6.9772666096E+01    5.1360586702E-02
    1.8799980000E-03    1.1947063147E+00    2.6995169548E-01   -6.9911928450E+01    5.0879060856E-02
    1.8839980000E-03    1.1634216020E+00    3.1432402844E-01   -7.0055741244E+01    5.0437540860E-02
    1.8879980000E-03    1.1270071728E+00    3.4909987347E-01   -7.0204535311E+01    5.0054129553E-02
    1.8919980000E-03    1.0864777799E+00    3.7338858069E-01   -7.0358648409E+01    4.9742143383E-02
    1.8959980000E-03    1.0432734403E+00    3.8655491840E-01   -7.0518278609E+01    4.9510947854E-02
    1.8999980000E-03    9.9916534875E-01    3.8846429534E-01   -7.0683505000E+01    4.9357633491E-02
    1.9039980000E-03    9.5605012267E-01    3.7954864796E-01   -7.0854312628E+01    4.9269019526E-02
    1.9079980000E-03    9.1575696563E-01    3.6067043451E-01   -7.1030547177E+01    4.9231211121E-02
    1.9119980000E-03    8.8000752039E-01    3.3293443808E-01   -7.1211839447E+01    4.9232902197E-02
    1.9159980000E-03    8.5036230438E-01    2.9765442414E-01   -7.1397522142E+01    4.9263545025E-02
    1.9199980000E-03    8.2812577694E-01    2.5635662744E-01   -7.1586605328E+01    4.9312008413E-02
    1.9239980000E-03    8.1426383146E-01    2.1073844865E-01   -7.1777861359E+01    4.9368669310E-02
    1.9279980000E-03    8.0939187307E-01    1.6261198005E-01   -7.1969960462E+01    4.9428652676E-02
    1.9319980000E-03    8.1374963801E-01    1.1387908879E-01   -7.2161568432E+01    4.9493337879E-02
    1.9359980000E-03    8.2708545971E-01    6.6493608487E-02   -7.2351466716E+01    4.9566295580E-02
    1.9399980000E-03    8.4863138208E-01    2.2389490536E-02   -7.2538718469E+01    4.9646763065E-02
    1.9439980000E-03    8.7722336090E-01   -1.6552073574E-02   -7.2722716568E+01    4.9733853935E-02
    1.9479980000E-03    9.1125565977E-01   -4.8568076436E-02   -7.2903097312E+01    4.9836150917E-02
    1.9519980000E-03    9.4852080673E-01   -7.2297093047E-02   -7.3079670404E+01    4.9967311013E-02
    1.9559980000E-03    9.8644428166E-01   -8.7181221550E-02   -7.3252336474E+01    5.0127282267E-02
    1.9599980000E-03    1.0227184440E+00   -9.3621942558E-02   -7.3420978137E+01    5.0296365032E-02
    1.9639980000E-03    1.0557838992E+00   -9.2740388974E-02   -7.3585475776E+01    5.0454659761E-02
    1.9679980000E-03    1.0848525712E+00   -8.6003645166E-02   -7.3745827518E+01    5.0592578476E-02
    1.9719980000E-03    1.1097201644E+00   -7.4887754087E-02   -7.3902200365E+01    5.0703420861E-02
    1.9759980000E-03    1.1305829368E+00   -6.0585230159E-02   -7.4054878189E+01    5.0778400274E-02
    1.9799980000E-03    1.1478486245E+00   -4.3870359277E-02   -7.4204181248E+01    5.0812828980E-02
    1.9839980000E-03    1.1619524944E+00   -2.5191304228E-02   -7.4350422562E+01    5.0811353741E-02
    1.9879980000E-03    1.1732431285E+00   -4.8587170218E-03   -7.4493917999E+01    5.0784208727E-02
    1.9919980000E-03    1.1819385651E+00    1.6778498528E-02   -7.4635028775E+01    5.0749348271E-02
    1.9959980000E-03    1.1881473545E+00    3.9222709518E-02   -7.4774183136E+01    5.0733228625E-02
    1.9999980000E-03    1.1919420496E+00    6.1839144349E-02   -7.4911853282E+01    5.0763159107E-02
