 sig=    1.000000000000000      inputfile=
 /home/rjrj524/Finished/vmec_gc_tracer/revised_251128/nc/wout_pwO_nfp2_A6.nc                                                                                                                             
 dt=   2.0000000000000001E-009
 steps=      1000000
 x0=   5.9999999999999998E-002    0.000000000000000      
    6.410000000000000     
 u=    38000.00000000000     
 v_perp=    119000.0000000000     
 
time(s)         x0(1)       x0(2)        x0(3)      r
    3.9980000000E-06    1.1809497623E+00   -7.0405191634E-02    6.5278261721E+00    5.9023104784E-02
    7.9980000000E-06    1.1753276990E+00   -7.8609231554E-02    6.6504404031E+00    5.7845770052E-02
    1.1998000000E-05    1.1679363899E+00   -8.8051387709E-02    6.7790471998E+00    5.6365262996E-02
    1.5998000000E-05    1.1586840122E+00   -9.8636452249E-02    6.9149227090E+00    5.4687855986E-02
    1.9998000000E-05    1.1472694822E+00   -1.0995398916E-01    7.0593381658E+00    5.2973340123E-02
    2.3998000000E-05    1.1331761515E+00   -1.2124271895E-01    7.2133846409E+00    5.1434517088E-02
    2.7998000000E-05    1.1157315381E+00   -1.3154727764E-01    7.3781806557E+00    5.0224112518E-02
    3.1998000000E-05    1.0941929242E+00   -1.3970671146E-01    7.5549080968E+00    4.9351452086E-02
    3.5998000000E-05    1.0677401758E+00   -1.4427613057E-01    7.7448288298E+00    4.8774891574E-02
    3.9998000000E-05    1.0353754483E+00   -1.4351471737E-01    7.9493595642E+00    4.8438818354E-02
    4.3998000000E-05    9.9618874961E-01   -1.3498754425E-01    8.1698580704E+00    4.8312749853E-02
    4.7998000000E-05    9.5036924400E-01   -1.1532216869E-01    8.4071537325E+00    4.8363662073E-02
    5.1998000000E-05    9.0082766326E-01   -8.0841487674E-02    8.6616225952E+00    4.8513172166E-02
    5.5998000000E-05    8.5348692228E-01   -2.9666149027E-02    8.9332883507E+00    4.8680896435E-02
    5.9998000000E-05    8.1548284751E-01    3.6711575617E-02    9.2212626859E+00    4.8856335430E-02
    6.3998000000E-05    7.9332347791E-01    1.1380907889E-01    9.5233572694E+00    4.9013281205E-02
    6.7998000000E-05    7.9184461927E-01    1.9512035127E-01    9.8350090824E+00    4.9158928932E-02
    7.1998000000E-05    8.1293394379E-01    2.7297973833E-01    1.0149258971E+01    4.9347966876E-02
    7.5998000000E-05    8.5483245966E-01    3.3964461477E-01    1.0458393523E+01    4.9537150302E-02
    7.9998000000E-05    9.1263479682E-01    3.8841010252E-01    1.0755461050E+01    4.9623728261E-02
    8.3998000000E-05    9.7963166911E-01    4.1454155625E-01    1.1035886015E+01    4.9527654676E-02
    8.7998000000E-05    1.0483230382E+00    4.1570372116E-01    1.1297189680E+01    4.9157223517E-02
    9.1998000000E-05    1.1115258076E+00    3.9271529794E-01    1.1538036849E+01    4.8418974727E-02
    9.5998000000E-05    1.1641408171E+00    3.4986223763E-01    1.1758209833E+01    4.7356613269E-02
    9.9998000000E-05    1.2041363005E+00    2.9269026849E-01    1.1958631272E+01    4.6057282068E-02
    1.0399800000E-04    1.2318128354E+00    2.2611004611E-01    1.2140524178E+01    4.4614072208E-02
    1.0799800000E-04    1.2488557952E+00    1.5429336933E-01    1.2305461885E+01    4.3191112297E-02
    1.1199800000E-04    1.2575846562E+00    8.0483373206E-02    1.2456415842E+01    4.2088364465E-02
    1.1599800000E-04    1.2600111451E+00    6.4201158651E-03    1.2599197094E+01    4.1689229704E-02
    1.1999800000E-04    1.2569160167E+00   -6.7814559365E-02    1.2742202673E+01    4.2195608163E-02
    1.2399800000E-04    1.2474579428E+00   -1.4205881664E-01    1.2893891967E+01    4.3453022801E-02
    1.2799800000E-04    1.2296012950E+00   -2.1436778659E-01    1.3060171687E+01    4.5091696685E-02
    1.3199800000E-04    1.2010938339E+00   -2.8117556473E-01    1.3244092681E+01    4.6804859400E-02
    1.3599800000E-04    1.1604390174E+00   -3.3796082027E-01    1.3447293511E+01    4.8410069287E-02
    1.3999800000E-04    1.1077221077E+00   -3.7942153744E-01    1.3671018415E+01    4.9784660668E-02
    1.4399800000E-04    1.0455714649E+00   -3.9991119946E-01    1.3915926238E+01    5.0804763968E-02
    1.4799800000E-04    9.7963577444E-01   -3.9566939292E-01    1.4181197269E+01    5.1403535931E-02
    1.5199800000E-04    9.1747619692E-01   -3.6661150072E-01    1.4464801731E+01    5.1645003918E-02
    1.5599800000E-04    8.6663759094E-01   -3.1587784856E-01    1.4763405792E+01    5.1605844185E-02
    1.5999800000E-04    8.3335890415E-01   -2.4900278487E-01    1.5071472036E+01    5.1372254171E-02
    1.6399800000E-04    8.2132360440E-01   -1.7327024854E-01    1.5381716464E+01    5.1034061820E-02
    1.6799800000E-04    8.3095239742E-01   -9.6566702745E-02    1.5686958303E+01    5.0613201416E-02
    1.7199800000E-04    8.5958623302E-01   -2.6466401650E-02    1.5981314064E+01    5.0119165061E-02
    1.7599800000E-04    9.0184661174E-01    3.0737336710E-02    1.6261325666E+01    4.9567102061E-02
    1.7999800000E-04    9.5047202973E-01    7.1253382626E-02    1.6525387194E+01    4.8878672234E-02
    1.8399800000E-04    9.9816572835E-01    9.4900582621E-02    1.6772735649E+01    4.8100214722E-02
    1.8799800000E-04    1.0401146870E+00    1.0470929385E-01    1.7003028649E+01    4.7433334211E-02
    1.9199800000E-04    1.0746993993E+00    1.0488551266E-01    1.7216534135E+01    4.6984946867E-02
    1.9599800000E-04    1.1023190787E+00    9.8970892336E-02    1.7414291460E+01    4.6786640323E-02
    1.9999800000E-04    1.1240992239E+00    8.9301074454E-02    1.7597768185E+01    4.6862925914E-02
    2.0399800000E-04    1.1412465042E+00    7.7197937742E-02    1.7768279683E+01    4.7220310909E-02
    2.0799800000E-04    1.1546903429E+00    6.3608875790E-02    1.7926953534E+01    4.7855686036E-02
    2.1199800000E-04    1.1651383467E+00    4.9381492952E-02    1.8074949345E+01    4.8722458129E-02
    2.1599800000E-04    1.1731926895E+00    3.5203151862E-02    1.8213546951E+01    4.9733841157E-02
    2.1999800000E-04    1.1793571706E+00    2.1662220584E-02    1.8344159781E+01    5.0761844312E-02
    2.2399800000E-04    1.1840122755E+00    9.1428059611E-03    1.8468358716E+01    5.1682369078E-02
    2.2799800000E-04    1.1873677311E+00   -2.1530834649E-03    1.8587864634E+01    5.2338381696E-02
    2.3199800000E-04    1.1894538243E+00   -1.2137663677E-02    1.8704230185E+01    5.2547907401E-02
    2.3599800000E-04    1.1901461413E+00   -2.1036193746E-02    1.8818828409E+01    5.2353130607E-02
    2.3999800000E-04    1.1892718477E+00   -2.9510699852E-02    1.8933328954E+01    5.1976283972E-02
    2.4399800000E-04    1.1867330345E+00   -3.8307564096E-02    1.9049742052E+01    5.1486830398E-02
    2.4799800000E-04    1.1825465288E+00   -4.8060713215E-02    1.9169828289E+01    5.0724912870E-02
    2.5199800000E-04    1.1767611307E+00   -5.9015602733E-02    1.9294970523E+01    4.9594968559E-02
    2.5599800000E-04    1.1693030810E+00   -7.1113468792E-02    1.9426573526E+01    4.8224446780E-02
    2.5999800000E-04    1.1599050444E+00   -8.4040311403E-02    1.9566112383E+01    4.6782267097E-02
    2.6399800000E-04    1.1480998294E+00   -9.7201428436E-02    1.9714881163E+01    4.5449491861E-02
    2.6799800000E-04    1.1332636503E+00   -1.0981118417E-01    1.9874069744E+01    4.4377220389E-02
    2.7199800000E-04    1.1147041215E+00   -1.2084812092E-01    2.0044867383E+01    4.3617255343E-02
    2.7599800000E-04    1.0916250104E+00   -1.2910205935E-01    2.0228463433E+01    4.3162412083E-02
    2.7999800000E-04    1.0630630416E+00   -1.3307022800E-01    2.0426187789E+01    4.2979673438E-02
    2.8399800000E-04    1.0280008203E+00   -1.3063125052E-01    2.0639475086E+01    4.3044612245E-02
    2.8799800000E-04    9.8599180652E-01   -1.1872996780E-01    2.0869378520E+01    4.3322903342E-02
    2.9199800000E-04    9.3853154875E-01   -9.3555434697E-02    2.1116298690E+01    4.3738692979E-02
    2.9599800000E-04    8.9012384901E-01   -5.2147294055E-02    2.1380171677E+01    4.4154815302E-02
    2.9999800000E-04    8.4755880986E-01    5.5875143671E-03    2.1660313638E+01    4.4516352095E-02
    3.0399800000E-04    8.1779197978E-01    7.6365183348E-02    2.1955092789E+01    4.4856105257E-02
    3.0799800000E-04    8.0633389486E-01    1.5440282952E-01    2.2261204479E+01    4.5160368612E-02
    3.1199800000E-04    8.1625437532E-01    2.3243788138E-01    2.2572852597E+01    4.5429744978E-02
    3.1599800000E-04    8.4748427550E-01    3.0276199031E-01    2.2882874975E+01    4.5664627889E-02
    3.1999800000E-04    8.9672888639E-01    3.5814504195E-01    2.3183966706E+01    4.5784428063E-02
    3.2399800000E-04    9.5816636230E-01    3.9293291177E-01    2.3470415089E+01    4.5702591086E-02
    3.2799800000E-04    1.0246005287E+00    4.0376176338E-01    2.3738836086E+01    4.5354117500E-02
    3.3199800000E-04    1.0886692694E+00    3.9002890381E-01    2.3987282226E+01    4.4654805655E-02
    3.3599800000E-04    1.1443362730E+00    3.5470378109E-01    2.4214910400E+01    4.3611261808E-02
    3.3999800000E-04    1.1883568610E+00    3.0312587708E-01    2.4422227377E+01    4.2319211831E-02
    3.4399800000E-04    1.2201619944E+00    2.4058693758E-01    2.4610431656E+01    4.0869389313E-02
    3.4799800000E-04    1.2409034436E+00    1.7158214287E-01    2.4780959312E+01    3.9396667428E-02
    3.5199800000E-04    1.2526495701E+00    9.9758576280E-02    2.4936164965E+01    3.8134549460E-02
    3.5599800000E-04    1.2575441119E+00    2.7442706149E-02    2.5080677981E+01    3.7425774061E-02
    3.5999800000E-04    1.2568704463E+00   -4.4775687307E-02    2.5221960167E+01    3.7532688529E-02
    3.6399800000E-04    1.2504349448E+00   -1.1710323443E-01    2.5368526206E+01    3.8414368448E-02
    3.6799800000E-04    1.2366625903E+00   -1.8853289345E-01    2.5527219060E+01    3.9763888626E-02
    3.7199800000E-04    1.2133408754E+00   -2.5633980328E-01    2.5701990357E+01    4.1256208048E-02
    3.7599800000E-04    1.1785607220E+00   -3.1662819516E-01    2.5894861201E+01    4.2687182448E-02
    3.7999800000E-04    1.1315233224E+00   -3.6469372110E-01    2.6107185553E+01    4.3937082404E-02
    3.8399800000E-04    1.0733845770E+00   -3.9508995263E-01    2.6340072186E+01    4.4914425626E-02
    3.8799800000E-04    1.0081602970E+00   -4.0281257566E-01    2.6593701745E+01    4.5531002011E-02
    3.9199800000E-04    9.4238961945E-01   -3.8580775455E-01    2.6866904891E+01    4.5812763118E-02
    3.9599800000E-04    8.8352282840E-01   -3.4546327312E-01    2.7157432281E+01    4.5842905883E-02
    3.9999800000E-04    8.3851213718E-01   -2.8576572011E-01    2.7461354619E+01    4.5685507402E-02
    4.0399800000E-04    8.1264225925E-01   -2.1287260453E-01    2.7772383559E+01    4.5434755714E-02
    4.0799800000E-04    8.0839335755E-01   -1.3424028869E-01    2.8083127969E+01    4.5152536089E-02
    4.1199800000E-04    8.2499691428E-01   -5.7553438708E-02    2.8386656641E+01    4.4827121407E-02
    4.1599800000E-04    8.5867212331E-01    1.0197237806E-02    2.8677786363E+01    4.4472238785E-02
    4.1999800000E-04    9.0343528351E-01    6.3763621946E-02    2.8953774772E+01    4.4085064992E-02
    4.2399800000E-04    9.5217110784E-01    1.0066788712E-01    2.9213260410E+01    4.3637782623E-02
    4.2799800000E-04    9.9848223870E-01    1.2188357630E-01    2.9455747004E+01    4.3222193433E-02
    4.3199800000E-04    1.0386771926E+00    1.3080652856E-01    2.9681262808E+01    4.2971725610E-02
    4.3599800000E-04    1.0718984682E+00    1.3117367179E-01    2.9890364340E+01    4.2946189441E-02
    4.3999800000E-04    1.0988565329E+00    1.2577911305E-01    3.0084250909E+01    4.3175723599E-02
    4.4399800000E-04    1.1205879649E+00    1.1655809332E-01    3.0264364860E+01    4.3685354344E-02
    4.4799800000E-04    1.1380189877E+00    1.0490467195E-01    3.0431986231E+01    4.4505012961E-02
    4.5199800000E-04    1.1519175532E+00    9.1960587927E-02    3.0588288647E+01    4.5628877375E-02
    4.5599800000E-04    1.1629575767E+00    7.8683814243E-02    3.0734467865E+01    4.6983870306E-02
    4.5999800000E-04    1.1717305808E+00    6.5816673011E-02    3.0871735668E+01    4.8403480180E-02
    4.6399800000E-04    1.1786611074E+00    5.3872342688E-02    3.1001441868E+01    4.9713916699E-02
    4.6799800000E-04    1.1839694113E+00    4.3112580068E-02    3.1125091321E+01    5.0743179383E-02
    4.7199800000E-04    1.1876918238E+00    3.3538461074E-02    3.1244064048E+01    5.1396984509E-02
    4.7599800000E-04    1.1897684990E+00    2.4818828700E-02    3.1359799240E+01    5.1812667724E-02
    4.7999800000E-04    1.1901950616E+00    1.6255430497E-02    3.1474146696E+01    5.2123310700E-02
    4.8399800000E-04    1.1890814794E+00    7.1284369125E-03    3.1589104036E+01    5.2212567990E-02
    4.8799800000E-04    1.1865939463E+00   -3.1652526845E-03    3.1706250199E+01    5.1869762391E-02
    4.9199800000E-04    1.1828259350E+00   -1.4760329845E-02    3.1826964800E+01    5.1110446530E-02
    4.9599800000E-04    1.1777055900E+00   -2.7542796272E-02    3.1952853235E+01    5.0127044152E-02
    4.9999800000E-04    1.1709791655E+00   -4.1280901833E-02    3.2085609219E+01    4.9064155245E-02
    5.0399800000E-04    1.1622328566E+00   -5.5507965857E-02    3.2226756306E+01    4.8053497416E-02
    5.0799800000E-04    1.1509263805E+00   -6.9626794929E-02    3.2377658360E+01    4.7217854610E-02
    5.1199800000E-04    1.1364357378E+00   -8.2878694992E-02    3.2539565110E+01    4.6633582458E-02
    5.1599800000E-04    1.1180007949E+00   -9.4391391348E-02    3.2713609930E+01    4.6333858242E-02
    5.1999800000E-04    1.0946248894E+00   -1.0312845228E-01    3.2900958678E+01    4.6313857478E-02
    5.2399800000E-04    1.0651252899E+00   -1.0748775425E-01    3.3103015493E+01    4.6564020827E-02
    5.2799800000E-04    1.0284516856E+00   -1.0488963185E-01    3.3321163492E+01    4.7056894713E-02
    5.3199800000E-04    9.8464030270E-01   -9.1502500113E-02    3.3556248050E+01    4.7751965422E-02
    5.3599800000E-04    9.3612857469E-01   -6.3251120484E-02    3.3808338245E+01    4.8507515615E-02
    5.3999800000E-04    8.8855620667E-01   -1.7855163993E-02    3.4076985099E+01    4.9140722306E-02
    5.4399800000E-04    8.4942108412E-01    4.3465732155E-02    3.4361242457E+01    4.9662506845E-02
    5.4799800000E-04    8.2559455298E-01    1.1613598451E-01    3.4659122185E+01    5.0133386407E-02
    5.5199800000E-04    8.2175319928E-01    1.9341681175E-01    3.4966465573E+01    5.0525112286E-02
    5.5599800000E-04    8.3974269822E-01    2.6758622272E-01    3.5276904944E+01    5.0837635232E-02
    5.5999800000E-04    8.7825420280E-01    3.3083422872E-01    3.5583102893E+01    5.1028980558E-02
    5.6399800000E-04    9.3281369644E-01    3.7626380583E-01    3.5878079595E+01    5.1003428388E-02
    5.6799800000E-04    9.9673748236E-01    3.9895020770E-01    3.6156960764E+01    5.0682124044E-02
    5.7199800000E-04    1.0623333478E+00    3.9653688109E-01    3.6416865929E+01    4.9985964688E-02
    5.7599800000E-04    1.1223918123E+00    3.7010729056E-01    3.6656055841E+01    4.8875417787E-02
    5.7999800000E-04    1.1720352407E+00    3.2419465008E-01    3.6874149042E+01    4.7447015062E-02
    5.8399800000E-04    1.2094116597E+00    2.6446884044E-01    3.7072057987E+01    4.5818344689E-02
    5.8799800000E-04    1.2349344470E+00    1.9602030910E-01    3.7251095461E+01    4.4120619575E-02
    5.9199800000E-04    1.2503754465E+00    1.2312793191E-01    3.7413125512E+01    4.2560102969E-02
    5.9599800000E-04    1.2580220021E+00    4.8995192350E-02    3.7561815301E+01    4.1473877247E-02
    5.9999800000E-04    1.2596745307E+00   -2.4952996784E-02    3.7703846485E+01    4.1202153670E-02
    6.0399800000E-04    1.2557651711E+00   -9.8807341159E-02    3.7847926576E+01    4.1809278530E-02
    6.0799800000E-04    1.2451389245E+00   -1.7215193299E-01    3.8001945272E+01    4.3024004889E-02
    6.1199800000E-04    1.2256204212E+00   -2.4282113244E-01    3.8170899826E+01    4.4468014328E-02
    6.1599800000E-04    1.1949817536E+00   -3.0730110088E-01    3.8357267930E+01    4.5882223774E-02
    6.1999800000E-04    1.1518239108E+00   -3.6124561576E-01    3.8562472998E+01    4.7126066527E-02
    6.2399800000E-04    1.0963442796E+00   -3.9952171621E-01    3.8787718284E+01    4.8115216219E-02
    6.2799800000E-04    1.0313070294E+00   -4.1667475577E-01    3.9033701730E+01    4.8760132185E-02
    6.3199800000E-04    9.6250336923E-01   -4.0915431773E-01    3.9299890039E+01    4.9052321678E-02
    6.3599800000E-04    8.9734121375E-01   -3.7703017427E-01    3.9584704103E+01    4.9097780416E-02
    6.3999800000E-04    8.4314618140E-01   -3.2330282377E-01    3.9885222400E+01    4.8976396327E-02
    6.4399800000E-04    8.0630806759E-01   -2.5323230360E-01    4.0196226197E+01    4.8775607081E-02
    6.4799800000E-04    7.9098521581E-01   -1.7389049726E-01    4.0510395422E+01    4.8591756023E-02
    6.5199800000E-04    7.9802589771E-01   -9.3083458551E-02    4.0820114342E+01    4.8439658887E-02
    6.5599800000E-04    8.2469230848E-01   -1.8270183226E-02    4.1118899540E+01    4.8263832786E-02
    6.5999800000E-04    8.6565686999E-01    4.4477945452E-02    4.1402901774E+01    4.8079710965E-02
    6.6399800000E-04    9.1413389459E-01    9.1344065959E-02    4.1670312792E+01    4.7901229759E-02
    6.6799800000E-04    9.6311289876E-01    1.2171340312E-01    4.1920497130E+01    4.7753525335E-02
    6.7199800000E-04    1.0073329912E+00    1.3813203734E-01    4.2153587419E+01    4.7729171729E-02
    6.7599800000E-04    1.0447021654E+00    1.4433775249E-01    4.2370026160E+01    4.7894379517E-02
    6.7999800000E-04    1.0754499214E+00    1.4346332412E-01    4.2570791384E+01    4.8277711635E-02
    6.8399800000E-04    1.1005492465E+00    1.3774976094E-01    4.2757305611E+01    4.8914820064E-02
    6.8799800000E-04    1.1209556103E+00    1.2883619362E-01    4.2930947968E+01    4.9860581884E-02
    6.9199800000E-04    1.1374637792E+00    1.1808698564E-01    4.3092945970E+01    5.1147170366E-02
    6.9599800000E-04    1.1507972782E+00    1.0661007334E-01    4.3244476890E+01    5.2736723066E-02
    6.9999800000E-04    1.1615991547E+00    9.5316974231E-02    4.3386638341E+01    5.4444186888E-02
    7.0399800000E-04    1.1703343464E+00    8.4885741249E-02    4.3520561193E+01    5.6071908763E-02
    7.0799800000E-04    1.1772486351E+00    7.5639918626E-02    4.3647555715E+01    5.7465103289E-02
    7.1199800000E-04    1.1823919481E+00    6.7599027961E-02    4.3768874993E+01    5.8559869556E-02
    7.1599800000E-04    1.1857511834E+00    6.0399741345E-02    4.3885858927E+01    5.9495761720E-02
    7.1999800000E-04    1.1874291647E+00    5.3335432811E-02    4.4000265936E+01    6.0332181413E-02
    7.2399800000E-04    1.1876687135E+00    4.5581659098E-02    4.4113917238E+01    6.0887070291E-02
    7.2799800000E-04    1.1867459825E+00    3.6526683492E-02    4.4228217546E+01    6.0949707081E-02
    7.3199800000E-04    1.1848169122E+00    2.6072995539E-02    4.4344433432E+01    6.0589058332E-02
    7.3599800000E-04    1.1818501926E+00    1.4352458091E-02    4.4464195093E+01    6.0025886766E-02
    7.3999800000E-04    1.1776501214E+00    1.5375060758E-03    4.4589308276E+01    5.9357200284E-02
    7.4399800000E-04    1.1718831704E+00   -1.2041096761E-02    4.4721417312E+01    5.8650016121E-02
    7.4799800000E-04    1.1641175760E+00   -2.5932008444E-02    4.4862030763E+01    5.7999812194E-02
    7.5199800000E-04    1.1538536490E+00   -3.9584852872E-02    4.5012541713E+01    5.7488869133E-02
    7.5599800000E-04    1.1404570611E+00   -5.2432320644E-02    4.5174139317E+01    5.7191023289E-02
    7.5999800000E-04    1.1230520648E+00   -6.3907365650E-02    4.5347869560E+01    5.7146269725E-02
    7.6399800000E-04    1.1003928469E+00   -7.3291876554E-02    4.5534847529E+01    5.7378144663E-02
    7.6799800000E-04    1.0710747930E+00   -7.8993020112E-02    4.5736500087E+01    5.7868280143E-02
    7.7199800000E-04    1.0338838864E+00   -7.8057177654E-02    4.5954287011E+01    5.8580580589E-02
    7.7599800000E-04    9.8871191347E-01   -6.6078665599E-02    4.6189143772E+01    5.9462545440E-02
    7.7999800000E-04    9.3832320943E-01   -3.8336789256E-02    4.6441056497E+01    6.0327114033E-02
    7.8399800000E-04    8.8937690263E-01    7.6440496545E-03    4.6709688470E+01    6.1007682258E-02
    7.8799800000E-04    8.5022502593E-01    7.0077067899E-02    4.6994320424E+01    6.1593864471E-02
    7.9199800000E-04    8.2793288638E-01    1.4358547769E-01    4.7292839714E+01    6.2113848661E-02
    7.9599800000E-04    8.2703012807E-01    2.2085344922E-01    4.7600763887E+01    6.2532633834E-02
    7.9999800000E-04    8.4895647245E-01    2.9372137166E-01    4.7911359806E+01    6.2858487906E-02
    8.0399800000E-04    8.9166942076E-01    3.5406942346E-01    4.8216945258E+01    6.3013168875E-02
    8.0799800000E-04    9.4987436633E-01    3.9498221217E-01    4.8510573824E+01    6.2893505131E-02
    8.1199800000E-04    1.0162648485E+00    4.1161399683E-01    4.8787544494E+01    6.2401225281E-02
    8.1599800000E-04    1.0825769053E+00    4.0204885634E-01    4.9045067256E+01    6.1439281058E-02
    8.1999800000E-04    1.1415196195E+00    3.6834730966E-01    4.9281407032E+01    6.0004498448E-02
    8.2399800000E-04    1.1888287287E+00    3.1568497002E-01    4.9496345743E+01    5.8243608513E-02
    8.2799800000E-04    1.2233000175E+00    2.4980733999E-01    4.9690876189E+01    5.6299613057E-02
    8.3199800000E-04    1.2458353552E+00    1.7585940132E-01    4.9866351888E+01    5.4346497670E-02
    8.3599800000E-04    1.2586064034E+00    9.8217286145E-02    5.0025018239E+01    5.2672909734E-02
    8.3999800000E-04    1.2640750337E+00    1.9904443653E-02    5.0171720769E+01    5.1722922584E-02
    8.4399800000E-04    1.2637713620E+00   -5.8158012795E-02    5.0314694494E+01    5.1808764601E-02
    8.4799800000E-04    1.2574774843E+00   -1.3605900309E-01    5.0463333900E+01    5.2832830215E-02
    8.5199800000E-04    1.2433346406E+00   -2.1251476944E-01    5.0624909665E+01    5.4371631525E-02
    8.5599800000E-04    1.2187775725E+00   -2.8438944906E-01    5.0803258868E+01    5.6013786175E-02
    8.5999800000E-04    1.1816825708E+00   -3.4749671197E-01    5.1000156394E+01    5.7537980140E-02
    8.6399800000E-04    1.1311987399E+00   -3.9698838459E-01    5.1216795514E+01    5.8822016020E-02
    8.6799800000E-04    1.0685658402E+00   -4.2732626408E-01    5.1454191085E+01    5.9769047392E-02
    8.7199800000E-04    9.9816950730E-01   -4.3350046832E-01    5.1712368563E+01    6.0295451742E-02
    8.7599800000E-04    9.2730206325E-01   -4.1360630554E-01    5.1990179586E+01    6.0481458431E-02
    8.7999800000E-04    8.6395127207E-01   -3.6944393209E-01    5.2285507925E+01    6.0456102277E-02
    8.8399800000E-04    8.1540149612E-01   -3.0545718771E-01    5.2594290863E+01    6.0322460353E-02
    8.8799800000E-04    7.8753322733E-01   -2.2817438007E-01    5.2909843547E+01    6.0189674435E-02
    8.9199800000E-04    7.8337455572E-01   -1.4549362879E-01    5.3224078984E+01    6.0141499871E-02
    8.9599800000E-04    8.0176446637E-01   -6.5533715429E-02    5.3529321960E+01    6.0122114483E-02
    8.9999800000E-04    8.3800999377E-01    4.6445872669E-03    5.3820247399E+01    6.0055594378E-02
    9.0399800000E-04    8.8553475904E-01    5.9856604800E-02    5.4094376064E+01    6.0006281846E-02
    9.0799800000E-04    9.3687293688E-01    9.7754926404E-02    5.4350821297E+01    5.9961381716E-02
    9.1199800000E-04    9.8517309656E-01    1.1970221959E-01    5.4589782294E+01    5.9964898548E-02
    9.1599800000E-04    1.0264888834E+00    1.2964931215E-01    5.4811786512E+01    6.0113069950E-02
    9.1999800000E-04    1.0602333821E+00    1.3155346060E-01    5.5017697130E+01    6.0429337255E-02
    9.2399800000E-04    1.0874636091E+00    1.2813020269E-01    5.5208868172E+01    6.0939242523E-02
    9.2799800000E-04    1.1094357352E+00    1.2111407433E-01    5.5386750521E+01    6.1732143999E-02
    9.3199800000E-04    1.1271503707E+00    1.1181712009E-01    5.5552576053E+01    6.2879266069E-02
    9.3599800000E-04    1.1413998943E+00    1.0136192903E-01    5.5707451640E+01    6.4403346558E-02
    9.3999800000E-04    1.1528862204E+00    9.0677067384E-02    5.5852523017E+01    6.6225402468E-02
    9.4399800000E-04    1.1621972623E+00    8.0621923746E-02    5.5988895839E+01    6.8106597673E-02
    9.4799800000E-04    1.1697410388E+00    7.1795313715E-02    5.6117757493E+01    6.9847782288E-02
    9.5199800000E-04    1.1757162905E+00    6.4407658930E-02    5.6240430523E+01    7.1263289703E-02
    9.5599800000E-04    1.1801146639E+00    5.8370382330E-02    5.6358053334E+01    7.2309631799E-02
    9.5999800001E-04    1.1828773799E+00    5.3191177692E-02    5.6471886856E+01    7.3186079271E-02
    9.6399800001E-04    1.1840841693E+00    4.8146505697E-02    5.6583661264E+01    7.3954793521E-02
    9.6799800001E-04    1.1839709759E+00    4.2371075679E-02    5.6695106772E+01    7.4439558695E-02
    9.7199800001E-04    1.1828336199E+00    3.5167084795E-02    5.6807456569E+01    7.4393583903E-02
    9.7599800001E-04    1.1808417416E+00    2.6438755392E-02    5.6921785740E+01    7.3887101041E-02
    9.7999800001E-04    1.1779488496E+00    1.6319631217E-02    5.7039628289E+01    7.3187646262E-02
    9.8399800001E-04    1.1739419170E+00    4.9953559815E-03    5.7162731327E+01    7.2388873515E-02
    9.8799800001E-04    1.1684857936E+00   -7.1395424348E-03    5.7292668835E+01    7.1557716078E-02
    9.9199800001E-04    1.1611580065E+00   -1.9614216726E-02    5.7430908422E+01    7.0796048542E-02
    9.9599800001E-04    1.1514729942E+00   -3.1926160514E-02    5.7578808655E+01    7.0167968842E-02
    9.9999800001E-04    1.1388204953E+00   -4.3555037345E-02    5.7737507935E+01    6.9741732263E-02
    1.0039980000E-03    1.1223069244E+00   -5.4113417715E-02    5.7907971646E+01    6.9558258364E-02
    1.0079980000E-03    1.1006431236E+00   -6.3128888961E-02    5.8091213523E+01    6.9628123942E-02
    1.0119980000E-03    1.0722053676E+00   -6.9421069044E-02    5.8288556426E+01    6.9930709994E-02
    1.0159980000E-03    1.0353494805E+00   -7.0333660914E-02    5.8501599515E+01    7.0417744822E-02
    1.0199980000E-03    9.8940301240E-01   -6.1246875221E-02    5.8731643760E+01    7.1038301356E-02
    1.0239980000E-03    9.3694637296E-01   -3.6476702909E-02    5.8979069478E+01    7.1630061047E-02
    1.0279980000E-03    8.8503645369E-01    7.4470003047E-03    5.9244002309E+01    7.2076974109E-02
    1.0319980000E-03    8.4240664619E-01    6.9135204906E-02    5.9526133536E+01    7.2498772429E-02
    1.0359980000E-03    8.1654570034E-01    1.4331351139E-01    5.9823608263E+01    7.2874715112E-02
    1.0399980000E-03    8.1281440138E-01    2.2267610394E-01    6.0132240323E+01    7.3167093754E-02
    1.0439980000E-03    8.3333528824E-01    2.9880396171E-01    6.0445136264E+01    7.3434770473E-02
    1.0479980000E-03    8.7603642260E-01    3.6322137080E-01    6.0754222307E+01    7.3591139180E-02
    1.0519980000E-03    9.3552484559E-01    4.0860579012E-01    6.1052124369E+01    7.3526671153E-02
    1.0559980000E-03    1.0044171986E+00    4.2955984122E-01    6.1333737347E+01    7.3113800659E-02
    1.0599980000E-03    1.0740835029E+00    4.2357929194E-01    6.1596170026E+01    7.2225060068E-02
    1.0639980000E-03    1.1365794883E+00    3.9220142437E-01    6.1837575638E+01    7.0810931973E-02
    1.0679980000E-03    1.1871169784E+00    3.4033694078E-01    6.2057422380E+01    6.9011387554E-02
    1.0719980000E-03    1.2241795426E+00    2.7375691046E-01    6.2256542894E+01    6.6981043769E-02
    1.0759980000E-03    1.2484969059E+00    1.9780202348E-01    6.2436145472E+01    6.4889700333E-02
    1.0799980000E-03    1.2622847135E+00    1.1719490106E-01    6.2598141146E+01    6.3022364223E-02
    1.0839980000E-03    1.2682779267E+00    3.5431040175E-02    6.2746969606E+01    6.1882923048E-02
    1.0879980000E-03    1.2683354126E+00   -4.6221312106E-02    6.2890916450E+01    6.1890579851E-02
    1.0919980000E-03    1.2624196687E+00   -1.2784034383E-01    6.3040011315E+01    6.3016818145E-02
    1.0959980000E-03    1.2486117113E+00   -2.0812377645E-01    6.3202318839E+01    6.4809989977E-02
    1.0999980000E-03    1.2241410501E+00   -2.8362832257E-01    6.3382054397E+01    6.6775114512E-02
    1.1039980000E-03    1.1867507019E+00   -3.4976592923E-01    6.3581020563E+01    6.8647568542E-02
    1.1079980000E-03    1.1356258521E+00   -4.0133662605E-01    6.3800385001E+01    7.0275374442E-02
    1.1119980000E-03    1.0721409794E+00   -4.3265335352E-01    6.4041034526E+01    7.1524075851E-02
    1.1159980000E-03    1.0009393910E+00   -4.3875240587E-01    6.4302644578E+01    7.2276172392E-02
    1.1199980000E-03    9.2985562404E-01   -4.1792517697E-01    6.4583662648E+01    7.2602616363E-02
    1.1239980000E-03    8.6742830169E-01   -3.7242940690E-01    6.4881563304E+01    7.2643656755E-02
    1.1279980000E-03    8.2114003924E-01   -3.0735749458E-01    6.5191650383E+01    7.2531029912E-02
    1.1319980000E-03    7.9680693570E-01   -2.2978856742E-01    6.5506717471E+01    7.2375703245E-02
    1.1359980000E-03    7.9711517353E-01   -1.4808223792E-01    6.5818473925E+01    7.2272084862E-02
    1.1399980000E-03    8.2025108543E-01   -7.0665276798E-02    6.6119476839E+01    7.2138651898E-02
    1.1439980000E-03    8.6092233729E-01   -4.7903545986E-03    6.6405060969E+01    7.1948467891E-02
    1.1479980000E-03    9.1196097285E-01    4.4232904906E-02    6.6673159784E+01    7.1785116691E-02
    1.1519980000E-03    9.6515572924E-01    7.4430558100E-02    6.6923323472E+01    7.1557347313E-02
    1.1559980000E-03    1.0131712690E+00    8.8363041492E-02    6.7155916416E+01    7.1320372533E-02
    1.1599980000E-03    1.0524708132E+00    9.1366825281E-02    6.7371481515E+01    7.1207409615E-02
    1.1639980000E-03    1.0832318116E+00    8.8120501250E-02    6.7571226543E+01    7.1249095535E-02
    1.1679980000E-03    1.1070596233E+00    8.1352678223E-02    6.7756720099E+01    7.1470372044E-02
    1.1719980000E-03    1.1255879150E+00    7.2389375416E-02    6.7929318036E+01    7.1931916768E-02
    1.1759980000E-03    1.1400816414E+00    6.1931438439E-02    6.8090073801E+01    7.2697175030E-02
    1.1799980000E-03    1.1514212468E+00    5.0624095785E-02    6.8239945004E+01    7.3753960459E-02
    1.1839980000E-03    1.1602575833E+00    3.9121566065E-02    6.8380036529E+01    7.5063763211E-02
    1.1879980000E-03    1.1671402764E+00    2.8036199939E-02    6.8511645173E+01    7.6519342295E-02
    1.1919980000E-03    1.1725250169E+00    1.7984901089E-02    6.8636130911E+01    7.7943779384E-02
    1.1959980000E-03    1.1767381130E+00    9.3658447749E-03    6.8755011339E+01    7.9212366126E-02
    1.1999980000E-03    1.1799408692E+00    2.3127252701E-03    6.8869839798E+01    8.0086480046E-02
    1.2039980000E-03    1.1820740597E+00   -3.2020589173E-03    6.8981743928E+01    8.0399313453E-02
    1.2079980000E-03    1.1829322988E+00   -7.7108907322E-03    6.9091782709E+01    8.0371757449E-02
    1.2119980000E-03    1.1823686307E+00   -1.2007357010E-02    6.9201557356E+01    8.0204111199E-02
    1.2159980000E-03    1.1803814611E+00   -1.6828000818E-02    6.9312896436E+01    7.9865998909E-02
    1.2199980000E-03    1.1771095687E+00   -2.2897509909E-02    6.9427208910E+01    7.9110180586E-02
    1.2239980000E-03    1.1726995184E+00   -3.0536370343E-02    6.9545502153E+01    7.7832046283E-02
    1.2279980000E-03    1.1671073745E+00   -3.9709651394E-02    6.9669063598E+01    7.6269513628E-02
    1.2319980000E-03    1.1600808872E+00   -5.0167895270E-02    6.9799412802E+01    7.4606485931E-02
    1.2359980000E-03    1.1512065953E+00   -6.1326424006E-02    6.9937898024E+01    7.3021493442E-02
    1.2399980000E-03    1.1399443181E+00   -7.2487909398E-02    7.0085794880E+01    7.1700636362E-02
    1.2439980000E-03    1.1256590865E+00   -8.2955711321E-02    7.0244278278E+01    7.0701600062E-02
    1.2479980000E-03    1.1075678922E+00   -9.1955847920E-02    7.0414347904E+01    7.0038725602E-02
    1.2519980000E-03    1.0845807336E+00   -9.8679294156E-02    7.0597039605E+01    6.9659241427E-02
    1.2559980000E-03    1.0552242987E+00   -1.0194682774E-01    7.0793645439E+01    6.9470007360E-02
    1.2599980000E-03    1.0178900853E+00   -9.9503541831E-02    7.1005685977E+01    6.9433573494E-02
    1.2639980000E-03    9.7191127224E-01   -8.7352404092E-02    7.1234462333E+01    6.9540785199E-02
    1.2679980000E-03    9.1973982851E-01   -6.0329654375E-02    7.1480675145E+01    6.9697091196E-02
    1.2719980000E-03    8.6779196672E-01   -1.5062326053E-02    7.1744776478E+01    6.9802482969E-02
    1.2759980000E-03    8.2409287605E-01    4.7627150871E-02    7.2026611137E+01    6.9926373831E-02
    1.2799980000E-03    7.9606542103E-01    1.2327904149E-01    7.2324580611E+01    7.0025372067E-02
    1.2839980000E-03    7.8961895342E-01    2.0520461617E-01    7.2634805559E+01    7.0072950888E-02
    1.2879980000E-03    8.0766532192E-01    2.8528395776E-01    7.2950356489E+01    7.0190625603E-02
    1.2919980000E-03    8.4871402454E-01    3.5507018015E-01    7.3262964781E+01    7.0317752717E-02
    1.2959980000E-03    9.0762273640E-01    4.0710783729E-01    7.3564951156E+01    7.0346861400E-02
    1.2999980000E-03    9.7731744380E-01    4.3578174543E-01    7.3850966579E+01    7.0153621280E-02
    1.3039980000E-03    1.0495859056E+00    4.3796124650E-01    7.4118092113E+01    6.9603688535E-02
    1.3079980000E-03    1.1161908165E+00    4.1413332706E-01    7.4364652590E+01    6.8578106640E-02
    1.3119980000E-03    1.1714233914E+00    3.6855039512E-01    7.4589964997E+01    6.7138319858E-02
    1.3159980000E-03    1.2130711609E+00    3.0687500412E-01    7.4794707955E+01    6.5415396953E-02
    1.3199980000E-03    1.2413920558E+00    2.3441527825E-01    7.4979998182E+01    6.3539482752E-02
    1.3239980000E-03    1.2582683815E+00    1.5587370499E-01    7.5147306962E+01    6.1714413000E-02
    1.3279980000E-03    1.2664137070E+00    7.5079377262E-02    7.5299783339E+01    6.0353081179E-02
    1.3319980000E-03    1.2681439021E+00   -5.9627627001E-03    7.5444166266E+01    5.9964037490E-02
    1.3359980000E-03    1.2641653078E+00   -8.7142180247E-02    7.5590117621E+01    6.0745709756E-02
    1.3399980000E-03    1.2532043498E+00   -1.6790492113E-01    7.5746816694E+01    6.2420015847E-02
    1.3439980000E-03    1.2327061014E+00   -2.4544408327E-01    7.5919992938E+01    6.4472911865E-02
    1.3479980000E-03    1.2001894862E+00   -3.1536380185E-01    7.6112180599E+01    6.6547878952E-02
    1.3519980000E-03    1.1543780774E+00   -3.7250832404E-01    7.6324739869E+01    6.8450165197E-02
    1.3559980000E-03    1.0959677632E+00   -4.1119072829E-01    7.6558701397E+01    7.0027736327E-02
    1.3599980000E-03    1.0285868381E+00   -4.2593925341E-01    7.6814080308E+01    7.1115354498E-02
    1.3639980000E-03    9.5929794703E-01   -4.1390493244E-01    7.7089316815E+01    7.1689707227E-02
    1.3679980000E-03    8.9674818526E-01   -3.7636969956E-01    7.7381898079E+01    7.1863908199E-02
    1.3719980000E-03    8.4877285608E-01   -3.1791836625E-01    7.7687493519E+01    7.1759811587E-02
    1.3759980000E-03    8.2141644978E-01   -2.4531860777E-01    7.7999356100E+01    7.1489573776E-02
    1.3799980000E-03    8.1783350949E-01   -1.6676328735E-01    7.8309506997E+01    7.1155097624E-02
    1.3839980000E-03    8.3715471838E-01   -9.0776824842E-02    7.8610609766E+01    7.0748121772E-02
    1.3879980000E-03    8.7502117411E-01   -2.5079018451E-02    7.8897624771E+01    7.0261999690E-02
    1.3919980000E-03    9.2459297596E-01    2.4263252208E-02    7.9168080738E+01    6.9754654560E-02
    1.3959980000E-03    9.7728859987E-01    5.4477557180E-02    7.9421239532E+01    6.9101356632E-02
    1.3999980000E-03    1.0252034543E+00    6.7656415981E-02    7.9657113739E+01    6.8355776283E-02
    1.4039980000E-03    1.0645042780E+00    6.9083557415E-02    7.9875792123E+01    6.7717522251E-02
    1.4079980000E-03    1.0951597244E+00    6.3795455299E-02    8.0078245299E+01    6.7263815816E-02
    1.4119980000E-03    1.1185823169E+00    5.5078823055E-02    8.0266043678E+01    6.7038363481E-02
    1.4159980000E-03    1.1364057378E+00    4.4527544672E-02    8.0440619309E+01    6.7077232804E-02
    1.4199980000E-03    1.1500111145E+00    3.2807167264E-02    8.0603088304E+01    6.7363538329E-02
    1.4239980000E-03    1.1604135604E+00    2.0264499206E-02    8.0754409624E+01    6.7861676597E-02
    1.4279980000E-03    1.1682812316E+00    7.4088204708E-03    8.0895685470E+01    6.8501537817E-02
    1.4319980000E-03    1.1741282521E+00   -5.2687835316E-03    8.1028221320E+01    6.9216053394E-02
    1.4359980000E-03    1.1783865609E+00   -1.7291453476E-02    8.1153487216E+01    6.9920864026E-02
    1.4399980000E-03    1.1814217023E+00   -2.8252941981E-02    8.1273026781E+01    7.0537294120E-02
    1.4439980000E-03    1.1834880893E+00   -3.7922017786E-02    8.1388561876E+01    7.1019002746E-02
    1.4479980000E-03    1.1846935160E+00   -4.6155094770E-02    8.1501807607E+01    7.1164414121E-02
    1.4519980000E-03    1.1849490257E+00   -5.2889120018E-02    8.1614025966E+01    7.0771228392E-02
    1.4559980000E-03    1.1839810603E+00   -5.8570907740E-02    8.1726340707E+01    6.9983040093E-02
    1.4599980000E-03    1.1814959236E+00   -6.4049782290E-02    8.1840330507E+01    6.9041129715E-02
    1.4639980000E-03    1.1773238701E+00   -7.0131342506E-02    8.1957800163E+01    6.7994322552E-02
    1.4679980000E-03    1.1714617535E+00   -7.7393556751E-02    8.2080206279E+01    6.6672288036E-02
    1.4719980000E-03    1.1639418286E+00   -8.6043081759E-02    8.2208689341E+01    6.5014757425E-02
    1.4759980000E-03    1.1546314304E+00   -9.5941679494E-02    8.2344523268E+01    6.3176964558E-02
    1.4799980000E-03    1.1431799257E+00   -1.0659501408E-01    8.2488924475E+01    6.1336504038E-02
    1.4839980000E-03    1.1290376861E+00   -1.1716006904E-01    8.2642965426E+01    5.9735510464E-02
    1.4879980000E-03    1.1115135094E+00   -1.2669374007E-01    8.2807778249E+01    5.8502712724E-02
    1.4919980000E-03    1.0898487135E+00   -1.3404671417E-01    8.2984509313E+01    5.7624831546E-02
    1.4959980000E-03    1.0631385343E+00   -1.3785223326E-01    8.3174386324E+01    5.7044919773E-02
    1.4999980000E-03    1.0302326520E+00   -1.3642620623E-01    8.3378838084E+01    5.6680049363E-02
    1.5039980000E-03    9.9009026820E-01   -1.2724253478E-01    8.3599244161E+01    5.6495569459E-02
    1.5079980000E-03    9.4297516422E-01   -1.0665826632E-01    8.3836491647E+01    5.6470981836E-02
    1.5119980000E-03    8.9222050959E-01   -7.0762988207E-02    8.4091089842E+01    5.6523693923E-02
    1.5159980000E-03    8.4422268133E-01   -1.7777199637E-02    8.4363254806E+01    5.6588275067E-02
    1.5199980000E-03    8.0635263531E-01    5.0498041853E-02    8.4652216982E+01    5.6670878102E-02
    1.5239980000E-03    7.8527414551E-01    1.2929463904E-01    8.4955750583E+01    5.6718254793E-02
    1.5279980000E-03    7.8591907967E-01    2.1186310571E-01    8.5269000061E+01    5.6774533402E-02
    1.5319980000E-03    8.1005761760E-01    2.9026744111E-01    8.5584583800E+01    5.6912869452E-02
    1.5359980000E-03    8.5532787464E-01    3.5658758521E-01    8.5894474774E+01    5.7067209931E-02
    1.5399980000E-03    9.1626227339E-01    4.0411066904E-01    8.6191719863E+01    5.7130377252E-02
    1.5439980000E-03    9.8581899834E-01    4.2814806954E-01    8.6471921416E+01    5.7006521618E-02
    1.5479980000E-03    1.0562484789E+00    4.2644406048E-01    8.6732748658E+01    5.6579845055E-02
    1.5519980000E-03    1.1201088881E+00    4.0025050451E-01    8.6972958916E+01    5.5750125543E-02
    1.5559980000E-03    1.1724814670E+00    3.5422420329E-01    8.7192409091E+01    5.4577042427E-02
    1.5599980000E-03    1.2116767999E+00    2.9391289271E-01    8.7392041991E+01    5.3154203152E-02
    1.5639980000E-03    1.2382390210E+00    2.2423451957E-01    8.7573045058E+01    5.1588559214E-02
    1.5679980000E-03    1.2540788588E+00    1.4942142649E-01    8.7737031668E+01    5.0069282853E-02
    1.5719980000E-03    1.2616953048E+00    7.2754015637E-02    8.7887293465E+01    4.8956518087E-02
    1.5759980000E-03    1.2631107710E+00   -4.1507354777E-03    8.8030341151E+01    4.8678737460E-02
    1.5799980000E-03    1.2588878690E+00   -8.1294903746E-02    8.8175209183E+01    4.9409703658E-02
    1.5839980000E-03    1.2478424344E+00   -1.5817308529E-01    8.8330464690E+01    5.0919011364E-02
    1.5879980000E-03    1.2276691780E+00   -2.3224586708E-01    8.8501614701E+01    5.2779713184E-02
    1.5919980000E-03    1.1960914232E+00   -2.9944181826E-01    8.8691303419E+01    5.4678673166E-02
    1.5959980000E-03    1.1518781289E+00   -3.5484107940E-01    8.8901003388E+01    5.6431941169E-02
    1.5999980000E-03    1.0956780218E+00   -3.9283803900E-01    8.9131837966E+01    5.7902583763E-02
    1.6039980000E-03    1.0309919459E+00   -4.0792179973E-01    8.9384006616E+01    5.8943269727E-02
    1.6079980000E-03    9.6443826101E-01   -3.9717978196E-01    8.9656103910E+01    5.9516229591E-02
    1.6119980000E-03    9.0412638942E-01   -3.6164404842E-01    8.9945650520E+01    5.9707364637E-02
    1.6159980000E-03    8.5759302795E-01   -3.0547623367E-01    9.0248542498E+01    5.9606974313E-02
    1.6199980000E-03    8.3062315518E-01   -2.3508045740E-01    9.0558353681E+01    5.9314819951E-02
    1.6239980000E-03    8.2605163349E-01   -1.5830496846E-01    9.0867474658E+01    5.8916962957E-02
    1.6279980000E-03    8.4318907662E-01   -8.3288626606E-02    9.1168901324E+01    5.8421378046E-02
    1.6319980000E-03    8.7829869103E-01   -1.7537294454E-02    9.1457523134E+01    5.7848604044E-02
    1.6359980000E-03    9.2498531662E-01    3.3069301914E-02    9.1730720311E+01    5.7196378553E-02
    1.6399980000E-03    9.7517393922E-01    6.5775795171E-02    9.1987453401E+01    5.6364541544E-02
    1.6439980000E-03    1.0216999099E+00    8.1972253968E-02    9.2227269937E+01    5.5471156190E-02
    1.6479980000E-03    1.0608880735E+00    8.5856617393E-02    9.2449964879E+01    5.4726966175E-02
    1.6519980000E-03    1.0922252076E+00    8.1926435179E-02    9.2656187971E+01    5.4204783145E-02
    1.6559980000E-03    1.1166747289E+00    7.3473300866E-02    9.2847282359E+01    5.3935992649E-02
    1.6599980000E-03    1.1355952155E+00    6.2374810960E-02    9.3024710629E+01    5.3945011200E-02
    1.6639980000E-03    1.1502180205E+00    4.9639376645E-02    9.3189695421E+01    5.4217938543E-02
    1.6679980000E-03    1.1614855506E+00    3.5908406096E-02    9.3343290033E+01    5.4726924138E-02
    1.6719980000E-03    1.1700801781E+00    2.1790132767E-02    9.3486651031E+01    5.5406162063E-02
    1.6759980000E-03    1.1765364574E+00    7.8635585903E-03    9.3621128648E+01    5.6171413381E-02
    1.6799980000E-03    1.1813061374E+00   -5.3625933656E-03    9.3748215444E+01    5.6921271133E-02
    1.6839980000E-03    1.1847471644E+00   -1.7529383329E-02    9.3869534719E+01    5.7573089699E-02
    1.6879980000E-03    1.1870766790E+00   -2.8470228735E-02    9.3986871268E+01    5.8025756591E-02
    1.6919980000E-03    1.1883423121E+00   -3.8048672794E-02    9.4101889751E+01    5.8068416286E-02
    1.6959980000E-03    1.1884115794E+00   -4.6336723245E-02    9.4215912304E+01    5.7622629673E-02
    1.6999980000E-03    1.1870330248E+00   -5.3915992794E-02    9.4330363826E+01    5.6887862510E-02
    1.7039980000E-03    1.1839811534E+00   -6.1573845113E-02    9.4447096410E+01    5.6049289655E-02
    1.7079980000E-03    1.1791604199E+00   -7.0025365450E-02    9.4567918295E+01    5.5050068248E-02
    1.7119980000E-03    1.1725852061E+00   -7.9654530510E-02    9.4694217306E+01    5.3746597881E-02
    1.7159980000E-03    1.1642138345E+00   -9.0455405468E-02    9.4827271558E+01    5.2194973106E-02
    1.7199980000E-03    1.1538162501E+00   -1.0212780115E-01    9.4968430921E+01    5.0551309877E-02
    1.7239980000E-03    1.1409435082E+00   -1.1404555987E-01    9.5118873147E+01    4.9004796589E-02
    1.7279980000E-03    1.1249670601E+00   -1.2533161686E-01    9.5279709361E+01    4.7740483131E-02
    1.7319980000E-03    1.1051653063E+00   -1.3492580642E-01    9.5452110356E+01    4.6809604623E-02
    1.7359980000E-03    1.0807684751E+00   -1.4146912113E-01    9.5637306692E+01    4.6188942661E-02
    1.7399980000E-03    1.0508435363E+00   -1.4337067611E-01    9.5836653573E+01    4.5830452832E-02
    1.7439980000E-03    1.0144085450E+00   -1.3847099020E-01    9.6051577913E+01    4.5701051056E-02
    1.7479980000E-03    9.7110949367E-01   -1.2373237162E-01    9.6283105288E+01    4.5769700239E-02
    1.7519980000E-03    9.2272297859E-01   -9.5426470623E-02    9.6531681244E+01    4.5970363907E-02
    1.7559980000E-03    8.7413878515E-01   -5.0798204994E-02    9.6797400443E+01    4.6202220968E-02
    1.7599980000E-03    8.3225917160E-01    9.9117667559E-03    9.7079661017E+01    4.6429333789E-02
    1.7639980000E-03    8.0390801472E-01    8.3177546680E-02    9.7376755322E+01    4.6650867620E-02
    1.7679980000E-03    7.9456561749E-01    1.6312294627E-01    9.7685120340E+01    4.6844895915E-02
    1.7719980000E-03    8.0720881055E-01    2.4240946927E-01    9.7998571745E+01    4.7049920054E-02
    1.7759980000E-03    8.4136690295E-01    3.1328014171E-01    9.8309662704E+01    4.7263073955E-02
    1.7799980000E-03    8.9332879768E-01    3.6856766615E-01    9.8611025697E+01    4.7394757509E-02
    1.7839980000E-03    9.5696170200E-01    4.0280520065E-01    9.8897177363E+01    4.7356630578E-02
    1.7879980000E-03    1.0250214815E+00    4.1278540680E-01    9.9164981733E+01    4.7077104236E-02
    1.7919980000E-03    1.0901178309E+00    3.9810619616E-01    9.9412718731E+01    4.6455369997E-02
    1.7959980000E-03    1.1462803190E+00    3.6193914444E-01    9.9639715795E+01    4.5489111348E-02
    1.7999980000E-03    1.1904282916E+00    3.0966152188E-01    9.9846568144E+01    4.4266944146E-02
    1.8039980000E-03    1.2221322978E+00    2.4648683179E-01    1.0003447456E+02    4.2871837426E-02
    1.8079980000E-03    1.2426413183E+00    1.7682311376E-01    1.0020483306E+02    4.1435672033E-02
    1.8119980000E-03    1.2540964257E+00    1.0426712736E-01    1.0035997582E+02    4.0197679960E-02
    1.8159980000E-03    1.2586847542E+00    3.1125500725E-02    1.0050457421E+02    3.9518022712E-02
    1.8199980000E-03    1.2576848450E+00   -4.2059086238E-02    1.0064619371E+02    3.9679861721E-02
    1.8239980000E-03    1.2508472298E+00   -1.1544715172E-01    1.0079349037E+02    4.0653287533E-02
    1.8279980000E-03    1.2365199368E+00   -1.8788282110E-01    1.0095337937E+02    4.2123663421E-02
    1.8319980000E-03    1.2124495528E+00   -2.5642365574E-01    1.0112979916E+02    4.3753549841E-02
    1.8359980000E-03    1.1767683983E+00   -3.1696288959E-01    1.0132474883E+02    4.5330530304E-02
    1.8399980000E-03    1.1288309188E+00   -3.6458234137E-01    1.0153957820E+02    4.6723656332E-02
    1.8439980000E-03    1.0700893136E+00   -3.9369252948E-01    1.0177531390E+02    4.7824377366E-02
    1.8479980000E-03    1.0049605145E+00   -3.9943252674E-01    1.0203186469E+02    4.8532430598E-02
    1.8519980000E-03    9.4031423043E-01   -3.8018278517E-01    1.0230772468E+02    4.8872831550E-02
    1.8559980000E-03    8.8377551825E-01   -3.3779313398E-01    1.0260029217E+02    4.8924139309E-02
    1.8599980000E-03    8.4220952352E-01   -2.7673521006E-01    1.0290514179E+02    4.8758377058E-02
    1.8639980000E-03    8.2051178323E-01   -2.0357199228E-01    1.0321559723E+02    4.8471031575E-02
    1.8679980000E-03    8.2053692889E-01   -1.2597494247E-01    1.0352428941E+02    4.8113742940E-02
    1.8719980000E-03    8.4095851999E-01   -5.1672771945E-02    1.0382459886E+02    4.7683477763E-02
    1.8759980000E-03    8.7757507097E-01    1.2424541194E-02    1.0411189479E+02    4.7208219269E-02
    1.8799980000E-03    9.2393774716E-01    6.1346577526E-02    1.0438385870E+02    4.6648642085E-02
    1.8839980000E-03    9.7263038801E-01    9.3226636544E-02    1.0463936163E+02    4.5971926018E-02
    1.8879980000E-03    1.0175838433E+00    1.0973668120E-01    1.0487790373E+02    4.5328902339E-02
    1.8919980000E-03    1.0557735835E+00    1.1469309684E-01    1.0509946994E+02    4.4873459590E-02
    1.8959980000E-03    1.0868080818E+00    1.1196032836E-01    1.0530474508E+02    4.4655935360E-02
    1.8999980000E-03    1.1115879077E+00    1.0429068300E-01    1.0549503908E+02    4.4704421938E-02
    1.9039980000E-03    1.1312615450E+00    9.3444010441E-02    1.0567178393E+02    4.5033569586E-02
    1.9079980000E-03    1.1468169107E+00    8.0606307333E-02    1.0583619781E+02    4.5656779339E-02
    1.9119980000E-03    1.1590409715E+00    6.6709291201E-02    1.0598941123E+02    4.6551770690E-02
    1.9159980000E-03    1.1685741547E+00    5.2592499171E-02    1.0613265351E+02    4.7647044648E-02
    1.9199980000E-03    1.1759808234E+00    3.8901891923E-02    1.0626724444E+02    4.8812522678E-02
    1.9239980000E-03    1.1816918988E+00    2.6133096189E-02    1.0639465661E+02    4.9901282857E-02
    1.9279980000E-03    1.1859675732E+00    1.4538602064E-02    1.0651653673E+02    5.0756260200E-02
    1.9319980000E-03    1.1888816968E+00    4.2182990952E-03    1.0663444469E+02    5.1196735059E-02
    1.9359980000E-03    1.1903502968E+00   -4.9944310642E-03    1.0674976651E+02    5.1239528668E-02
    1.9399980000E-03    1.1902412444E+00   -1.3661191030E-02    1.0686416079E+02    5.1094976367E-02
    1.9439980000E-03    1.1884954059E+00   -2.2570899986E-02    1.0697963269E+02    5.0836332608E-02
    1.9479980000E-03    1.1851614393E+00   -3.2380102481E-02    1.0709801978E+02    5.0298068658E-02
    1.9519980000E-03    1.1803144872E+00   -4.3432315966E-02    1.0722073980E+02    4.9358122455E-02
    1.9559980000E-03    1.1739204518E+00   -5.5668661843E-02    1.0734923183E+02    4.8134451657E-02
    1.9599980000E-03    1.1657561643E+00   -6.8856094521E-02    1.0748505290E+02    4.6801703782E-02
    1.9639980000E-03    1.1554060542E+00   -8.2498626696E-02    1.0762961723E+02    4.5525642127E-02
    1.9679980000E-03    1.1422929890E+00   -9.5903275252E-02    1.0778418074E+02    4.4463704335E-02
    1.9719980000E-03    1.1257588083E+00   -1.0816316486E-01    1.0794995498E+02    4.3692955944E-02
    1.9759980000E-03    1.1050397935E+00   -1.1821342492E-01    1.0812809934E+02    4.3228769399E-02
    1.9799980000E-03    1.0792037371E+00   -1.2474947393E-01    1.0831986184E+02    4.3047672554E-02
    1.9839980000E-03    1.0471788093E+00   -1.2594003781E-01    1.0852667621E+02    4.3128084246E-02
    1.9879980000E-03    1.0081496174E+00   -1.1906802378E-01    1.0874981088E+02    4.3441503791E-02
    1.9919980000E-03    9.6266873397E-01   -1.0040579302E-01    1.0898989798E+02    4.3934269913E-02
    1.9959980000E-03    9.1401820959E-01   -6.6332171324E-02    1.0924697534E+02    4.4467923096E-02
    1.9999980000E-03    8.6829899736E-01   -1.5457249176E-02    1.0952056953E+02    4.4921866640E-02
