 sig=    1.000000000000000      inputfile=
 /home/rjrj524/Finished/vmec_gc_tracer/revised_251128/nc/wout_pwO_nfp2_A6.nc                                                                                                                             
 dt=   2.0000000000000001E-009
 steps=      1000000
 x0=   5.9999999999999998E-002    3.080000000000000      
    6.410000000000000     
 u=    86800.00000000000     
 v_perp=    112000.0000000000     
 
time(s)         x0(1)       x0(2)        x0(3)      r
    3.9980000000E-06    1.2518807544E+00   -1.6501485837E-01    6.6623650072E+00    6.2227224109E-02
    7.9980000000E-06    1.2145073760E+00   -2.8110324204E-01    6.9376096503E+00    6.5426427709E-02
    1.1998000000E-05    1.1518797619E+00   -3.6767634127E-01    7.2414733816E+00    6.8424021016E-02
    1.5998000000E-05    1.0678634400E+00   -4.1344331718E-01    7.5771385145E+00    7.0704994674E-02
    1.9998000000E-05    9.7538810254E-01   -4.1003829205E-01    7.9448902519E+00    7.1916281460E-02
    2.3998000000E-05    8.9431425773E-01   -3.5942609737E-01    8.3414282586E+00    7.2220363709E-02
    2.7998000000E-05    8.4284310238E-01   -2.7353317869E-01    8.7579292398E+00    7.1924995004E-02
    3.1998000000E-05    8.3248297488E-01   -1.7016143222E-01    9.1791777951E+00    7.1302858025E-02
    3.5998000000E-05    8.6402493497E-01   -6.9869685310E-02    9.5895594464E+00    7.0444024360E-02
    3.9998000000E-05    9.2718838707E-01    7.6530677874E-03    9.9794535034E+00    6.9403265253E-02
    4.3998000000E-05    1.0014201633E+00    4.9193949703E-02    1.0345780190E+01    6.7972263257E-02
    4.7998000000E-05    1.0653841816E+00    5.7764665015E-02    1.0687378597E+01    6.6444700813E-02
    5.1998000000E-05    1.1122361716E+00    4.6874574140E-02    1.1004422824E+01    6.5326286729E-02
    5.5998000000E-05    1.1440797825E+00    2.7397470780E-02    1.1300015466E+01    6.4813588602E-02
    5.9998000000E-05    1.1650160633E+00    3.4927440989E-03    1.1577470918E+01    6.4925460239E-02
    6.3998000000E-05    1.1781615045E+00   -2.3737321775E-02    1.1839571771E+01    6.5339502145E-02
    6.7998000000E-05    1.1850690656E+00   -5.1715349399E-02    1.2089970356E+01    6.5613708914E-02
    7.1998000000E-05    1.1870398830E+00   -7.6923695929E-02    1.2333447309E+01    6.5463392192E-02
    7.5998000000E-05    1.1845584509E+00   -9.6485920835E-02    1.2575679578E+01    6.4381939061E-02
    7.9998000000E-05    1.1758808807E+00   -1.1148180873E-01    1.2821315901E+01    6.2206947255E-02
    8.3998000000E-05    1.1596090633E+00   -1.2733791167E-01    1.3074509980E+01    5.9671822266E-02
    8.7998000000E-05    1.1362792909E+00   -1.4512829833E-01    1.3339657421E+01    5.6826166685E-02
    9.1998000000E-05    1.1050425932E+00   -1.6139612986E-01    1.3620816104E+01    5.4302800353E-02
    9.5998000000E-05    1.0637263294E+00   -1.7053280860E-01    1.3921142874E+01    5.2626341194E-02
    9.9998000000E-05    1.0106613672E+00   -1.6599041027E-01    1.4243509376E+01    5.1579903675E-02
    1.0399800000E-04    9.4538019392E-01   -1.4059785307E-01    1.4589893708E+01    5.1003151015E-02
    1.0799800000E-04    8.7359981967E-01   -8.6686629357E-02    1.4960795476E+01    5.0772138642E-02
    1.1199800000E-04    8.1075310511E-01   -1.9275545272E-03    1.5356454250E+01    5.0666263033E-02
    1.1599800000E-04    7.7422966885E-01    1.0553377678E-01    1.5774536991E+01    5.0554944059E-02
    1.1999800000E-04    7.7685791695E-01    2.2032644429E-01    1.6206301041E+01    5.0511897116E-02
    1.2399800000E-04    8.2164340076E-01    3.2373313390E-01    1.6635752691E+01    5.0695706195E-02
    1.2799800000E-04    8.9965251785E-01    3.9815678066E-01    1.7046449459E+01    5.0916585342E-02
    1.3199800000E-04    9.9531714103E-01    4.3092409033E-01    1.7428432491E+01    5.0923710986E-02
    1.3599800000E-04    1.0906521696E+00    4.1612772263E-01    1.7778634244E+01    5.0403562013E-02
    1.3999800000E-04    1.1693691082E+00    3.5779002111E-01    1.8097516470E+01    4.9182306488E-02
    1.4399800000E-04    1.2233894451E+00    2.6652476624E-01    1.8387979262E+01    4.7412784829E-02
    1.4799800000E-04    1.2525037614E+00    1.5218343081E-01    1.8653858750E+01    4.5425598785E-02
    1.5199800000E-04    1.2611484006E+00    2.4776676054E-02    1.8902157539E+01    4.4345056166E-02
    1.5599800000E-04    1.2527907779E+00   -1.0408793463E-01    1.9149347010E+01    4.5506949097E-02
    1.5999800000E-04    1.2249033382E+00   -2.2198726910E-01    1.9413806643E+01    4.8139131399E-02
    1.6399800000E-04    1.1734603413E+00   -3.1700407972E-01    1.9704495735E+01    5.0922004928E-02
    1.6799800000E-04    1.0994191955E+00   -3.7768432092E-01    2.0025548141E+01    5.3266096290E-02
    1.7199800000E-04    1.0119885320E+00   -3.9326136890E-01    2.0378865883E+01    5.4781560931E-02
    1.7599800000E-04    9.2825429508E-01   -3.6115140835E-01    2.0762507302E+01    5.5400937645E-02
    1.7999800000E-04    8.6670049753E-01   -2.8942419005E-01    2.1170271839E+01    5.5339248719E-02
    1.8399800000E-04    8.4069630743E-01   -1.9320718794E-01    2.1589646699E+01    5.4835900123E-02
    1.8799800000E-04    8.5438799935E-01   -9.1380925070E-02    2.2005339724E+01    5.4027554412E-02
    1.9199800000E-04    9.0232177326E-01   -3.0213123775E-03    2.2405430037E+01    5.2951474886E-02
    1.9599800000E-04    9.6910362770E-01    5.6578834407E-02    2.2784442172E+01    5.1448478893E-02
    1.9999800000E-04    1.0351399557E+00    8.2706825850E-02    2.3140018122E+01    4.9728007344E-02
    2.0399800000E-04    1.0890058072E+00    8.2431482759E-02    2.3470672168E+01    4.8384369405E-02
    2.0799800000E-04    1.1285386130E+00    6.6625835765E-02    2.3777754186E+01    4.7629532552E-02
    2.1199800000E-04    1.1559655214E+00    4.2634181531E-02    2.4064474973E+01    4.7543004694E-02
    2.1599800000E-04    1.1742753898E+00    1.3727617894E-02    2.4333853429E+01    4.8001874043E-02
    2.1999800000E-04    1.1854447155E+00   -1.7374561978E-02    2.4589237487E+01    4.8637192929E-02
    2.2399800000E-04    1.1908550926E+00   -4.7316843491E-02    2.4835180697E+01    4.8976225413E-02
    2.2799800000E-04    1.1910291913E+00   -7.3269367163E-02    2.5077465416E+01    4.8516907926E-02
    2.3199800000E-04    1.1847772435E+00   -9.4731541103E-02    2.5321526271E+01    4.6891361280E-02
    2.3599800000E-04    1.1707716970E+00   -1.1559629406E-01    2.5572103196E+01    4.4818560126E-02
    2.3999800000E-04    1.1494283474E+00   -1.3735597325E-01    2.5833810417E+01    4.2404302199E-02
    2.4399800000E-04    1.1203757589E+00   -1.5757577706E-01    2.6111005032E+01    4.0139800976E-02
    2.4799800000E-04    1.0816942288E+00   -1.7141210349E-01    2.6407009100E+01    3.8580631277E-02
    2.5199800000E-04    1.0318548923E+00   -1.7256763451E-01    2.6724872141E+01    3.7674919717E-02
    2.5599800000E-04    9.7042285197E-01   -1.5417078738E-01    2.7066830902E+01    3.7314878723E-02
    2.5999800000E-04    9.0144124939E-01   -1.0884987626E-01    2.7433426171E+01    3.7353028718E-02
    2.6399800000E-04    8.3780168743E-01   -3.2956421019E-02    2.7824219493E+01    3.7557073522E-02
    2.6799800000E-04    7.9614573200E-01    6.7514744295E-02    2.8236809729E+01    3.7772585521E-02
    2.7199800000E-04    7.8943453187E-01    1.7861704539E-01    2.8663959194E+01    3.7986361688E-02
    2.7599800000E-04    8.2245936081E-01    2.8264256876E-01    2.9091874073E+01    3.8273938786E-02
    2.7999800000E-04    8.8975889578E-01    3.6205870751E-01    2.9504822753E+01    3.8537362596E-02
    2.8399800000E-04    9.7794025063E-01    4.0333225930E-01    2.9891422140E+01    3.8568621607E-02
    2.8799800000E-04    1.0701039720E+00    3.9928909046E-01    3.0247060948E+01    3.8166762421E-02
    2.9199800000E-04    1.1500189829E+00    3.5158049182E-01    3.0571262912E+01    3.7158837961E-02
    2.9599800000E-04    1.2078141184E+00    2.7018772902E-01    3.0866477922E+01    3.5662735563E-02
    2.9999800000E-04    1.2416496179E+00    1.6554156327E-01    3.1136571629E+01    3.3914292575E-02
    3.0399800000E-04    1.2547698026E+00    4.7211847246E-02    3.1387532604E+01    3.2684911091E-02
    3.0799800000E-04    1.2508917207E+00   -7.4746446552E-02    3.1633021379E+01    3.3176597014E-02
    3.1199800000E-04    1.2289556960E+00   -1.8979160362E-01    3.1891172175E+01    3.5145369760E-02
    3.1599800000E-04    1.1849871865E+00   -2.8694013444E-01    3.2172783228E+01    3.7425227105E-02
    3.1999800000E-04    1.1181229785E+00   -3.5527130100E-01    3.2482766268E+01    3.9423834654E-02
    3.2399800000E-04    1.0345520494E+00   -3.8333102147E-01    3.2824172922E+01    4.0831475263E-02
    3.2799800000E-04    9.4848902077E-01   -3.6510808157E-01    3.3196840134E+01    4.1510127511E-02
    3.3199800000E-04    8.7761218145E-01   -3.0490073419E-01    3.3596756501E+01    4.1602577042E-02
    3.3599800000E-04    8.3697035544E-01   -2.1472730158E-01    3.4014364724E+01    4.1295982125E-02
    3.3999800000E-04    8.3383586863E-01   -1.1163309994E-01    3.4435223476E+01    4.0746260641E-02
    3.4399800000E-04    8.6671465510E-01   -1.3949531189E-02    3.4845704009E+01    3.9991480373E-02
    3.4799800000E-04    9.2499033914E-01    6.1965454422E-02    3.5237406706E+01    3.8965028956E-02
    3.5199800000E-04    9.9171389192E-01    1.0675422580E-01    3.5606635501E+01    3.7649827250E-02
    3.5599800000E-04    1.0522614027E+00    1.2174289571E-01    3.5951393844E+01    3.6558638985E-02
    3.5999800000E-04    1.1002791423E+00    1.1555413910E-01    3.6271518448E+01    3.6020516621E-02
    3.6399800000E-04    1.1359108599E+00    9.6421951092E-02    3.6569255605E+01    3.6140383822E-02
    3.6799800000E-04    1.1613362299E+00    6.9595865563E-02    3.6847642234E+01    3.6952866103E-02
    3.7199800000E-04    1.1785883552E+00    3.9133783078E-02    3.7109834079E+01    3.8264990765E-02
    3.7599800000E-04    1.1893540314E+00    8.6463920500E-03    3.7359895915E+01    3.9488083387E-02
    3.7999800000E-04    1.1940783642E+00   -1.9294678641E-02    3.7603321595E+01    3.9817407265E-02
    3.8399800000E-04    1.1916927496E+00   -4.4660924187E-02    3.7845713041E+01    3.9166332480E-02
    3.8799800000E-04    1.1816951884E+00   -7.0557305310E-02    3.8092483949E+01    3.7910659203E-02
    3.9199800000E-04    1.1648622162E+00   -9.7674427412E-02    3.8348851507E+01    3.5986930460E-02
    3.9599800000E-04    1.1407617626E+00   -1.2370126857E-01    3.8619644461E+01    3.4110983134E-02
    3.9999800000E-04    1.1075086478E+00   -1.4443464280E-01    3.8908409557E+01    3.2892480876E-02
    4.0399800000E-04    1.0633434209E+00   -1.5438102576E-01    3.9218244563E+01    3.2385249722E-02
    4.0799800000E-04    1.0071460865E+00   -1.4709960120E-01    3.9551814543E+01    3.2492793758E-02
    4.1199800000E-04    9.4117778751E-01   -1.1469930762E-01    3.9910172334E+01    3.3046036787E-02
    4.1599800000E-04    8.7584322136E-01   -5.1501030515E-02    4.0292624122E+01    3.3694860503E-02
    4.1999800000E-04    8.2739639810E-01    3.9149138810E-02    4.0696854026E+01    3.4222532304E-02
    4.2399800000E-04    8.1003269036E-01    1.4479199439E-01    4.1117210301E+01    3.4681327197E-02
    4.2799800000E-04    8.3051258612E-01    2.4823143987E-01    4.1542152930E+01    3.5052244629E-02
    4.3199800000E-04    8.8640087498E-01    3.3173499999E-01    4.1956828759E+01    3.5292592450E-02
    4.3599800000E-04    9.6689844100E-01    3.8034323089E-01    4.2348411879E+01    3.5211367208E-02
    4.3999800000E-04    1.0557220527E+00    3.8517637571E-01    4.2710346954E+01    3.4657046240E-02
    4.4399800000E-04    1.1362703646E+00    3.4560407598E-01    4.3040740953E+01    3.3499007978E-02
    4.4799800000E-04    1.1970769433E+00    2.7034108542E-01    4.3341149455E+01    3.1868609597E-02
    4.5199800000E-04    1.2346699566E+00    1.7049274579E-01    4.3615284845E+01    3.0011860852E-02
    4.5599800000E-04    1.2513238100E+00    5.6159747510E-02    4.3868733199E+01    2.8566095021E-02
    4.5999800000E-04    1.2508077777E+00   -6.2726787112E-02    4.4113790207E+01    2.8624646496E-02
    4.6399800000E-04    1.2329610943E+00   -1.7649359038E-01    4.4368260763E+01    3.0137900512E-02
    4.6799800000E-04    1.1939456000E+00   -2.7516147612E-01    4.4643931035E+01    3.2009994820E-02
    4.7199800000E-04    1.1317583213E+00   -3.4855549240E-01    4.4946183331E+01    3.3638381657E-02
    4.7599800000E-04    1.0503631171E+00   -3.8550603730E-01    4.5278643191E+01    3.4781780877E-02
    4.7999800000E-04    9.6173150644E-01   -3.7775234156E-01    4.5642631942E+01    3.5318395921E-02
    4.8399800000E-04    8.8261993769E-01   -3.2658905392E-01    4.6035964733E+01    3.5385526877E-02
    4.8799800000E-04    8.2908387635E-01   -2.4139425142E-01    4.6451632786E+01    3.5134258492E-02
    4.9199800000E-04    8.1138339760E-01   -1.3745107156E-01    4.6876480405E+01    3.4752490670E-02
    4.9599800000E-04    8.3129775687E-01   -3.2568377042E-02    4.7295761140E+01    3.4275484024E-02
    4.9999800000E-04    8.8146161614E-01    5.6222062712E-02    4.7698377829E+01    3.3720181538E-02
    5.0399800000E-04    9.4729285853E-01    1.1695055870E-01    4.8079020644E+01    3.3031817937E-02
    5.0799800000E-04    1.0126959512E+00    1.4700626323E-01    4.8435497894E+01    3.2458201766E-02
    5.1199800000E-04    1.0678960074E+00    1.5250494089E-01    4.8767186640E+01    3.2349464336E-02
    5.1599800000E-04    1.1110554007E+00    1.4132431246E-01    4.9075296054E+01    3.2863956381E-02
    5.1999800000E-04    1.1434052882E+00    1.1979499504E-01    4.9362559879E+01    3.4096788712E-02
    5.2399800000E-04    1.1667439787E+00    9.3302237987E-02    4.9632088186E+01    3.5966631399E-02
    5.2799800000E-04    1.1829206195E+00    6.5930496433E-02    4.9887499839E+01    3.7838057283E-02
    5.3199800000E-04    1.1922760395E+00    3.9877155186E-02    5.0133705458E+01    3.8999576109E-02
    5.3599800000E-04    1.1940161365E+00    1.4330985239E-02    5.0375969929E+01    3.9549613849E-02
    5.3999800000E-04    1.1886704168E+00   -1.3764061096E-02    5.0619734439E+01    3.9109631356E-02
    5.4399800000E-04    1.1772551623E+00   -4.4231807945E-02    5.0870609206E+01    3.7816607284E-02
    5.4799800000E-04    1.1592429146E+00   -7.4435983528E-02    5.1134010028E+01    3.6479793103E-02
    5.5199800000E-04    1.1329026503E+00   -1.0070380398E-01    5.1413897831E+01    3.5677608352E-02
    5.5599800000E-04    1.0961920345E+00   -1.1888209374E-01    5.1713395261E+01    3.5573335169E-02
    5.5999800000E-04    1.0470163003E+00   -1.2350696722E-01    5.2035527718E+01    3.6122911883E-02
    5.6399800000E-04    9.8559050570E-01   -1.0619715877E-01    5.2382372206E+01    3.7212633320E-02
    5.6799800000E-04    9.1893704489E-01   -5.8686097349E-02    5.2753588500E+01    3.8488073119E-02
    5.7199800000E-04    8.6210371337E-01    1.9517180346E-02    5.3147089735E+01    3.9464081813E-02
    5.7599800000E-04    8.3175451312E-01    1.1838671263E-01    5.3558947019E+01    4.0190000328E-02
    5.7999800000E-04    8.3780976308E-01    2.2130242456E-01    5.3980258463E+01    4.0714290733E-02
    5.8399800000E-04    8.8111434177E-01    3.0995959125E-01    5.4397152182E+01    4.0998213571E-02
    5.8799800000E-04    9.5367938672E-01    3.6762061836E-01    5.4795387114E+01    4.0876642349E-02
    5.9199800000E-04    1.0401574015E+00    3.8277583322E-01    5.5165910387E+01    4.0168117649E-02
    5.9599800000E-04    1.1229738103E+00    3.5178727625E-01    5.5505036023E+01    3.8739216160E-02
    5.9999800000E-04    1.1883805415E+00    2.8136245232E-01    5.5812914399E+01    3.6743600198E-02
    6.0399800000E-04    1.2307868795E+00    1.8297904830E-01    5.6092746600E+01    3.4491261553E-02
    6.0799800000E-04    1.2514077699E+00    6.7482746880E-02    5.6349632823E+01    3.2602362437E-02
    6.1199800000E-04    1.2542077881E+00   -5.4204760565E-02    5.6594906328E+01    3.2241796858E-02
    6.1599800000E-04    1.2399017845E+00   -1.7167131977E-01    5.6846765296E+01    3.3537660338E-02
    6.1999800000E-04    1.2046459438E+00   -2.7492887152E-01    5.7118286770E+01    3.5282374667E-02
    6.2399800000E-04    1.1454317398E+00   -3.5440006769E-01    5.7415199483E+01    3.6756131427E-02
    6.2799800000E-04    1.0645639838E+00   -3.9950497078E-01    5.7741334087E+01    3.7736923596E-02
    6.3199800000E-04    9.7242994810E-01   -4.0059504867E-01    5.8098960376E+01    3.8115260491E-02
    6.3599800000E-04    8.8542099454E-01   -3.5668331534E-01    5.8487356762E+01    3.8074557577E-02
    6.3999800000E-04    8.2030442468E-01   -2.7538734260E-01    5.8901510293E+01    3.7804369167E-02
    6.4399800000E-04    7.9002385700E-01   -1.7059296872E-01    5.9329605765E+01    3.7514831936E-02
    6.4799800000E-04    7.9936470696E-01   -5.9941797693E-02    5.9755916354E+01    3.7285358256E-02
    6.5199800000E-04    8.4289360711E-01    3.8994354736E-02    6.0167049856E+01    3.7048636132E-02
    6.5599800000E-04    9.0730111954E-01    1.1265560151E-01    6.0556198281E+01    3.6825352349E-02
    6.5999800000E-04    9.7596445649E-01    1.5570501063E-01    6.0921116453E+01    3.6776409514E-02
    6.6399800000E-04    1.0365470390E+00    1.7227918259E-01    6.1261380101E+01    3.7137145136E-02
    6.6799800000E-04    1.0854918982E+00    1.6978173813E-01    6.1577630464E+01    3.8052240938E-02
    6.7199800000E-04    1.1233435801E+00    1.5505374241E-01    6.1872203651E+01    3.9632189295E-02
    6.7599800000E-04    1.1516952252E+00    1.3429341853E-01    6.2148166765E+01    4.1900279702E-02
    6.7999800000E-04    1.1724297993E+00    1.1219394806E-01    6.2408886549E+01    4.4275485927E-02
    6.8399800000E-04    1.1858149863E+00    9.1007981306E-02    6.2658786425E+01    4.6282368326E-02
    6.8799800000E-04    1.1914645179E+00    6.9045728524E-02    6.2902515108E+01    4.7815654387E-02
    6.9199800000E-04    1.1907365006E+00    4.2622059143E-02    6.3144893992E+01    4.8162720981E-02
    6.9599800000E-04    1.1847397291E+00    1.2429533152E-02    6.3391424275E+01    4.7742706145E-02
    6.9999800000E-04    1.1728800113E+00   -1.8692169533E-02    6.3647834015E+01    4.7062744833E-02
    7.0399800000E-04    1.1537281109E+00   -4.7385735719E-02    6.3918581986E+01    4.6608180400E-02
    7.0799800000E-04    1.1252494721E+00   -7.0865419459E-02    6.4206964226E+01    4.6721946778E-02
    7.1199800000E-04    1.0844569436E+00   -8.5600686978E-02    6.4516020254E+01    4.7504440585E-02
    7.1599800000E-04    1.0294004629E+00   -8.3859720548E-02    6.4848889462E+01    4.8867665464E-02
    7.1999800000E-04    9.6285662756E-01   -5.4876822608E-02    6.5206638252E+01    5.0580062841E-02
    7.2399800000E-04    8.9709593666E-01    7.5620765063E-03    6.5587640864E+01    5.2034617938E-02
    7.2799800000E-04    8.5164598698E-01    9.7689973787E-02    6.5989407830E+01    5.3078936511E-02
    7.3199800000E-04    8.4107253009E-01    1.9978342231E-01    6.6405982661E+01    5.3856744367E-02
    7.3599800000E-04    8.7006497501E-01    2.9475720441E-01    6.6825029488E+01    5.4327537145E-02
    7.3999800000E-04    9.3376118922E-01    3.6395021950E-01    6.7231277158E+01    5.4345321554E-02
    7.4399800000E-04    1.0183010060E+00    3.9271556486E-01    6.7612708588E+01    5.3673476648E-02
    7.4799800000E-04    1.1051141510E+00    3.7370771565E-01    6.7963549781E+01    5.2106919690E-02
    7.5199800000E-04    1.1776015329E+00    3.1033421220E-01    6.8282165058E+01    4.9746328121E-02
    7.5599800000E-04    1.2272297261E+00    2.1362337261E-01    6.8570711368E+01    4.6982605078E-02
    7.5999800000E-04    1.2535371118E+00    9.4990994073E-02    6.8833494995E+01    4.4432421119E-02
    7.6399800000E-04    1.2606688819E+00   -3.3626063424E-02    6.9080088569E+01    4.3440296619E-02
    7.6799800000E-04    1.2507530417E+00   -1.5996600892E-01    6.9329190358E+01    4.4622904502E-02
    7.7199800000E-04    1.2200591658E+00   -2.7258901103E-01    6.9596557547E+01    4.6592008234E-02
    7.7599800000E-04    1.1643777847E+00   -3.6163511483E-01    6.9888755690E+01    4.8306699466E-02
    7.7999800000E-04    1.0843504812E+00   -4.1717571313E-01    7.0209580089E+01    4.9466985809E-02
    7.8399800000E-04    9.8867792616E-01   -4.2870388374E-01    7.0561820683E+01    4.9930210471E-02
    7.8799800000E-04    8.9394531328E-01   -3.9289920502E-01    7.0945759885E+01    4.9896016097E-02
    7.9199800000E-04    8.1796223137E-01   -3.1619054274E-01    7.1357967435E+01    4.9663469796E-02
    7.9599800000E-04    7.7598894794E-01   -2.1159783515E-01    7.1787973693E+01    4.9481809085E-02
    7.9999800000E-04    7.7616327530E-01   -9.6889125595E-02    7.2219190604E+01    4.9521691918E-02
    8.0399800000E-04    8.1472614692E-01    9.3792651473E-03    7.2636006691E+01    4.9612853266E-02
    8.0799800000E-04    8.7849806658E-01    9.2220060627E-02    7.3030202755E+01    4.9706044994E-02
    8.1199800000E-04    9.5002816308E-01    1.4416024426E-01    7.3399675343E+01    4.9940441988E-02
    8.1599800000E-04    1.0145025792E+00    1.6804351646E-01    7.3744643612E+01    5.0539366066E-02
    8.1999800000E-04    1.0668013999E+00    1.7153719260E-01    7.4065649184E+01    5.1619246091E-02
    8.2399800000E-04    1.1074953712E+00    1.6172507806E-01    7.4364747613E+01    5.3341817206E-02
    8.2799800000E-04    1.1382525139E+00    1.4514107730E-01    7.4644851768E+01    5.5895607546E-02
    8.3199800000E-04    1.1612038466E+00    1.2729718201E-01    7.4909154966E+01    5.8708335472E-02
    8.3599800000E-04    1.1770250830E+00    1.1137286867E-01    7.5161790739E+01    6.1209809437E-02
    8.3999800000E-04    1.1852364774E+00    9.5854522869E-02    7.5407119583E+01    6.3339308977E-02
    8.4399800000E-04    1.1874053835E+00    7.5433729160E-02    7.5649316515E+01    6.4320406011E-02
    8.4799800000E-04    1.1851080848E+00    4.9594241503E-02    7.5893170742E+01    6.4451960075E-02
    8.5199800000E-04    1.1777445084E+00    2.1286323052E-02    7.6144359991E+01    6.4166632909E-02
    8.5599800000E-04    1.1640217233E+00   -5.9950514483E-03    7.6407593654E+01    6.3776065968E-02
    8.5999800000E-04    1.1423150286E+00   -2.9818710289E-02    7.6686441948E+01    6.3723644624E-02
    8.6399800000E-04    1.1093915316E+00   -4.8986702304E-02    7.6983698511E+01    6.4312010490E-02
    8.6799800000E-04    1.0612800103E+00   -5.8753050821E-02    7.7302738677E+01    6.5494873869E-02
    8.7199800000E-04    9.9635540942E-01   -4.7843891964E-02    7.7646483407E+01    6.7075291459E-02
    8.7599800000E-04    9.2251133962E-01   -3.2812073340E-03    7.8014815991E+01    6.8516744012E-02
    8.7999800000E-04    8.6148162427E-01    7.6503755682E-02    7.8406483031E+01    6.9571433318E-02
    8.8399800000E-04    8.3308776593E-01    1.7752418566E-01    7.8818027177E+01    7.0430884782E-02
    8.8799800000E-04    8.4672495694E-01    2.7996615630E-01    7.9239279822E+01    7.1046125835E-02
    8.9199800000E-04    9.0075739074E-01    3.6340608474E-01    7.9654472419E+01    7.1306137322E-02
    8.9599800000E-04    9.8310701830E-01    4.1042254268E-01    8.0048778007E+01    7.0936214010E-02
    8.9999800000E-04    1.0752554637E+00    4.0972712582E-01    8.0413920570E+01    6.9634662402E-02
    9.0399800000E-04    1.1576562416E+00    3.6028872319E-01    8.0746856839E+01    6.7279119762E-02
    9.0799800000E-04    1.2181371345E+00    2.7103464782E-01    8.1048174506E+01    6.4250906255E-02
    9.1199800000E-04    1.2534718058E+00    1.5329556919E-01    8.1321203145E+01    6.1083957839E-02
    9.1599800000E-04    1.2670998128E+00    1.9055766701E-02    8.1572335017E+01    5.9039479323E-02
    9.1999800000E-04    1.2634953144E+00   -1.1791610598E-01    8.1818223378E+01    5.9710734269E-02
    9.2399800000E-04    1.2404745389E+00   -2.4411860280E-01    8.2079013644E+01    6.2124845241E-02
    9.2799800000E-04    1.1924535840E+00   -3.4782544012E-01    8.2364244045E+01    6.4586009948E-02
    9.3199800000E-04    1.1180483030E+00   -4.1892830244E-01    8.2677856017E+01    6.6517306449E-02
    9.3599800000E-04    1.0232601085E+00   -4.4674783985E-01    8.3022846072E+01    6.7646570522E-02
    9.3999800000E-04    9.2360391409E-01   -4.2507654748E-01    8.3399858819E+01    6.7995108063E-02
    9.4399800000E-04    8.3871155238E-01   -3.5835610813E-01    8.3806507468E+01    6.7947971585E-02
    9.4799800000E-04    7.8581132723E-01   -2.5897033895E-01    8.4233810918E+01    6.7830697050E-02
    9.5199800000E-04    7.7662826298E-01   -1.4472825575E-01    8.4665287916E+01    6.7906606268E-02
    9.5599800000E-04    8.1049258845E-01   -3.5684553386E-02    8.5083662887E+01    6.8055714244E-02
    9.5999800001E-04    8.7478328813E-01    5.0607991094E-02    8.5479054189E+01    6.8163950684E-02
    9.6399800001E-04    9.5073312906E-01    1.0335552314E-01    8.5848993445E+01    6.8288305489E-02
    9.6799800001E-04    1.0190113257E+00    1.2474474379E-01    8.6194074215E+01    6.8560775414E-02
    9.7199800001E-04    1.0714750772E+00    1.2588222646E-01    8.6515227243E+01    6.9155995718E-02
    9.7599800001E-04    1.1101108660E+00    1.1502140960E-01    8.6814692212E+01    7.0301076361E-02
    9.7999800001E-04    1.1382213500E+00    9.7125905003E-02    8.7095168641E+01    7.2419584655E-02
    9.8399800001E-04    1.1584001991E+00    7.6813383449E-02    8.7359475059E+01    7.5392762220E-02
    9.8799800001E-04    1.1726639220E+00    5.8952953758E-02    8.7611423026E+01    7.8114059324E-02
    9.9199800001E-04    1.1810714119E+00    4.5635064246E-02    8.7855799892E+01    7.9655771227E-02
    9.9599800001E-04    1.1824967450E+00    3.3376636728E-02    8.8097005404E+01    8.0521235978E-02
    9.9999800001E-04    1.1783498934E+00    1.6109899507E-02    8.8339300463E+01    7.9928855446E-02
    1.0039980000E-03    1.1699111535E+00   -6.4196642095E-03    8.8587377135E+01    7.8361766707E-02
    1.0079980000E-03    1.1560704929E+00   -3.0426343840E-02    8.8846473106E+01    7.6729470967E-02
    1.0119980000E-03    1.1350067268E+00   -5.1914125395E-02    8.9120499533E+01    7.5581999680E-02
    1.0159980000E-03    1.1040939900E+00   -6.8554195120E-02    8.9412185631E+01    7.5101776325E-02
    1.0199980000E-03    1.0587576351E+00   -7.8101561339E-02    8.9724280422E+01    7.5140378050E-02
    1.0239980000E-03    9.9475730217E-01   -7.2316615260E-02    9.0060018492E+01    7.5526980006E-02
    1.0279980000E-03    9.1709242941E-01   -3.5964249857E-02    9.0420925260E+01    7.5983607279E-02
    1.0319980000E-03    8.4630264306E-01    3.8190366739E-02    9.0807176306E+01    7.6294710639E-02
    1.0359980000E-03    8.0385982638E-01    1.3992477431E-01    9.1217094821E+01    7.6591473645E-02
    1.0399980000E-03    8.0373061000E-01    2.5078463654E-01    9.1642666801E+01    7.6785063807E-02
    1.0439980000E-03    8.4848652622E-01    3.4993836128E-01    9.2068012706E+01    7.7003580350E-02
    1.0479980000E-03    9.2783403105E-01    4.1841189045E-01    9.2476111494E+01    7.6983162079E-02
    1.0519980000E-03    1.0247217331E+00    4.4233144508E-01    9.2856232053E+01    7.6375822688E-02
    1.0559980000E-03    1.1187147381E+00    4.1599352082E-01    9.3204672231E+01    7.4816111835E-02
    1.0599980000E-03    1.1934795159E+00    3.4466846465E-01    9.3521109795E+01    7.2356763784E-02
    1.0639980000E-03    1.2422364294E+00    2.3896338033E-01    9.3808117343E+01    6.9383676830E-02
    1.0679980000E-03    1.2658908638E+00    1.0968012055E-01    9.4069605662E+01    6.6571893234E-02
    1.0719980000E-03    1.2701284040E+00   -3.0533343005E-02    9.4315491003E+01    6.5766939134E-02
    1.0759980000E-03    1.2571448668E+00   -1.6748949027E-01    9.4566700693E+01    6.7850421291E-02
    1.0799980000E-03    1.2219772391E+00   -2.8721983911E-01    9.4839846496E+01    7.1000088475E-02
    1.0839980000E-03    1.1607149018E+00   -3.7797883042E-01    9.5140915637E+01    7.3935029727E-02
    1.0879980000E-03    1.0761060098E+00   -4.2881302894E-01    9.5473207608E+01    7.6165819639E-02
    1.0919980000E-03    9.7974544293E-01   -4.3070877180E-01    9.5837738037E+01    7.7350135385E-02
    1.0959980000E-03    8.9132969074E-01   -3.8392569579E-01    9.6232332858E+01    7.7672654475E-02
    1.0999980000E-03    8.3008843903E-01   -2.9909351992E-01    9.6649732524E+01    7.7499661766E-02
    1.1039980000E-03    8.0986219407E-01   -1.9320388782E-01    9.7075256349E+01    7.7137268696E-02
    1.1079980000E-03    8.3440527891E-01   -8.6878645045E-02    9.7491816802E+01    7.6696008205E-02
    1.1119980000E-03    8.9464566480E-01   -4.1894342688E-04    9.7887744057E+01    7.6127777888E-02
    1.1159980000E-03    9.7196153265E-01    5.0571006672E-02    9.8259028284E+01    7.5446074412E-02
    1.1199980000E-03    1.0426154643E+00    6.5336769277E-02    9.8605175230E+01    7.4572061510E-02
    1.1239980000E-03    1.0946954675E+00    5.8560912837E-02    9.8926548559E+01    7.3958227867E-02
    1.1279980000E-03    1.1300462327E+00    4.2743627516E-02    9.9226065591E+01    7.3839945216E-02
    1.1319980000E-03    1.1536429107E+00    2.2170902976E-02    9.9507002439E+01    7.4327230066E-02
    1.1359980000E-03    1.1690988845E+00   -2.0858393427E-03    9.9771939391E+01    7.5262776361E-02
    1.1399980000E-03    1.1782850336E+00   -2.7310853825E-02    1.0002418655E+02    7.6284124439E-02
    1.1439980000E-03    1.1827447196E+00   -4.9523997818E-02    1.0026830815E+02    7.6953651561E-02
    1.1479980000E-03    1.1829814606E+00   -6.5701147949E-02    1.0050981401E+02    7.6380192698E-02
    1.1519980000E-03    1.1770455076E+00   -7.8077069412E-02    1.0075301426E+02    7.4694544449E-02
    1.1559980000E-03    1.1640045299E+00   -9.2691468921E-02    1.0100219128E+02    7.2393840640E-02
    1.1599980000E-03    1.1447802611E+00   -1.1089819541E-01    1.0126182640E+02    6.9356525705E-02
    1.1639980000E-03    1.1184697213E+00   -1.2920093870E-01    1.0153626857E+02    6.6578522698E-02
    1.1679980000E-03    1.0827229876E+00   -1.4233175233E-01    1.0182874931E+02    6.4811674375E-02
    1.1719980000E-03    1.0350661582E+00   -1.4478019333E-01    1.0214201953E+02    6.3822865015E-02
    1.1759980000E-03    9.7312003293E-01   -1.2994856911E-01    1.0247857639E+02    6.3249225556E-02
    1.1799980000E-03    8.9967245127E-01   -8.8422830315E-02    1.0283954685E+02    6.2984317652E-02
    1.1839980000E-03    8.2940115648E-01   -1.3842768012E-02    1.0322569238E+02    6.2797107036E-02
    1.1879980000E-03    7.8155894539E-01    8.8279701217E-02    1.0363626852E+02    6.2633187707E-02
    1.1919980000E-03    7.7168644801E-01    2.0330480681E-01    1.0406504682E+02    6.2442073572E-02
    1.1959980000E-03    8.0625319494E-01    3.1224108892E-01    1.0449722020E+02    6.2496121245E-02
    1.1999980000E-03    8.7872881894E-01    3.9600500720E-01    1.0491497637E+02    6.2649329659E-02
    1.2039980000E-03    9.7377995149E-01    4.3988064163E-01    1.0530583071E+02    6.2611117223E-02
    1.2079980000E-03    1.0730121962E+00    4.3552918616E-01    1.0566513594E+02    6.2040219179E-02
    1.2119980000E-03    1.1581451105E+00    3.8439845622E-01    1.0599253909E+02    6.0658626039E-02
    1.2159980000E-03    1.2187822277E+00    2.9633555181E-01    1.0629025864E+02    5.8630836146E-02
    1.2199980000E-03    1.2532122500E+00    1.8159447400E-01    1.0656183918E+02    5.6268505120E-02
    1.2239980000E-03    1.2655233548E+00    5.0426825627E-02    1.0681295560E+02    5.4609475123E-02
    1.2279980000E-03    1.2604739530E+00   -8.4729861381E-02    1.0705875280E+02    5.5383211691E-02
    1.2319980000E-03    1.2364787066E+00   -2.1041782214E-01    1.0731955160E+02    5.8146586906E-02
    1.2359980000E-03    1.1887278981E+00   -3.1384224292E-01    1.0760611996E+02    6.1251336523E-02
    1.2399980000E-03    1.1168991733E+00   -3.8355941041E-01    1.0792281582E+02    6.3943152561E-02
    1.2439980000E-03    1.0286290724E+00   -4.0850892563E-01    1.0827191261E+02    6.5765023122E-02
    1.2479980000E-03    9.4048134628E-01   -3.8417136030E-01    1.0865201279E+02    6.6562662219E-02
    1.2519980000E-03    8.7216912589E-01   -3.1732094067E-01    1.0905774192E+02    6.6580841171E-02
    1.2559980000E-03    8.3898619887E-01   -2.2267853481E-01    1.0947722580E+02    6.6095029864E-02
    1.2599980000E-03    8.4750823645E-01   -1.1944765460E-01    1.0989452504E+02    6.5310546466E-02
    1.2639980000E-03    8.9355507034E-01   -2.7773987558E-02    1.1029647102E+02    6.4270450734E-02
    1.2679980000E-03    9.6246009570E-01    3.4955233069E-02    1.1067676205E+02    6.2916215846E-02
    1.2719980000E-03    1.0320657244E+00    6.2084652574E-02    1.1103344589E+02    6.1181790524E-02
    1.2759980000E-03    1.0879539670E+00    6.1691507737E-02    1.1136516659E+02    5.9698151824E-02
    1.2799980000E-03    1.1280808610E+00    4.6151574168E-02    1.1167328052E+02    5.8745056312E-02
    1.2839980000E-03    1.1551950040E+00    2.3631910315E-02    1.1196117819E+02    5.8461485510E-02
    1.2879980000E-03    1.1729247831E+00   -3.1745915677E-03    1.1223190189E+02    5.8706019876E-02
    1.2919980000E-03    1.1835280680E+00   -3.2486635096E-02    1.1248855546E+02    5.9096322911E-02
    1.2959980000E-03    1.1883393157E+00   -6.1097410028E-02    1.1273537900E+02    5.9184219489E-02
    1.2999980000E-03    1.1884001242E+00   -8.5797579949E-02    1.1297777050E+02    5.8726423866E-02
    1.3039980000E-03    1.1831639997E+00   -1.0474415252E-01    1.1322128129E+02    5.7071631960E-02
    1.3079980000E-03    1.1706365478E+00   -1.2151896878E-01    1.1347030824E+02    5.4764082394E-02
    1.3119980000E-03    1.1505689341E+00   -1.3974612574E-01    1.1372916872E+02    5.2150003946E-02
    1.3159980000E-03    1.1231507479E+00   -1.5810243660E-01    1.1400227843E+02    4.9495763516E-02
    1.3199980000E-03    1.0867221175E+00   -1.7199101904E-01    1.1429316146E+02    4.7484074155E-02
    1.3239980000E-03    1.0393867715E+00   -1.7525615935E-01    1.1460489597E+02    4.6197724629E-02
    1.3279980000E-03    9.8016301009E-01   -1.6103109940E-01    1.1494003979E+02    4.5451166669E-02
    1.3319980000E-03    9.1101568919E-01   -1.2188905397E-01    1.1529964886E+02    4.5153398482E-02
    1.3359980000E-03    8.4266851295E-01   -5.2203696066E-02    1.1568385602E+02    4.5104304946E-02
    1.3399980000E-03    7.9219135785E-01    4.4954620567E-02    1.1609169496E+02    4.5112929181E-02
    1.3439980000E-03    7.7474240240E-01    1.5735431513E-01    1.1651790409E+02    4.5109420750E-02
    1.3479980000E-03    7.9849712411E-01    2.6771196534E-01    1.1694976005E+02    4.5256600969E-02
    1.3519980000E-03    8.6030216965E-01    3.5760600689E-01    1.1737054551E+02    4.5528259412E-02
    1.3559980000E-03    9.4764747823E-01    4.1181260017E-01    1.1776673675E+02    4.5682419061E-02
    1.3599980000E-03    1.0437341842E+00    4.2104888768E-01    1.1813224588E+02    4.5496482167E-02
    1.3639980000E-03    1.1310618999E+00    3.8404824783E-01    1.1846597168E+02    4.4675408857E-02
    1.3679980000E-03    1.1971361674E+00    3.0928205182E-01    1.1876971593E+02    4.3260030206E-02
    1.3719980000E-03    1.2381636602E+00    2.0741483791E-01    1.1904705719E+02    4.1434741289E-02
    1.3759980000E-03    1.2565561411E+00    8.7942420258E-02    1.1930273848E+02    3.9804405157E-02
    1.3799980000E-03    1.2569343861E+00   -3.8688230903E-02    1.1954791424E+02    3.9766372441E-02
    1.3839980000E-03    1.2398676979E+00   -1.6107570866E-01    1.1980154969E+02    4.1706235842E-02
    1.3879980000E-03    1.2013042643E+00   -2.6730253857E-01    1.2007743591E+02    4.4329773563E-02
    1.3919980000E-03    1.1390999916E+00   -3.4611439670E-01    1.2038140024E+02    4.6775608943E-02
    1.3959980000E-03    1.0577316077E+00   -3.8586839357E-01    1.2071679366E+02    4.8633403329E-02
    1.3999980000E-03    9.7029872163E-01   -3.7857325063E-01    1.2108394835E+02    4.9638015330E-02
    1.4039980000E-03    8.9507419492E-01   -3.2675197207E-01    1.2147932117E+02    4.9899487414E-02
    1.4079980000E-03    8.4849888197E-01   -2.4176627075E-01    1.2189414780E+02    4.9630700458E-02
    1.4119980000E-03    8.3979714053E-01   -1.4057001142E-01    1.2231408895E+02    4.9031855615E-02
    1.4159980000E-03    8.6881677182E-01   -4.2085053571E-02    1.2272489800E+02    4.8163845875E-02
    1.4199980000E-03    9.2597602333E-01    3.6048612723E-02    1.2311740311E+02    4.6994877129E-02
    1.4239980000E-03    9.9351670914E-01    8.2629774444E-02    1.2348786547E+02    4.5409099632E-02
    1.4279980000E-03    1.0550269180E+00    9.8043352921E-02    1.2383407558E+02    4.3929518871E-02
    1.4319980000E-03    1.1033876513E+00    9.1340601341E-02    1.2415552637E+02    4.2962681713E-02
    1.4359980000E-03    1.1384528978E+00    7.2016487036E-02    1.2445448197E+02    4.2641929578E-02
    1.4399980000E-03    1.1628436521E+00    4.5504625175E-02    1.2473413019E+02    4.2972799990E-02
    1.4439980000E-03    1.1789831022E+00    1.4934727219E-02    1.2499748915E+02    4.3779237495E-02
    1.4479980000E-03    1.1885575910E+00   -1.6328425450E-02    1.2524840920E+02    4.4588326386E-02
    1.4519980000E-03    1.1926061047E+00   -4.5173656324E-02    1.2549214543E+02    4.4862999331E-02
    1.4559980000E-03    1.1906220658E+00   -6.9716844663E-02    1.2573455031E+02    4.3932693939E-02
    1.4599980000E-03    1.1811350150E+00   -9.2303734827E-02    1.2598076229E+02    4.2309247496E-02
    1.4639980000E-03    1.1641375663E+00   -1.1578117574E-01    1.2623567479E+02    4.0208161134E-02
    1.4679980000E-03    1.1399634946E+00   -1.3909817240E-01    1.2650403497E+02    3.7932486505E-02
    1.4719980000E-03    1.1071574483E+00   -1.5852421965E-01    1.2678964911E+02    3.6164398226E-02
    1.4759980000E-03    1.0638313526E+00   -1.6848290530E-01    1.2709567205E+02    3.5119770930E-02
    1.4799980000E-03    1.0088645026E+00   -1.6249125778E-01    1.2742489658E+02    3.4681733125E-02
    1.4839980000E-03    9.4330032012E-01   -1.3324905979E-01    1.2777876737E+02    3.4736339198E-02
    1.4879980000E-03    8.7552801917E-01   -7.4214119056E-02    1.2815711135E+02    3.5041950027E-02
    1.4919980000E-03    8.2128800370E-01    1.3744975235E-02    1.2855853121E+02    3.5374992590E-02
    1.4959980000E-03    7.9587397264E-01    1.2006512774E-01    1.2897850094E+02    3.5687443254E-02
    1.4999980000E-03    8.0840366403E-01    2.2840649236E-01    1.2940650566E+02    3.5993760263E-02
    1.5039980000E-03    8.5852946824E-01    3.2078155542E-01    1.2982742235E+02    3.6301845676E-02
    1.5079980000E-03    9.3673251948E-01    3.8126576942E-01    1.3022715602E+02    3.6421634715E-02
    1.5119980000E-03    1.0274767651E+00    3.9940938155E-01    1.3059783748E+02    3.6191504867E-02
    1.5159980000E-03    1.1137608355E+00    3.7209609581E-01    1.3093701665E+02    3.5401988810E-02
    1.5199980000E-03    1.1820989022E+00    3.0596790176E-01    1.3124565989E+02    3.4072157915E-02
    1.5239980000E-03    1.2269466195E+00    2.1207176322E-01    1.3152716631E+02    3.2377161979E-02
    1.5279980000E-03    1.2494221115E+00    1.0032365855E-01    1.3178610315E+02    3.0762823108E-02
    1.5319980000E-03    1.2536160921E+00   -1.9519037475E-02    1.3203192037E+02    3.0320300973E-02
    1.5359980000E-03    1.2410382886E+00   -1.3753296904E-01    1.3228195215E+02    3.1633823177E-02
    1.5399980000E-03    1.2084310233E+00   -2.4327515544E-01    1.3255102499E+02    3.3717763323E-02
    1.5439980000E-03    1.1527916286E+00   -3.2617085651E-01    1.3284600797E+02    3.5723101651E-02
    1.5479980000E-03    1.0763017345E+00   -3.7501897679E-01    1.3317083636E+02    3.7296575878E-02
    1.5519980000E-03    9.8916641051E-01   -3.7990514096E-01    1.3352737191E+02    3.8214212155E-02
    1.5559980000E-03    9.0779434327E-01   -3.3981581896E-01    1.3391385526E+02    3.8521794798E-02
    1.5599980000E-03    8.4909942680E-01   -2.6283026294E-01    1.3432419678E+02    3.8379508873E-02
    1.5639980000E-03    8.2484371449E-01   -1.6351219049E-01    1.3474615203E+02    3.7980609007E-02
    1.5679980000E-03    8.3837525429E-01   -5.9654072497E-02    1.3516501912E+02    3.7397311212E-02
    1.5719980000E-03    8.8409312438E-01    3.0999543569E-02    1.3556898853E+02    3.6656362904E-02
    1.5759980000E-03    9.4812358986E-01    9.4832276100E-02    1.3595208114E+02    3.5638361005E-02
    1.5799980000E-03    1.0137151534E+00    1.2717965162E-01    1.3631153074E+02    3.4571002654E-02
    1.5839980000E-03    1.0696838569E+00    1.3324859428E-01    1.3664615730E+02    3.3922506593E-02
    1.5879980000E-03    1.1130185821E+00    1.2181822326E-01    1.3695686303E+02    3.3888300363E-02
    1.5919980000E-03    1.1450555299E+00    9.9576234742E-02    1.3724638100E+02    3.4545780798E-02
    1.5959980000E-03    1.1677778257E+00    7.1378103980E-02    1.3751774832E+02    3.5888813904E-02
    1.5999980000E-03    1.1831115504E+00    4.1397824651E-02    1.3777441526E+02    3.7486014712E-02
    1.6039980000E-03    1.1921815132E+00    1.2671145336E-02    1.3802114001E+02    3.8542302010E-02
    1.6079980000E-03    1.1943952491E+00   -1.3629243692E-02    1.3826350785E+02    3.8571414065E-02
    1.6119980000E-03    1.1889695525E+00   -3.9908106762E-02    1.3850702285E+02    3.7979332634E-02
    1.6159980000E-03    1.1766458890E+00   -6.8061714921E-02    1.3875712387E+02    3.6487669448E-02
    1.6199980000E-03    1.1577044573E+00   -9.6590252533E-02    1.3901914791E+02    3.4671659682E-02
    1.6239980000E-03    1.1306828349E+00   -1.2210830191E-01    1.3929731192E+02    3.3296802351E-02
    1.6279980000E-03    1.0936316256E+00   -1.3988735753E-01    1.3959484759E+02    3.2655692156E-02
    1.6319980000E-03    1.0448401515E+00   -1.4433565522E-01    1.3991473804E+02    3.2682876569E-02
    1.6359980000E-03    9.8404311307E-01   -1.2809847989E-01    1.4025914951E+02    3.3274377095E-02
    1.6399980000E-03    9.1699696062E-01   -8.3110663144E-02    1.4062816515E+02    3.4152550996E-02
    1.6439980000E-03    8.5762416907E-01   -7.3473332396E-03    1.4102024541E+02    3.4901476596E-02
    1.6479980000E-03    8.2231632244E-01    9.1017077993E-02    1.4143179528E+02    3.5485393164E-02
    1.6519980000E-03    8.2222189431E-01    1.9655530760E-01    1.4185467865E+02    3.5954301218E-02
    1.6559980000E-03    8.5973175844E-01    2.9130056162E-01    1.4227538557E+02    3.6280849497E-02
    1.6599980000E-03    9.2844672365E-01    3.5827517871E-01    1.4267935892E+02    3.6336261710E-02
    1.6639980000E-03    1.0142835467E+00    3.8508453250E-01    1.4305656429E+02    3.5946833877E-02
    1.6679980000E-03    1.1000991859E+00    3.6638648110E-01    1.4340280269E+02    3.4955153701E-02
    1.6719980000E-03    1.1710587603E+00    3.0661156007E-01    1.4371773946E+02    3.3387009055E-02
    1.6759980000E-03    1.2197129655E+00    2.1673521412E-01    1.4400420170E+02    3.1466830188E-02
    1.6799980000E-03    1.2458948321E+00    1.0746628328E-01    1.4426659350E+02    2.9610252677E-02
    1.6839980000E-03    1.2533099452E+00   -1.0933412114E-02    1.4451350875E+02    2.8803636612E-02
    1.6879980000E-03    1.2441354891E+00   -1.2853646378E-01    1.4476153934E+02    2.9722376563E-02
    1.6919980000E-03    1.2156490338E+00   -2.3557463188E-01    1.4502626584E+02    3.1473793049E-02
    1.6959980000E-03    1.1642421109E+00   -3.2221568411E-01    1.4531521522E+02    3.3155947441E-02
    1.6999980000E-03    1.0905113293E+00   -3.7799204400E-01    1.4563257062E+02    3.4438118224E-02
    1.7039980000E-03    1.0024870886E+00   -3.9220542652E-01    1.4598113490E+02    3.5149335599E-02
    1.7079980000E-03    9.1524673542E-01   -3.6114011145E-01    1.4636070220E+02    3.5337412274E-02
    1.7119980000E-03    8.4581937855E-01   -2.9042380745E-01    1.4676725553E+02    3.5179219272E-02
    1.7159980000E-03    8.0808188638E-01   -1.9254890459E-01    1.4719065263E+02    3.4850440192E-02
    1.7199980000E-03    8.0854962331E-01   -8.4449776740E-02    1.4761606083E+02    3.4477937494E-02
    1.7239980000E-03    8.4449516309E-01    1.6019410188E-02    1.4802961570E+02    3.4060643889E-02
    1.7279980000E-03    9.0455156024E-01    9.3808340237E-02    1.4842306173E+02    3.3585932012E-02
    1.7319980000E-03    9.7249991521E-01    1.4110377185E-01    1.4879298651E+02    3.3125821305E-02
    1.7359980000E-03    1.0343697654E+00    1.6014026209E-01    1.4913827534E+02    3.2983119404E-02
    1.7399980000E-03    1.0846345032E+00    1.5846555508E-01    1.4945911618E+02    3.3393234609E-02
    1.7439980000E-03    1.1234496082E+00    1.4311127517E-01    1.4975756288E+02    3.4459539058E-02
    1.7479980000E-03    1.1522642164E+00    1.2014998515E-01    1.5003660080E+02    3.6256632212E-02
    1.7519980000E-03    1.1730568074E+00    9.4553955336E-02    1.5029946951E+02    3.8393563236E-02
    1.7559980000E-03    1.1869159908E+00    6.9418218528E-02    1.5055040782E+02    4.0138835162E-02
    1.7599980000E-03    1.1932560694E+00    4.5183386925E-02    1.5079442372E+02    4.1302551497E-02
    1.7639980000E-03    1.1922112425E+00    1.8796123281E-02    1.5103670640E+02    4.1660483469E-02
    1.7679980000E-03    1.1850947750E+00   -1.1140458492E-02    1.5128265905E+02    4.0892059416E-02
    1.7719980000E-03    1.1720650902E+00   -4.2431159008E-02    1.5153811575E+02    3.9749935919E-02
    1.7759980000E-03    1.1518042531E+00   -7.1787826368E-02    1.5180784377E+02    3.8850334065E-02
    1.7799980000E-03    1.1224093906E+00   -9.5623485510E-02    1.5209529352E+02    3.8571660346E-02
    1.7839980000E-03    1.0814749092E+00   -1.0987308539E-01    1.5240348589E+02    3.8965103170E-02
    1.7879980000E-03    1.0272095604E+00   -1.0769834279E-01    1.5273540038E+02    3.9973154032E-02
    1.7919980000E-03    9.6218705184E-01   -7.9410389625E-02    1.5309219242E+02    4.1405487030E-02
    1.7959980000E-03    8.9720040801E-01   -1.8947937452E-02    1.5347251880E+02    4.2735542912E-02
    1.7999980000E-03    8.4975936608E-01    6.9364620048E-02    1.5387370681E+02    4.3678439688E-02
    1.8039980000E-03    8.3468911971E-01    1.7156616330E-01    1.5429025751E+02    4.4387754529E-02
    1.8079980000E-03    8.5787311769E-01    2.6947744784E-01    1.5471065624E+02    4.4841567063E-02
    1.8119980000E-03    9.1612814146E-01    3.4483326873E-01    1.5512010074E+02    4.4951016886E-02
    1.8159980000E-03    9.9741873795E-01    3.8263159807E-01    1.5550603400E+02    4.4507538909E-02
    1.8199980000E-03    1.0843188945E+00    3.7446770175E-01    1.5586205099E+02    4.3328281759E-02
    1.8239980000E-03    1.1599729093E+00    3.2162433916E-01    1.5618610642E+02    4.1410148720E-02
    1.8279980000E-03    1.2142756807E+00    2.3433248522E-01    1.5647994955E+02    3.9050817806E-02
    1.8319980000E-03    1.2453468201E+00    1.2397355860E-01    1.5674755736E+02    3.6695701658E-02
    1.8359980000E-03    1.2565135950E+00    1.6832212237E-03    1.5699651027E+02    3.5364285475E-02
    1.8399980000E-03    1.2508459476E+00   -1.2125189988E-01    1.5724303989E+02    3.5999987433E-02
    1.8439980000E-03    1.2261356312E+00   -2.3422087031E-01    1.5750433505E+02    3.7717844607E-02
    1.8479980000E-03    1.1780559295E+00   -3.2740536830E-01    1.5778886857E+02    3.9384126626E-02
    1.8519980000E-03    1.1058289325E+00   -3.9107414842E-01    1.5810086375E+02    4.0604086474E-02
    1.8559980000E-03    1.0157669769E+00   -4.1430169264E-01    1.5844360486E+02    4.1224258761E-02
    1.8599980000E-03    9.2231100559E-01   -3.9119731474E-01    1.5881800043E+02    4.1298151675E-02
    1.8639980000E-03    8.4283384755E-01   -3.2575112212E-01    1.5922163909E+02    4.1093565739E-02
    1.8679980000E-03    7.9298363247E-01   -2.2903471754E-01    1.5964621081E+02    4.0803586776E-02
    1.8719980000E-03    7.8241426736E-01   -1.1745645877E-01    1.6007682393E+02    4.0629690132E-02
    1.8759980000E-03    8.1071714524E-01   -9.2958446643E-03    1.6049772294E+02    4.0515762467E-02
    1.8799980000E-03    8.6753093106E-01    7.9413716664E-02    1.6089861485E+02    4.0392081055E-02
    1.8839980000E-03    9.3688875820E-01    1.3879503272E-01    1.6127565583E+02    4.0369780596E-02
    1.8879980000E-03    1.0030510178E+00    1.6878995761E-01    1.6162813962E+02    4.0663769038E-02
    1.8919980000E-03    1.0583113165E+00    1.7610495418E-01    1.6195617513E+02    4.1452277518E-02
    1.8959980000E-03    1.1019978163E+00    1.6792594038E-01    1.6226132584E+02    4.2827293129E-02
    1.8999980000E-03    1.1352853367E+00    1.5093254220E-01    1.6254641713E+02    4.4950034068E-02
    1.9039980000E-03    1.1601644340E+00    1.3077866427E-01    1.6281459752E+02    4.7506562974E-02
    1.9079980000E-03    1.1777676363E+00    1.1113530585E-01    1.6306974984E+02    4.9883877889E-02
    1.9119980000E-03    1.1876304275E+00    9.2098343015E-02    1.6331638082E+02    5.1925857707E-02
    1.9159980000E-03    1.1905375600E+00    6.9536652707E-02    1.6355897518E+02    5.3056325110E-02
    1.9199980000E-03    1.1882096202E+00    4.1856487022E-02    1.6380240555E+02    5.3139989842E-02
    1.9239980000E-03    1.1806863912E+00    1.1494316650E-02    1.6405251002E+02    5.2767311060E-02
    1.9279980000E-03    1.1667898772E+00   -1.8269297849E-02    1.6431438615E+02    5.2287846261E-02
    1.9319980000E-03    1.1449625044E+00   -4.4482244364E-02    1.6459189143E+02    5.2169673621E-02
    1.9359980000E-03    1.1125031193E+00   -6.5017578634E-02    1.6488797999E+02    5.2678473887E-02
    1.9399980000E-03    1.0661525614E+00   -7.5071625438E-02    1.6520592750E+02    5.3827892890E-02
    1.9439980000E-03    1.0050140786E+00   -6.4599201033E-02    1.6554848122E+02    5.5468857751E-02
    1.9479980000E-03    9.3516951315E-01   -2.2725906672E-02    1.6591548544E+02    5.7183690667E-02
    1.9519980000E-03    8.7435840427E-01    5.2780688457E-02    1.6630504801E+02    5.8438265454E-02
    1.9559980000E-03    8.4226297443E-01    1.5054734367E-01    1.6671400884E+02    5.9402864708E-02
    1.9599980000E-03    8.4926132107E-01    2.5213603659E-01    1.6713349203E+02    6.0081560234E-02
    1.9639980000E-03    8.9577265729E-01    3.3781852711E-01    1.6754893992E+02    6.0397090024E-02
    1.9679980000E-03    9.7207466887E-01    3.8996759090E-01    1.6794545565E+02    6.0118378119E-02
    1.9719980000E-03    1.0611115959E+00    3.9655100734E-01    1.6831383405E+02    5.8994251395E-02
    1.9759980000E-03    1.1437374388E+00    3.5482234471E-01    1.6865032311E+02    5.6890991649E-02
    1.9799980000E-03    1.2065265668E+00    2.7279662728E-01    1.6895501410E+02    5.4124118941E-02
    1.9839980000E-03    1.2450120673E+00    1.6204206254E-01    1.6923112074E+02    5.1169486431E-02
    1.9879980000E-03    1.2616018578E+00    3.4165166091E-02    1.6948448880E+02    4.9034786247E-02
    1.9919980000E-03    1.2606757648E+00   -9.7958709977E-02    1.6972976774E+02    4.9205838986E-02
    1.9959980000E-03    1.2412700226E+00   -2.2177026418E-01    1.6998678273E+02    5.1128769928E-02
    1.9999980000E-03    1.1982187394E+00   -3.2608108468E-01    1.7026642722E+02    5.3207582703E-02
