 sig=    1.000000000000000      inputfile=
 /home/rjrj524/Finished/vmec_gc_tracer/revised_251128/nc/wout_pwO_nfp2_A6.nc                                                                                                                             
 dt=   2.0000000000000001E-009
 steps=      1000000
 x0=   5.9999999999999998E-002    0.000000000000000      
    6.410000000000000     
 u=    143000.0000000000     
 v_perp=    135000.0000000000     
 
time(s)         x0(1)       x0(2)        x0(3)      r
    3.9980000000E-06    1.1629541360E+00   -9.4169957414E-02    6.8532690637E+00    5.5557025543E-02
    7.9980000000E-06    1.1220883765E+00   -1.2771341447E-01    7.3245813957E+00    5.0315248346E-02
    1.1998000000E-05    1.0559435208E+00   -1.4199104538E-01    7.8379263561E+00    4.8061443601E-02
    1.5998000000E-05    9.5782361839E-01   -1.1238931687E-01    8.4009005112E+00    4.7983577327E-02
    1.9998000000E-05    8.5019394850E-01   -9.8959500739E-03    9.0146220396E+00    4.8760416862E-02
    2.3998000000E-05    7.9818758858E-01    1.5324642529E-01    9.6729287429E+00    4.9513370141E-02
    2.7998000000E-05    8.4197630651E-01    3.1592836463E-01    1.0344214145E+01    5.0172568637E-02
    3.1998000000E-05    9.6489744805E-01    4.1147734510E-01    1.0975950765E+01    5.0266403859E-02
    3.5998000000E-05    1.1089871189E+00    3.9792415723E-01    1.1539779074E+01    4.8768738028E-02
    3.9998000000E-05    1.2138831790E+00    2.7909637891E-01    1.2036693771E+01    4.5268208104E-02
    4.3998000000E-05    1.2571447701E+00    8.9067138820E-02    1.2480786685E+01    4.1262793174E-02
    4.7998000000E-05    1.2482053105E+00   -1.2482981967E-01    1.2904959983E+01    4.2753289227E-02
    5.1998000000E-05    1.1846348172E+00   -2.9810047761E-01    1.3365741800E+01    4.8545812076E-02
    5.5998000000E-05    1.0670293359E+00   -3.8413811234E-01    1.3888760838E+01    5.3427661614E-02
    5.9998000000E-05    9.3765783581E-01   -3.5548256756E-01    1.4480281292E+01    5.5537188296E-02
    6.3998000000E-05    8.6191109637E-01   -2.3337978941E-01    1.5124097008E+01    5.5217021191E-02
    6.7998000000E-05    8.7601453089E-01   -7.7945544894E-02    1.5776185267E+01    5.3346848620E-02
    7.1998000000E-05    9.6270830916E-01    4.1888812376E-02    1.6397561788E+01    4.9912125254E-02
    7.5998000000E-05    1.0609261109E+00    8.5147636928E-02    1.6973451064E+01    4.5684391286E-02
    7.9998000000E-05    1.1314562162E+00    6.8194839208E-02    1.7498098361E+01    4.3159858874E-02
    8.3998000000E-05    1.1715834307E+00    2.4702540973E-02    1.7979286765E+01    4.3110943045E-02
    8.7998000000E-05    1.1900837089E+00   -2.8786937509E-02    1.8428307546E+01    4.4275135851E-02
    9.1998000000E-05    1.1916884793E+00   -7.5928906444E-02    1.8862354032E+01    4.3462191985E-02
    9.5998000000E-05    1.1721811378E+00   -1.1374323805E-01    1.9302818033E+01    3.9404719385E-02
    9.9998000000E-05    1.1310486478E+00   -1.5069179743E-01    1.9768571402E+01    3.4568217427E-02
    1.0399800000E-04    1.0655631616E+00   -1.7058909904E-01    2.0275889052E+01    3.1833661102E-02
    1.0799800000E-04    9.7268176473E-01   -1.4680393565E-01    2.0833544711E+01    3.1515520140E-02
    1.1199800000E-04    8.6923492571E-01   -5.4622112009E-02    2.1442248720E+01    3.2505937637E-02
    1.1599800000E-04    8.0847794811E-01    9.9876253902E-02    2.2095145198E+01    3.3455691169E-02
    1.1999800000E-04    8.3327669286E-01    2.6479669088E-01    2.2765945183E+01    3.4221642953E-02
    1.2399800000E-04    9.3912190629E-01    3.7574920635E-01    2.3406419862E+01    3.4541811075E-02
    1.2799800000E-04    1.0778984324E+00    3.8676848548E-01    2.3983073273E+01    3.3718823215E-02
    1.3199800000E-04    1.1901010725E+00    2.9277157661E-01    2.4492065802E+01    3.1294686319E-02
    1.3599800000E-04    1.2451286711E+00    1.2644561226E-01    2.4945989265E+01    2.8042433710E-02
    1.3999800000E-04    1.2474841964E+00   -7.1729642284E-02    2.5370799594E+01    2.7934349033E-02
    1.4399800000E-04    1.1992119309E+00   -2.4780364877E-01    2.5819276061E+01    3.2361610968E-02
    1.4799800000E-04    1.0960639462E+00   -3.5319421621E-01    2.6324468821E+01    3.6820543933E-02
    1.5199800000E-04    9.6796474153E-01   -3.5236059476E-01    2.6897434079E+01    3.9366399594E-02
    1.5599800000E-04    8.7530607084E-01   -2.5110267430E-01    2.7529380227E+01    3.9742174963E-02
    1.5999800000E-04    8.6206601289E-01   -9.8987749868E-02    2.8184463354E+01    3.8597952799E-02
    1.6399800000E-04    9.2576483657E-01    3.9407177200E-02    2.8820464576E+01    3.5891808682E-02
    1.6799800000E-04    1.0215080293E+00    1.1315007522E-01    2.9415975513E+01    3.2036919525E-02
    1.7199800000E-04    1.1043792306E+00    1.1586984427E-01    2.9960585511E+01    2.9359131127E-02
    1.7599800000E-04    1.1582807893E+00    7.7401438486E-02    3.0456641803E+01    2.9090695822E-02
    1.7999800000E-04    1.1874207245E+00    2.2152835522E-02    3.0914816292E+01    3.0938865366E-02
    1.8399800000E-04    1.1972602492E+00   -3.2909475297E-02    3.1350506183E+01    3.1755182819E-02
    1.8799800000E-04    1.1848173556E+00   -8.1803688759E-02    3.1786292241E+01    2.9404955989E-02
    1.9199800000E-04    1.1502519038E+00   -1.2922389621E-01    3.2243410039E+01    2.5585199027E-02
    1.9599800000E-04    1.0916766093E+00   -1.6229356193E-01    3.2739506792E+01    2.3445234648E-02
    1.9999800000E-04    1.0060126723E+00   -1.5515721577E-01    3.3284873886E+01    2.3869370264E-02
    2.0399800000E-04    9.0617185360E-01   -8.1592391302E-02    3.3881941796E+01    2.5915862027E-02
    2.0799800000E-04    8.3604058210E-01    5.8265510361E-02    3.4523225483E+01    2.7560730823E-02
    2.1199800000E-04    8.4099348613E-01    2.1991880489E-01    3.5187492568E+01    2.8476215387E-02
    2.1599800000E-04    9.2742074616E-01    3.4070464276E-01    3.5832374665E+01    2.8664799651E-02
    2.1999800000E-04    1.0575688269E+00    3.6967728809E-01    3.6419966463E+01    2.7626598610E-02
    2.2399800000E-04    1.1726996446E+00    2.9326509496E-01    3.6939891536E+01    2.5090032123E-02
    2.2799800000E-04    1.2359351356E+00    1.4093083170E-01    3.7401681433E+01    2.1813254177E-02
    2.3199800000E-04    1.2466353724E+00   -4.6561476307E-02    3.7828634397E+01    2.0766178969E-02
    2.3599800000E-04    1.2088415949E+00   -2.2160800561E-01    3.8269843733E+01    2.3940266453E-02
    2.3999800000E-04    1.1161168590E+00   -3.3853703624E-01    3.8761849847E+01    2.7515419999E-02
    2.4399800000E-04    9.8845188809E-01   -3.5871771925E-01    3.9319536847E+01    2.9772736156E-02
    2.4799800000E-04    8.8015615850E-01   -2.7516407136E-01    3.9941081885E+01    3.0343917335E-02
    2.5199800000E-04    8.4216719786E-01   -1.2666989247E-01    4.0598865244E+01    2.9718968637E-02
    2.5599800000E-04    8.8551692124E-01    2.5483168385E-02    4.1248876955E+01    2.8032016613E-02
    2.5999800000E-04    9.7751898034E-01    1.2537838252E-01    4.1862251944E+01    2.5166021793E-02
    2.6399800000E-04    1.0699134521E+00    1.5230246393E-01    4.2426279053E+01    2.3016782518E-02
    2.6799800000E-04    1.1369560888E+00    1.2737743907E-01    4.2939009527E+01    2.3148355770E-02
    2.7199800000E-04    1.1776334823E+00    7.8018620082E-02    4.3408771766E+01    2.5798873673E-02
    2.7599800000E-04    1.1969980471E+00    2.4270186246E-02    4.3849463281E+01    2.8213712559E-02
    2.7999800000E-04    1.1932263109E+00   -2.8941111689E-02    4.4282605484E+01    2.7975213321E-02
    2.8399800000E-04    1.1682197884E+00   -8.4423241293E-02    4.4730793770E+01    2.5272763350E-02
    2.8799800000E-04    1.1205547231E+00   -1.2967615088E-01    4.5213380806E+01    2.3855860078E-02
    2.9199800000E-04    1.0451038742E+00   -1.4216852563E-01    4.5742019668E+01    2.4998533478E-02
    2.9599800000E-04    9.4923616316E-01   -9.2577642647E-02    4.6322683707E+01    2.8023676419E-02
    2.9999800000E-04    8.6867755430E-01    2.8838093769E-02    4.6948962823E+01    3.0870538720E-02
    3.0399800000E-04    8.5173200512E-01    1.8539318253E-01    4.7604161974E+01    3.2276935695E-02
    3.0799800000E-04    9.1733003715E-01    3.1578231885E-01    4.8252508324E+01    3.2503058052E-02
    3.1199800000E-04    1.0389026423E+00    3.6288337086E-01    4.8852032613E+01    3.1179841020E-02
    3.1599800000E-04    1.1581407232E+00    3.0208428197E-01    4.9384595004E+01    2.8001561922E-02
    3.1999800000E-04    1.2302906768E+00    1.5650107605E-01    4.9855039019E+01    2.3940311974E-02
    3.2399800000E-04    1.2488278717E+00   -3.1283586698E-02    5.0284348530E+01    2.1865166830E-02
    3.2799800000E-04    1.2191592036E+00   -2.1173064496E-01    5.0720382136E+01    2.4318458399E-02
    3.3199800000E-04    1.1335280978E+00   -3.4002288403E-01    5.1202496720E+01    2.7315146161E-02
    3.3599800000E-04    1.0045743349E+00   -3.7786172076E-01    5.1747849935E+01    2.9099370186E-02
    3.3999800000E-04    8.8183562663E-01   -3.0930676287E-01    5.2360413584E+01    2.9449756592E-02
    3.4399800000E-04    8.2166367761E-01   -1.6430319809E-01    5.3020062941E+01    2.8891421301E-02
    3.4799800000E-04    8.4749119292E-01   -1.4934654385E-03    5.3682077490E+01    2.7840353938E-02
    3.5199800000E-04    9.3623249196E-01    1.1883770861E-01    5.4309953995E+01    2.6235389248E-02
    3.5599800000E-04    1.0357099975E+00    1.6748249405E-01    5.4889396096E+01    2.5013633197E-02
    3.5999800000E-04    1.1124776590E+00    1.5913320974E-01    5.5416852854E+01    2.5918838579E-02
    3.6399800000E-04    1.1625511845E+00    1.2101234957E-01    5.5897954266E+01    2.9388360031E-02
    3.6799800000E-04    1.1904667728E+00    7.5940418847E-02    5.6345546000E+01    3.3285859084E-02
    3.7199800000E-04    1.1952890257E+00    2.7810002079E-02    5.6779086459E+01    3.5105154352E-02
    3.7599800000E-04    1.1805485225E+00   -2.8427881030E-02    5.7219919064E+01    3.3725276836E-02
    3.7999800000E-04    1.1457319384E+00   -7.9797586697E-02    5.7688931272E+01    3.2717592156E-02
    3.8399800000E-04    1.0837839320E+00   -1.0880777375E-01    5.8198945992E+01    3.4098293173E-02
    3.8799800000E-04    9.9374432799E-01   -8.6882139504E-02    5.8759530309E+01    3.7642947967E-02
    3.9199800000E-04    9.0107975821E-01    1.0366062208E-02    5.9368474990E+01    4.1555902991E-02
    3.9599800000E-04    8.5879956934E-01    1.5988725919E-01    6.0013210209E+01    4.3803405837E-02
    3.9999800000E-04    9.0138692232E-01    3.0134938800E-01    6.0665224633E+01    4.4557145942E-02
    4.0399800000E-04    1.0141424013E+00    3.7077442926E-01    6.1279202943E+01    4.3460981022E-02
    4.0799800000E-04    1.1403617673E+00    3.3017302885E-01    6.1828169984E+01    3.9858564459E-02
    4.1199800000E-04    1.2254277401E+00    1.9161508583E-01    6.2311087860E+01    3.4727187258E-02
    4.1599800000E-04    1.2542233101E+00   -3.5257395873E-03    6.2744818008E+01    3.1131807914E-02
    4.1999800000E-04    1.2336793155E+00   -2.0013280010E-01    6.3175146624E+01    3.3269912501E-02
    4.2399800000E-04    1.1555503290E+00   -3.4631884983E-01    6.3647789732E+01    3.6587819101E-02
    4.2799800000E-04    1.0254140998E+00   -4.0466576665E-01    6.4181544429E+01    3.8491493357E-02
    4.3199800000E-04    8.8915338956E-01   -3.5247055103E-01    6.4784591673E+01    3.8762793728E-02
    4.3599800000E-04    8.0811596264E-01   -2.1287000245E-01    6.5443536450E+01    3.8174623840E-02
    4.3999800000E-04    8.1805366943E-01   -4.2551490518E-02    6.6113843529E+01    3.7407126842E-02
    4.4399800000E-04    9.0385760121E-01    9.3529868651E-02    6.6751676330E+01    3.6537657628E-02
    4.4799800000E-04    1.0095269131E+00    1.5781541493E-01    6.7340993003E+01    3.6054574849E-02
    4.5199800000E-04    1.0920076854E+00    1.6272362617E-01    6.7878864523E+01    3.7391521575E-02
    4.5599800000E-04    1.1470315296E+00    1.3506301629E-01    6.8369258157E+01    4.1394532865E-02
    4.5999800000E-04    1.1801427361E+00    9.9734729045E-02    6.8823522933E+01    4.6484874036E-02
    4.6399800000E-04    1.1912590050E+00    6.4117604961E-02    6.9259891739E+01    4.9894174590E-02
    4.6799800000E-04    1.1843059302E+00    1.5735239522E-02    6.9696914673E+01    4.9572175826E-02
    4.7199800000E-04    1.1601037848E+00   -3.3764690086E-02    7.0155646854E+01    4.8472678064E-02
    4.7599800000E-04    1.1117105367E+00   -6.9172686900E-02    7.0650066957E+01    4.9253754769E-02
    4.7999800000E-04    1.0298187997E+00   -7.0985137780E-02    7.1191039652E+01    5.2419554847E-02
    4.8399800000E-04    9.2524232877E-01   -2.2962714721E-03    7.1782872579E+01    5.6527758626E-02
    4.8799800000E-04    8.5569673769E-01    1.3773249834E-01    7.2417780775E+01    5.9215445727E-02
    4.9199800000E-04    8.7424144836E-01    2.9136796549E-01    7.3074121337E+01    6.0647452341E-02
    4.9599800000E-04    9.7765851533E-01    3.8769457782E-01    7.3704778723E+01    6.0323051535E-02
    4.9999800000E-04    1.1127458274E+00    3.7614544085E-01    7.4273599141E+01    5.7191999082E-02
    5.0399800000E-04    1.2155068161E+00    2.5415354593E-01    7.4773936651E+01    5.1571828964E-02
    5.0799800000E-04    1.2591598132E+00    5.7096432566E-02    7.5217553903E+01    4.6172357641E-02
    5.1199800000E-04    1.2511275946E+00   -1.6067455961E-01    7.5641725773E+01    4.7431761678E-02
    5.1599800000E-04    1.1862007549E+00   -3.3346729424E-01    7.6102382241E+01    5.2140438815E-02
    5.1999800000E-04    1.0618503135E+00   -4.2029881521E-01    7.6622346784E+01    5.5475241407E-02
    5.2399800000E-04    9.1698275996E-01   -3.9301275894E-01    7.7211922957E+01    5.6526542917E-02
    5.2799800000E-04    8.1777739267E-01   -2.6668436321E-01    7.7863055976E+01    5.6159251694E-02
    5.3199800000E-04    8.1219942526E-01   -9.6306398776E-02    7.8533773739E+01    5.5416669013E-02
    5.3599800000E-04    8.9510711948E-01    4.7479605919E-02    7.9174455044E+01    5.4490307846E-02
    5.3999800000E-04    1.0075330330E+00    1.1510542999E-01    7.9766204003E+01    5.3562413498E-02
    5.4399800000E-04    1.0915173009E+00    1.2017462307E-01    8.0306914371E+01    5.3917459473E-02
    5.4799800000E-04    1.1437505424E+00    9.3825313595E-02    8.0801232897E+01    5.6859047951E-02
    5.5199800000E-04    1.1740651418E+00    5.7164493401E-02    8.1258667046E+01    6.2255118505E-02
    5.5599800000E-04    1.1865342427E+00    2.8537331855E-02    8.1696144507E+01    6.5022561940E-02
    5.5999800000E-04    1.1788757524E+00   -4.7310129515E-03    8.2132172336E+01    6.3986997190E-02
    5.6399800000E-04    1.1557299560E+00   -4.6950239175E-02    8.2586175546E+01    6.0466043043E-02
    5.6799800000E-04    1.1112583225E+00   -7.8862182988E-02    8.3074395846E+01    5.8932901519E-02
    5.7199800000E-04    1.0335435757E+00   -8.5398857492E-02    8.3606788611E+01    5.9838533892E-02
    5.7599800000E-04    9.2142955860E-01   -3.2147541504E-02    8.4190384558E+01    6.1971485321E-02
    5.7999800000E-04    8.3267339414E-01    1.0258396943E-01    8.4822828911E+01    6.3587770721E-02
    5.8399800000E-04    8.3183209335E-01    2.6879510001E-01    8.5487201620E+01    6.4743411207E-02
    5.8799800000E-04    9.2647563002E-01    3.9307085501E-01    8.6135878743E+01    6.5066968924E-02
    5.9199800000E-04    1.0690616631E+00    4.1771203539E-01    8.6725263306E+01    6.3416749854E-02
    5.9599800000E-04    1.1915641559E+00    3.2635730728E-01    8.7245107060E+01    5.9067476866E-02
    5.9999800000E-04    1.2547804222E+00    1.4681949418E-01    8.7704504983E+01    5.3451497426E-02
    6.0399800000E-04    1.2615386641E+00   -7.7023283853E-02    8.8127707799E+01    5.2233190054E-02
    6.0799800000E-04    1.2157275092E+00   -2.7543007941E-01    8.8573007759E+01    5.7795927361E-02
    6.1199800000E-04    1.1089496462E+00   -3.9557566719E-01    8.9075164463E+01    6.3170573112E-02
    6.1599800000E-04    9.6840492908E-01   -4.0388503808E-01    8.9645895625E+01    6.5937336026E-02
    6.1999800000E-04    8.5929349953E-01   -3.0336215615E-01    9.0280059344E+01    6.6097661331E-02
    6.2399800000E-04    8.3760266638E-01   -1.4453416953E-01    9.0941533545E+01    6.4832551454E-02
    6.2799800000E-04    9.0961650795E-01   -4.6461252132E-06    9.1580248682E+01    6.2771784802E-02
    6.3199800000E-04    1.0211235882E+00    6.9222730761E-02    9.2173240508E+01    5.9737612968E-02
    6.3599800000E-04    1.1056654065E+00    6.8501161892E-02    9.2714926620E+01    5.7408396436E-02
    6.3999800000E-04    1.1542782211E+00    3.7711201866E-02    9.3210548635E+01    5.7411450380E-02
    6.4399800000E-04    1.1791627549E+00   -6.7822046512E-03    9.3670400323E+01    5.9420552868E-02
    6.4799800000E-04    1.1877612514E+00   -4.8496144383E-02    9.4108215928E+01    6.0614782591E-02
    6.5199800000E-04    1.1786514068E+00   -7.7741389254E-02    9.4544381055E+01    5.7610022654E-02
    6.5599800000E-04    1.1489726712E+00   -1.1143232277E-01    9.4996715568E+01    5.2259863637E-02
    6.5999800000E-04    1.0986107735E+00   -1.4000951477E-01    9.5483729847E+01    4.8058510673E-02
    6.6399800000E-04    1.0198553653E+00   -1.3971850855E-01    9.6016528324E+01    4.6755768822E-02
    6.6799800000E-04    9.1209423469E-01   -8.3257454773E-02    9.6600232362E+01    4.7180618533E-02
    6.7199800000E-04    8.1918574680E-01    4.8776154604E-02    9.7233569973E+01    4.7968419800E-02
    6.7599800000E-04    8.0347410087E-01    2.2018300590E-01    9.7903015554E+01    4.8663404013E-02
    6.7999800000E-04    8.8348772525E-01    3.6348504848E-01    9.8564556745E+01    4.9230274265E-02
    6.8399800000E-04    1.0225406198E+00    4.1908026922E-01    9.9170796414E+01    4.8856845363E-02
    6.8799800000E-04    1.1567222271E+00    3.6108087629E-01    9.9707141903E+01    4.6568946932E-02
    6.9199800000E-04    1.2375426247E+00    2.1065268902E-01    1.0018128072E+02    4.2617219153E-02
    6.9599800000E-04    1.2589002524E+00    4.8482425555E-03    1.0061136072E+02    3.9962161155E-02
    6.9999800000E-04    1.2300982896E+00   -1.9940578266E-01    1.0104447480E+02    4.3994887230E-02
    7.0399800000E-04    1.1434835175E+00   -3.4290280199E-01    1.0152784394E+02    4.9713094000E-02
    7.0799800000E-04    1.0142310225E+00   -3.8507780514E-01    1.0207786289E+02    5.3604267022E-02
    7.1199800000E-04    8.9895240394E-01   -3.1462469782E-01    1.0269331724E+02    5.4646194620E-02
    7.1599800000E-04    8.5703230282E-01   -1.7140325689E-01    1.0334626009E+02    5.3672273798E-02
    7.1999800000E-04    9.0431347172E-01   -2.2256478555E-02    1.0398940507E+02    5.1261877354E-02
    7.2399800000E-04    1.0025400852E+00    6.9728913353E-02    1.0459448567E+02    4.7186963344E-02
    7.2799800000E-04    1.0920122105E+00    8.5542567435E-02    1.0515061099E+02    4.3437981009E-02
    7.3199800000E-04    1.1500444979E+00    5.5220420607E-02    1.0565716178E+02    4.1883039504E-02
    7.3599800000E-04    1.1811028891E+00    5.7982791518E-03    1.0612443126E+02    4.2614043001E-02
    7.3999800000E-04    1.1930170850E+00   -4.7600205362E-02    1.0656498245E+02    4.3481389999E-02
    7.4399800000E-04    1.1871935675E+00   -9.0251231620E-02    1.0699920995E+02    4.1131974285E-02
    7.4799800000E-04    1.1587932584E+00   -1.2873537711E-01    1.0744727042E+02    3.6598373650E-02
    7.5199800000E-04    1.1087574320E+00   -1.6229152783E-01    1.0792799876E+02    3.2374339524E-02
    7.5599800000E-04    1.0323255751E+00   -1.6831764190E-01    1.0845463479E+02    3.0718089582E-02
    7.5999800000E-04    9.3113401490E-01   -1.1986378939E-01    1.0903291954E+02    3.1175154650E-02
    7.6399800000E-04    8.3777700556E-01    6.3261005791E-04    1.0966056277E+02    3.2261922327E-02
    7.6799800000E-04    8.0827812516E-01    1.6665163097E-01    1.1032517815E+02    3.3161244461E-02
    7.7199800000E-04    8.6832336254E-01    3.1714167127E-01    1.1098956404E+02    3.3822589930E-02
    7.7599800000E-04    9.9410397225E-01    3.9192199867E-01    1.1160664171E+02    3.3754667308E-02
    7.7999800000E-04    1.1282326467E+00    3.5898261070E-01    1.1215566689E+02    3.2275271160E-02
    7.8399800000E-04    1.2187419557E+00    2.3212218188E-01    1.1264080408E+02    2.9364722495E-02
    7.8799800000E-04    1.2513427711E+00    4.8194859323E-02    1.1307847211E+02    2.6653021412E-02
    7.9199800000E-04    1.2347110254E+00   -1.4713830668E-01    1.1350634676E+02    2.8817783917E-02
    7.9599800000E-04    1.1640373094E+00   -2.9982871770E-01    1.1397503317E+02    3.3549390852E-02
    7.9999800000E-04    1.0451435992E+00   -3.6585641501E-01    1.1450650929E+02    3.7354953321E-02
    8.0399800000E-04    9.2355723870E-01   -3.2167124944E-01    1.1510513382E+02    3.8956180310E-02
    8.0799800000E-04    8.5924993800E-01   -1.9292448937E-01    1.1575184787E+02    3.8690146937E-02
    8.1199800000E-04    8.7886186288E-01   -3.8447865480E-02    1.1640376394E+02    3.7016451376E-02
    8.1599800000E-04    9.6146329278E-01    7.9138382751E-02    1.1702593384E+02    3.3682223937E-02
    8.1999800000E-04    1.0561234203E+00    1.2335996821E-01    1.1760261811E+02    3.0092530239E-02
    8.2399800000E-04    1.1282452394E+00    1.0643190613E-01    1.1812751471E+02    2.8353106271E-02
    8.2799800000E-04    1.1719680525E+00    5.9204444971E-02    1.1860759974E+02    2.9118359735E-02
    8.3199800000E-04    1.1935764188E+00    2.2673602785E-03    1.1905465314E+02    3.1172306903E-02
    8.3599800000E-04    1.1954898590E+00   -5.0007203675E-02    1.1948774083E+02    3.0650375770E-02
    8.3999800000E-04    1.1740625709E+00   -9.9096026851E-02    1.1992933307E+02    2.7585939681E-02
    8.4399800000E-04    1.1309556167E+00   -1.4396150413E-01    1.2040015135E+02    2.4144479646E-02
    8.4799800000E-04    1.0617897201E+00   -1.6485664319E-01    1.2091464684E+02    2.3147539728E-02
    8.5199800000E-04    9.6743857584E-01   -1.3450331968E-01    1.2148059086E+02    2.4492819972E-02
    8.5599800000E-04    8.7312978405E-01   -3.2249771654E-02    1.2209633145E+02    2.6657781480E-02
    8.5999800000E-04    8.2896615407E-01    1.2297513254E-01    1.2275015538E+02    2.8006147671E-02
    8.6399800000E-04    8.6778488034E-01    2.7552751241E-01    1.2341208316E+02    2.8660482395E-02
    8.6799800000E-04    9.7785387586E-01    3.6409978776E-01    1.2403705407E+02    2.8398401729E-02
    8.7199800000E-04    1.1084044137E+00    3.4981739377E-01    1.2459760619E+02    2.6701855959E-02
    8.7599800000E-04    1.2048207089E+00    2.3830744351E-01    1.2509249666E+02    2.3684946266E-02
    8.7999800000E-04    1.2457870227E+00    6.6774241951E-02    1.2553629447E+02    2.0700120527E-02
    8.8399800000E-04    1.2377738985E+00   -1.2149342967E-01    1.2596243940E+02    2.1610789618E-02
    8.8799800000E-04    1.1781203987E+00   -2.7813301489E-01    1.2642136279E+02    2.5263742513E-02
    8.9199800000E-04    1.0666279236E+00   -3.6024795469E-01    1.2693844735E+02    2.8383786684E-02
    8.9599800000E-04    9.3899222565E-01   -3.3696497335E-01    1.2752300786E+02    2.9897693027E-02
    8.9999800000E-04    8.5408046012E-01   -2.2086964016E-01    1.2816408843E+02    2.9917842574E-02
    9.0399800000E-04    8.4925163816E-01   -6.2998279177E-02    1.2882416258E+02    2.8912569333E-02
    9.0799800000E-04    9.1770766147E-01    7.4226208194E-02    1.2946228335E+02    2.6747365671E-02
    9.1199800000E-04    1.0151154835E+00    1.4533364634E-01    1.3005749524E+02    2.3936172027E-02
    9.1599800000E-04    1.0989787375E+00    1.4858968475E-01    1.3060106983E+02    2.2669849786E-02
    9.1999800000E-04    1.1553769992E+00    1.1141482125E-01    1.3109579208E+02    2.3927042646E-02
    9.2399800000E-04    1.1875184237E+00    5.8999558825E-02    1.3155204997E+02    2.7093188492E-02
    9.2799800000E-04    1.1983569345E+00    6.2275742885E-03    1.3198717743E+02    2.8564087380E-02
    9.3199800000E-04    1.1858889943E+00   -4.8520267590E-02    1.3242343172E+02    2.7199989915E-02
    9.3599800000E-04    1.1530018258E+00   -1.0241807834E-01    1.3288335211E+02    2.4650462801E-02
    9.3999800000E-04    1.0950521864E+00   -1.3813708874E-01    1.3338265179E+02    2.4335000888E-02
    9.4399800000E-04    1.0094231502E+00   -1.3012925429E-01    1.3393143602E+02    2.6434343041E-02
    9.4799800000E-04    9.1396351752E-01   -5.1115311987E-02    1.3453117519E+02    2.9749330794E-02
    9.5199800000E-04    8.5331009014E-01    9.0384396939E-02    1.3517127733E+02    3.2052138464E-02
    9.5599800000E-04    8.6906950952E-01    2.4404279611E-01    1.3582889313E+02    3.3004119950E-02
    9.5999800001E-04    9.6239611927E-01    3.4690842287E-01    1.3646184920E+02    3.2681324916E-02
    9.6399800001E-04    1.0902561496E+00    3.5118869986E-01    1.3703548131E+02    3.0554826614E-02
    9.6799800001E-04    1.1939483613E+00    2.5158895324E-01    1.3754179980E+02    2.6784016171E-02
    9.7199800001E-04    1.2437389405E+00    8.3206830566E-02    1.3799211011E+02    2.2909338758E-02
    9.7599800001E-04    1.2432974075E+00   -1.0821396328E-01    1.3841729536E+02    2.2827024334E-02
    9.7999800001E-04    1.1918535128E+00   -2.7277464252E-01    1.3886900415E+02    2.5929899434E-02
    9.8399800001E-04    1.0848557065E+00   -3.6930453225E-01    1.3937491936E+02    2.8508987144E-02
    9.8799800001E-04    9.5065235510E-01   -3.6368572360E-01    1.3994781871E+02    2.9639485401E-02
    9.9199800001E-04    8.4686336057E-01   -2.5861266309E-01    1.4058366126E+02    2.9529618816E-02
    9.9599800001E-04    8.2049817836E-01   -9.8362963101E-02    1.4125043313E+02    2.8757487957E-02
    9.9999800001E-04    8.7680032838E-01    5.4170662144E-02    1.4190211890E+02    2.7544596108E-02
    1.0039980000E-03    9.7638109052E-01    1.4694391794E-01    1.4251183816E+02    2.5916278139E-02
    1.0079980000E-03    1.0688210862E+00    1.7006303170E-01    1.4307068206E+02    2.5493960543E-02
    1.0119980000E-03    1.1348006205E+00    1.4702503027E-01    1.4357871808E+02    2.7510584915E-02
    1.0159980000E-03    1.1757561182E+00    1.0479332469E-01    1.4404463096E+02    3.1662719741E-02
    1.0199980000E-03    1.1948732814E+00    6.0061641601E-02    1.4448437831E+02    3.5046811005E-02
    1.0239980000E-03    1.1915009064E+00    8.4430142978E-03    1.4491804853E+02    3.5455305401E-02
    1.0279980000E-03    1.1698229454E+00   -4.7718008351E-02    1.4536795807E+02    3.3858369287E-02
    1.0319980000E-03    1.1256093617E+00   -9.2577280039E-02    1.4585161244E+02    3.3757053573E-02
    1.0359980000E-03    1.0518857140E+00   -1.0613695050E-01    1.4638045695E+02    3.6142688260E-02
    1.0399980000E-03    9.5581431633E-01   -5.5891320630E-02    1.4696087052E+02    4.0179784734E-02
    1.0439980000E-03    8.7573827645E-01    6.7354119979E-02    1.4758546830E+02    4.3543064405E-02
    1.0479980000E-03    8.6527471406E-01    2.2171641315E-01    1.4823789722E+02    4.5204317073E-02
    1.0519980000E-03    9.4017913633E-01    3.4169779218E-01    1.4888010865E+02    4.5335432079E-02
    1.0559980000E-03    1.0664256286E+00    3.6959860460E-01    1.4947001709E+02    4.3262470146E-02
    1.0599980000E-03    1.1812234583E+00    2.8570622052E-01    1.4999186973E+02    3.8785479518E-02
    1.0639980000E-03    1.2435993494E+00    1.1852827754E-01    1.5045227994E+02    3.3613167951E-02
    1.0679980000E-03    1.2525384767E+00   -8.5493780876E-02    1.5087727301E+02    3.2232047467E-02
    1.0719980000E-03    1.2103099743E+00   -2.6778192171E-01    1.5132119825E+02    3.5562266422E-02
    1.0759980000E-03    1.1083373202E+00   -3.8371568403E-01    1.5181655001E+02    3.8462447474E-02
    1.0799980000E-03    9.6794711650E-01   -3.9829277601E-01    1.5237800158E+02    3.9662962063E-02
    1.0839980000E-03    8.4661244646E-01   -3.0592356135E-01    1.5300702002E+02    3.9502208492E-02
    1.0879980000E-03    8.0019455821E-01   -1.4583979200E-01    1.5367716005E+02    3.8804492575E-02
    1.0919980000E-03    8.4559692974E-01    1.8132507181E-02    1.5433818663E+02    3.8001122159E-02
    1.0959980000E-03    9.4741475191E-01    1.2687873438E-01    1.5495715586E+02    3.7167858049E-02
    1.0999980000E-03    1.0462654275E+00    1.6388790073E-01    1.5552572990E+02    3.7283765073E-02
    1.1039980000E-03    1.1171020352E+00    1.5256157546E-01    1.5604350780E+02    3.9619903647E-02
    1.1079980000E-03    1.1624416638E+00    1.1944229179E-01    1.5651759005E+02    4.4564651042E-02
    1.1119980000E-03    1.1869922892E+00    8.5518671186E-02    1.5696247052E+02    4.9205547922E-02
    1.1159980000E-03    1.1899308952E+00    4.5976213202E-02    1.5739673145E+02    5.1102418157E-02
    1.1199980000E-03    1.1766949761E+00   -4.5008223009E-03    1.5784018629E+02    5.0050769043E-02
    1.1239980000E-03    1.1441399374E+00   -4.9314070171E-02    1.5831186988E+02    4.9425733599E-02
    1.1279980000E-03    1.0832734923E+00   -7.4899812081E-02    1.5882340771E+02    5.1166042235E-02
    1.1319980000E-03    9.8844617796E-01   -5.3048175527E-02    1.5938486342E+02    5.4956389430E-02
    1.1359980000E-03    8.8806227155E-01    4.7777784026E-02    1.5999501043E+02    5.8529485269E-02
    1.1399980000E-03    8.5003827955E-01    2.0219547481E-01    1.6064304948E+02    6.0694237075E-02
    1.1439980000E-03    9.0618813280E-01    3.4152178711E-01    1.6129574341E+02    6.1551743580E-02
    1.1479980000E-03    1.0309652394E+00    3.9929142208E-01    1.6190456615E+02    6.0249538629E-02
    1.1519980000E-03    1.1599334724E+00    3.4121826440E-01    1.6244595303E+02    5.5950569379E-02
    1.1559980000E-03    1.2401165722E+00    1.8444336620E-01    1.6292183623E+02    4.9916679438E-02
    1.1599980000E-03    1.2621406909E+00   -2.9595526424E-02    1.6335072387E+02    4.6418551028E-02
    1.1639980000E-03    1.2334685334E+00   -2.3684598636E-01    1.6378453040E+02    5.0140230028E-02
    1.1679980000E-03    1.1433721152E+00   -3.8029702092E-01    1.6426694457E+02    5.4617757280E-02
    1.1719980000E-03    1.0036971573E+00   -4.2381198081E-01    1.6481412101E+02    5.7131589378E-02
    1.1759980000E-03    8.6932198704E-01   -3.5270074309E-01    1.6543081132E+02    5.7518706219E-02
    1.1799980000E-03    8.0444655424E-01   -2.0086495259E-01    1.6609621659E+02    5.6890531845E-02
    1.1839980000E-03    8.3881466923E-01   -3.3180414661E-02    1.6675884403E+02    5.6031135266E-02
    1.1879980000E-03    9.4313396523E-01    8.2132610054E-02    1.6738003160E+02    5.5012609447E-02
    1.1919980000E-03    1.0477363048E+00    1.1884363168E-01    1.6795060815E+02    5.4303573476E-02
    1.1959980000E-03    1.1170841526E+00    1.0784971506E-01    1.6847116284E+02    5.5411436312E-02
    1.1999980000E-03    1.1587450186E+00    7.4209320651E-02    1.6894895419E+02    5.9543626422E-02
    1.2039980000E-03    1.1816242790E+00    3.9088252984E-02    1.6939568771E+02    6.4318682177E-02
    1.2079980000E-03    1.1852627635E+00    1.1873405036E-02    1.6983056288E+02    6.5619476396E-02
    1.2119980000E-03    1.1708563379E+00   -2.6202402988E-02    1.7027140190E+02    6.2635550262E-02
    1.2159980000E-03    1.1395940738E+00   -6.5930383565E-02    1.7073808734E+02    5.9407994380E-02
    1.2199980000E-03    1.0829351310E+00   -8.9136998283E-02    1.7124338777E+02    5.8788865634E-02
    1.2239980000E-03    9.8861221981E-01   -7.6300684270E-02    1.7179667114E+02    6.0262115727E-02
    1.2279980000E-03    8.7592728528E-01    1.2253258218E-02    1.7240118337E+02    6.2098635240E-02
    1.2319980000E-03    8.1782249796E-01    1.6886762688E-01    1.7305095036E+02    6.3486950217E-02
    1.2359980000E-03    8.5829052270E-01    3.2736529793E-01    1.7371646989E+02    6.4377183944E-02
    1.2399980000E-03    9.8029043822E-01    4.1746914027E-01    1.7434504947E+02    6.4086584042E-02
    1.2439980000E-03    1.1228251640E+00    3.9514392277E-01    1.7490665309E+02    6.1416985656E-02
    1.2479980000E-03    1.2240257533E+00    2.6491724002E-01    1.7540084042E+02    5.6399922465E-02
    1.2519980000E-03    1.2630902216E+00    6.1501510341E-02    1.7584126861E+02    5.1480038358E-02
    1.2559980000E-03    1.2503709023E+00   -1.6057239982E-01    1.7626597224E+02    5.3720790296E-02
    1.2599980000E-03    1.1803002768E+00   -3.3267527909E-01    1.7673166296E+02    5.9742985301E-02
    1.2639980000E-03    1.0545945265E+00   -4.1169510057E-01    1.7726029048E+02    6.4311346446E-02
    1.2679980000E-03    9.1862411850E-01   -3.7350391792E-01    1.7785806802E+02    6.5944467227E-02
    1.2719980000E-03    8.4039994005E-01   -2.4236306250E-01    1.7850887391E+02    6.5395645188E-02
    1.2759980000E-03    8.5897462682E-01   -8.0826410425E-02    1.7916564196E+02    6.3728030430E-02
    1.2799980000E-03    9.5598514221E-01    3.7851788082E-02    1.7978683680E+02    6.1227950746E-02
    1.2839980000E-03    1.0609172039E+00    7.4075640723E-02    1.8035939692E+02    5.7981216808E-02
    1.2879980000E-03    1.1296468738E+00    5.7298561701E-02    1.8088118672E+02    5.6381264522E-02
    1.2919980000E-03    1.1673275631E+00    1.9222226008E-02    1.8136114445E+02    5.7246191593E-02
    1.2959980000E-03    1.1848094625E+00   -2.7185135553E-02    1.8180990240E+02    5.9235537791E-02
    1.2999980000E-03    1.1870193987E+00   -6.3828572303E-02    1.8224470420E+02    5.8638006827E-02
    1.3039980000E-03    1.1688781678E+00   -9.3807966022E-02    1.8268524780E+02    5.4560651557E-02
    1.3079980000E-03    1.1311694718E+00   -1.2799480568E-01    1.8314989291E+02    4.9043871859E-02
    1.3119980000E-03    1.0697948468E+00   -1.4751609984E-01    1.8365470994E+02    4.6111336605E-02
    1.3159980000E-03    9.7779006586E-01   -1.2776614697E-01    1.8420835150E+02    4.5609568178E-02
    1.3199980000E-03    8.6820047538E-01   -3.9943615891E-02    1.8481295248E+02    4.6308848239E-02
    1.3239980000E-03    8.0103692618E-01    1.1533629126E-01    1.8546433945E+02    4.7077503218E-02
    1.3279980000E-03    8.2510850688E-01    2.8375739054E-01    1.8613742319E+02    4.7750559561E-02
    1.3319980000E-03    9.3547399736E-01    3.9746647127E-01    1.8678074540E+02    4.8066553145E-02
    1.3359980000E-03    1.0802306627E+00    4.0800175165E-01    1.8735894196E+02    4.7066161510E-02
    1.3399980000E-03    1.1962430239E+00    3.0904758085E-01    1.8786864176E+02    4.4063997520E-02
    1.3439980000E-03    1.2519412191E+00    1.3226305056E-01    1.8832221887E+02    4.0012798390E-02
    1.3479980000E-03    1.2532009160E+00   -8.0100601071E-02    1.8874590049E+02    3.9930296996E-02
    1.3519980000E-03    1.2021856753E+00   -2.6509996480E-01    1.8919583867E+02    4.5327928861E-02
    1.3559980000E-03    1.0944270060E+00   -3.7210534403E-01    1.8970461938E+02    5.0529221450E-02
    1.3599980000E-03    9.6286248434E-01   -3.6755804325E-01    1.9028201640E+02    5.3249936686E-02
    1.3639980000E-03    8.7177774565E-01   -2.6127851184E-01    1.9091747360E+02    5.3379469131E-02
    1.3679980000E-03    8.6639271879E-01   -1.0738835433E-01    1.9157176334E+02    5.1833256920E-02
    1.3719980000E-03    9.4094127859E-01    2.5214780516E-02    1.9220170271E+02    4.8765409511E-02
    1.3759980000E-03    1.0407119135E+00    8.6108098712E-02    1.9278869357E+02    4.4461223711E-02
    1.3799980000E-03    1.1185048263E+00    7.9273167276E-02    1.9332455568E+02    4.1475038665E-02
    1.3839980000E-03    1.1649700835E+00    3.9242111064E-02    1.9381436267E+02    4.0938661399E-02
    1.3879980000E-03    1.1879808173E+00   -1.4081608831E-02    1.9426919613E+02    4.2133893303E-02
    1.3919980000E-03    1.1934765506E+00   -6.4725942082E-02    1.9470446237E+02    4.2122525211E-02
    1.3959980000E-03    1.1787937013E+00   -1.0462631571E-01    1.9514198378E+02    3.8591181484E-02
    1.3999980000E-03    1.1419435015E+00   -1.4345076908E-01    1.9560100314E+02    3.3832016751E-02
    1.4039980000E-03    1.0817700263E+00   -1.6961036472E-01    1.9609905095E+02    3.0662814460E-02
    1.4079980000E-03    9.9425057871E-01   -1.5712333847E-01    1.9664635754E+02    3.0025950598E-02
    1.4119980000E-03    8.9010549021E-01   -8.0011996950E-02    1.9724521852E+02    3.1012172834E-02
    1.4159980000E-03    8.1684311668E-01    6.4600005552E-02    1.9789025909E+02    3.2058430188E-02
    1.4199980000E-03    8.2320043954E-01    2.3195013517E-01    1.9856039358E+02    3.2884522271E-02
    1.4239980000E-03    9.1488627341E-01    3.5768404084E-01    1.9921007027E+02    3.3329855640E-02
    1.4279980000E-03    1.0511470215E+00    3.9030600325E-01    1.9980022976E+02    3.2755711716E-02
    1.4319980000E-03    1.1716999074E+00    3.1534483682E-01    2.0032191061E+02    3.0615677126E-02
    1.4359980000E-03    1.2381615386E+00    1.6122629194E-01    2.0078535288E+02    2.7413474329E-02
    1.4399980000E-03    1.2500736683E+00   -3.3084931899E-02    2.0121242535E+02    2.6243192984E-02
    1.4439980000E-03    1.2128065458E+00   -2.1649372539E-01    2.0165247474E+02    3.0067614105E-02
    1.4479980000E-03    1.1199160475E+00   -3.3867577595E-01    2.0214483892E+02    3.4588596893E-02
    1.4519980000E-03    9.9262294454E-01   -3.6035760730E-01    2.0270390674E+02    3.7523098907E-02
    1.4559980000E-03    8.8772832326E-01   -2.7653091580E-01    2.0332584897E+02    3.8273389616E-02
    1.4599980000E-03    8.5633658646E-01   -1.2946544319E-01    2.0398043270E+02    3.7450364939E-02
    1.4639980000E-03    9.0603838451E-01    1.7344974453E-02    2.0462360363E+02    3.5177577624E-02
    1.4679980000E-03    9.9930356175E-01    1.0775423827E-01    2.0522945534E+02    3.1475800215E-02
    1.4719980000E-03    1.0876170147E+00    1.2427395018E-01    2.0578578347E+02    2.8510156885E-02
    1.4759980000E-03    1.1482637939E+00    9.2412305356E-02    2.0629179985E+02    2.7823799189E-02
    1.4799980000E-03    1.1826998504E+00    3.9262002804E-02    2.0675725957E+02    2.9514672464E-02
    1.4839980000E-03    1.1970681625E+00   -1.6955465228E-02    2.0719598453E+02    3.1041023804E-02
    1.4879980000E-03    1.1898301383E+00   -6.7200774009E-02    2.0762994469E+02    2.9368514046E-02
    1.4919980000E-03    1.1600121188E+00   -1.1644726728E-01    2.0808086953E+02    2.5770936088E-02
    1.4959980000E-03    1.1072103642E+00   -1.5529155987E-01    2.0856783215E+02    2.3267590256E-02
    1.4999980000E-03    1.0272244267E+00   -1.5939096222E-01    2.0910235000E+02    2.3382135687E-02
    1.5039980000E-03    9.2809147158E-01   -1.0137581666E-01    2.0968892658E+02    2.5421558753E-02
    1.5079980000E-03    8.4796650145E-01    2.6883799291E-02    2.1032178690E+02    2.7371227879E-02
    1.5119980000E-03    8.3564563267E-01    1.8833598702E-01    2.1098347159E+02    2.8445343441E-02
    1.5159980000E-03    9.0689852731E-01    3.2144806713E-01    2.1163532979E+02    2.8779180063E-02
    1.5199980000E-03    1.0323553323E+00    3.7066144757E-01    2.1223567284E+02    2.7948820886E-02
    1.5239980000E-03    1.1540296527E+00    3.1324503677E-01    2.1276857659E+02    2.5578808625E-02
    1.5279980000E-03    1.2280796602E+00    1.7235875262E-01    2.1324034397E+02    2.2255392064E-02
    1.5319980000E-03    1.2480599042E+00   -1.1741915826E-02    2.1367093709E+02    2.0366415148E-02
    1.5359980000E-03    1.2202351251E+00   -1.9256744503E-01    2.1410559843E+02    2.2952669685E-02
    1.5399980000E-03    1.1377391507E+00   -3.2361398010E-01    2.1458625551E+02    2.6536469455E-02
    1.5439980000E-03    1.0130148624E+00   -3.6457398730E-01    2.1513058126E+02    2.9016660861E-02
    1.5479980000E-03    8.9544394101E-01   -2.9925557595E-01    2.1574100723E+02    2.9829529617E-02
    1.5519980000E-03    8.4053995588E-01   -1.5853740146E-01    2.1639574263E+02    2.9399083413E-02
    1.5559980000E-03    8.6863961451E-01   -1.3793761042E-03    2.1705130777E+02    2.8008441244E-02
    1.5599980000E-03    9.5519000641E-01    1.1293286857E-01    2.1767410566E+02    2.5422588809E-02
    1.5639980000E-03    1.0510641182E+00    1.5463053097E-01    2.1824925541E+02    2.3087577505E-02
    1.5679980000E-03    1.1242797373E+00    1.3865659445E-01    2.1877245580E+02    2.2864695409E-02
    1.5719980000E-03    1.1704345151E+00    9.3063626255E-02    2.1925039749E+02    2.5251084355E-02
    1.5759980000E-03    1.1945061564E+00    4.0050506467E-02    2.1969563064E+02    2.8188816967E-02
    1.5799980000E-03    1.1959059573E+00   -1.2503006333E-02    2.2012860041E+02    2.8695018026E-02
    1.5839980000E-03    1.1755434486E+00   -6.8485139698E-02    2.2057173481E+02    2.6358133432E-02
    1.5879980000E-03    1.1337179674E+00   -1.1786471329E-01    2.2104592231E+02    2.4589903998E-02
    1.5919980000E-03    1.0646827974E+00   -1.3999554887E-01    2.2156383442E+02    2.5366278213E-02
    1.5959980000E-03    9.7134918898E-01   -1.0613324583E-01    2.2213339569E+02    2.8253310502E-02
    1.5999980000E-03    8.8351746989E-01    1.5500784408E-03    2.2275072430E+02    3.1438922431E-02
    1.6039980000E-03    8.5027377423E-01    1.5512148055E-01    2.2340151230E+02    3.3170494118E-02
    1.6079980000E-03    8.9952925039E-01    2.9551299088E-01    2.2405454749E+02    3.3653139666E-02
    1.6119980000E-03    1.0139358602E+00    3.6227105039E-01    2.2466609358E+02    3.2644570297E-02
    1.6159980000E-03    1.1382154755E+00    3.2180576552E-01    2.2521218653E+02    2.9687612730E-02
    1.6199980000E-03    1.2212190410E+00    1.8875835184E-01    2.2569367913E+02    2.5539262518E-02
    1.6239980000E-03    1.2493842272E+00    4.2911577050E-03    2.2612805083E+02    2.2614438499E-02
    1.6279980000E-03    1.2293782642E+00   -1.8233301648E-01    2.2655868420E+02    2.4449777401E-02
    1.6319980000E-03    1.1543199294E+00   -3.2402386279E-01    2.2703043792E+02    2.7548000456E-02
    1.6359980000E-03    1.0300725714E+00   -3.8187062308E-01    2.2756288612E+02    2.9562175262E-02
    1.6399980000E-03    9.0040418084E-01   -3.3242905867E-01    2.2816343268E+02    3.0092594965E-02
    1.6439980000E-03    8.2413644626E-01   -1.9751486795E-01    2.2881776903E+02    2.9628986686E-02
    1.6479980000E-03    8.3347090740E-01   -3.2275086686E-02    2.2948378962E+02    2.8685480409E-02
    1.6519980000E-03    9.1429134249E-01    1.0070241029E-01    2.3012046635E+02    2.7296427160E-02
    1.6559980000E-03    1.0160491675E+00    1.6372877275E-01    2.3071016400E+02    2.5984369406E-02
    1.6599980000E-03    1.0983322027E+00    1.6516428617E-01    2.3124790822E+02    2.6559893198E-02
    1.6639980000E-03    1.1535632091E+00    1.3172489508E-01    2.3173755410E+02    2.9721369489E-02
    1.6679980000E-03    1.1859625522E+00    8.8229546790E-02    2.3219057497E+02    3.3949694064E-02
    1.6719980000E-03    1.1956229376E+00    4.2659332441E-02    2.3262554262E+02    3.6520845462E-02
    1.6759980000E-03    1.1850404888E+00   -1.2108419866E-02    2.3306303606E+02    3.5655666065E-02
    1.6799980000E-03    1.1555140270E+00   -6.5532948656E-02    2.3352488746E+02    3.4399139399E-02
    1.6839980000E-03    1.1004348892E+00   -1.0098054004E-01    2.3402514400E+02    3.5326662503E-02
    1.6879980000E-03    1.0154298335E+00   -9.3261573898E-02    2.3457435501E+02    3.8592467059E-02
    1.6919980000E-03    9.1887751111E-01   -1.2254559278E-02    2.3517361705E+02    4.2719712434E-02
    1.6959980000E-03    8.6114223676E-01    1.3063923293E-01    2.3581209326E+02    4.5357058924E-02
    1.6999980000E-03    8.8587875716E-01    2.7932124265E-01    2.3646621362E+02    4.6455990709E-02
    1.7039980000E-03    9.8846912793E-01    3.6766893830E-01    2.3709124107E+02    4.5813769564E-02
    1.7079980000E-03    1.1177834745E+00    3.4952112696E-01    2.3765421457E+02    4.2649695405E-02
    1.7119980000E-03    1.2139968793E+00    2.2655888724E-01    2.3814958267E+02    3.7547076599E-02
    1.7159980000E-03    1.2534496979E+00    3.7073157420E-02    2.3859064621E+02    3.3080184956E-02
    1.7199980000E-03    1.2427397224E+00   -1.6599489907E-01    2.3901679742E+02    3.4293005543E-02
    1.7239980000E-03    1.1761876490E+00   -3.2631387315E-01    2.3947947097E+02    3.7850461179E-02
    1.7279980000E-03    1.0530913277E+00   -4.0502567195E-01    2.4000053022E+02    4.0157332311E-02
    1.7319980000E-03    9.1224997203E-01   -3.7368193766E-01    2.4059066024E+02    4.0701824610E-02
    1.7359980000E-03    8.1590893586E-01   -2.4684320776E-01    2.4124194383E+02    4.0217618041E-02
    1.7399980000E-03    8.0807274162E-01   -7.6745723190E-02    2.4191447787E+02    3.9488988206E-02
    1.7439980000E-03    8.8380647118E-01    7.0313304556E-02    2.4256033321E+02    3.8660690419E-02
    1.7479980000E-03    9.9109671352E-01    1.4810289281E-01    2.4315883492E+02    3.8034876199E-02
    1.7519980000E-03    1.0788385152E+00    1.6188199857E-01    2.4370608949E+02    3.8963241000E-02
    1.7559980000E-03    1.1382386955E+00    1.3852926561E-01    2.4420468586E+02    4.2467083448E-02
    1.7599980000E-03    1.1748157770E+00    1.0369986607E-01    2.4466453808E+02    4.7759362029E-02
    1.7639980000E-03    1.1900778506E+00    7.0518500329E-02    2.4510305184E+02    5.1689199208E-02
    1.7679980000E-03    1.1860902133E+00    2.5831737225E-02    2.4553843702E+02    5.1891100438E-02
    1.7719980000E-03    1.1658232150E+00   -2.3854781997E-02    2.4599164567E+02    5.0594857833E-02
    1.7759980000E-03    1.1233006516E+00   -6.2124577884E-02    2.4647822403E+02    5.0775663970E-02
    1.7799980000E-03    1.0482340866E+00   -7.3368761786E-02    2.4700903010E+02    5.3417449633E-02
    1.7839980000E-03    9.4383820537E-01   -2.1430497423E-02    2.4759108841E+02    5.7441535310E-02
    1.7879980000E-03    8.6045956902E-01    1.0816716023E-01    2.4821871279E+02    6.0300730591E-02
    1.7919980000E-03    8.6015162875E-01    2.6581961704E-01    2.4887488104E+02    6.1973669913E-02
    1.7959980000E-03    9.5069900980E-01    3.7939660783E-01    2.4951527885E+02    6.2110912032E-02
    1.7999980000E-03    1.0861920450E+00    3.9184488688E-01    2.5009810439E+02    5.9647072360E-02
    1.8039980000E-03    1.1998388460E+00    2.8962873989E-01    2.5061191057E+02    5.4387625549E-02
    1.8079980000E-03    1.2556137387E+00    1.0355341186E-01    2.5106550228E+02    4.8486468553E-02
    1.8119980000E-03    1.2575197473E+00   -1.1720591189E-01    2.5148839059E+02    4.8133421481E-02
    1.8159980000E-03    1.2051904280E+00   -3.0435067800E-01    2.5193906900E+02    5.2961913921E-02
    1.8199980000E-03    1.0911378289E+00   -4.1194207457E-01    2.5244625542E+02    5.6897028945E-02
    1.8239980000E-03    9.4534640954E-01   -4.0814434323E-01    2.5302207991E+02    5.8505081669E-02
    1.8279980000E-03    8.3274830999E-01   -2.9810788707E-01    2.5366314017E+02    5.8363188705E-02
    1.8319980000E-03    8.0827870054E-01   -1.3133751588E-01    2.5433366975E+02    5.7602273935E-02
    1.8359980000E-03    8.7850869090E-01    2.1629478035E-02    2.5498131067E+02    5.6605774438E-02
    1.8399980000E-03    9.9179747115E-01    1.0252429116E-01    2.5558145465E+02    5.5470491879E-02
    1.8439980000E-03    1.0820274743E+00    1.1422164906E-01    2.5613042209E+02    5.5260528626E-02
    1.8479980000E-03    1.1380452706E+00    9.1105685093E-02    2.5663190398E+02    5.7355058909E-02
    1.8519980000E-03    1.1704784497E+00    5.3608905543E-02    2.5709480565E+02    6.2326666120E-02
    1.8559980000E-03    1.1858131220E+00    2.2379305142E-02    2.5753420004E+02    6.5507939518E-02
    1.8599980000E-03    1.1807069244E+00   -7.1628295298E-03    2.5796932741E+02    6.5064936399E-02
    1.8639980000E-03    1.1594834090E+00   -4.7904125196E-02    2.5841876855E+02    6.1046750925E-02
    1.8679980000E-03    1.1185403090E+00   -8.2067441742E-02    2.5890054112E+02    5.8647615812E-02
    1.8719980000E-03    1.0471076438E+00   -9.3361881918E-02    2.5942504243E+02    5.8849992073E-02
    1.8759980000E-03    9.3853489474E-01   -5.2798604694E-02    2.6000012878E+02    6.0614926861E-02
    1.8799980000E-03    8.3942568169E-01    7.0181262063E-02    2.6062523630E+02    6.2119653800E-02
    1.8839980000E-03    8.1996609796E-01    2.3723405084E-01    2.6128788382E+02    6.3258454226E-02
    1.8879980000E-03    8.9951609822E-01    3.7586598252E-01    2.6194492073E+02    6.3806047534E-02
    1.8919980000E-03    1.0389052798E+00    4.2364178522E-01    2.6254790949E+02    6.2742129358E-02
    1.8959980000E-03    1.1705595684E+00    3.5455074193E-01    2.6308121733E+02    5.9065153134E-02
    1.8999980000E-03    1.2467302609E+00    1.9063731047E-01    2.6355160479E+02    5.3672944734E-02
    1.9039980000E-03    1.2636561859E+00   -2.8525565709E-02    2.6397842540E+02    5.0887666236E-02
    1.9079980000E-03    1.2295973269E+00   -2.3714444698E-01    2.6441492486E+02    5.5748161627E-02
    1.9119980000E-03    1.1348435897E+00   -3.7612474864E-01    2.6490439447E+02    6.1511084529E-02
    1.9159980000E-03    9.9756892464E-01   -4.0856829906E-01    2.6546117277E+02    6.4981825014E-02
    1.9199980000E-03    8.7815180116E-01   -3.2729961730E-01    2.6608404754E+02    6.5605193924E-02
    1.9239980000E-03    8.3806923044E-01   -1.7554477384E-01    2.6674331146E+02    6.4494485947E-02
    1.9279980000E-03    8.9430713416E-01   -2.3658876904E-02    2.6738817832E+02    6.2433762929E-02
    1.9319980000E-03    1.0034424080E+00    6.1528624819E-02    2.6799007680E+02    5.9313829178E-02
    1.9359980000E-03    1.0945497869E+00    7.0337641578E-02    2.6854130724E+02    5.6403085974E-02
    1.9399980000E-03    1.1488200918E+00    4.2372525799E-02    2.6904454892E+02    5.5695470693E-02
    1.9439980000E-03    1.1771554961E+00   -1.4168248027E-03    2.6951020388E+02    5.7201455623E-02
    1.9479980000E-03    1.1879957614E+00   -4.6596740484E-02    2.6995060400E+02    5.8617062236E-02
    1.9519980000E-03    1.1824467286E+00   -7.8495730392E-02    2.7038574605E+02    5.6111572398E-02
    1.9559980000E-03    1.1555824821E+00   -1.1111116541E-01    2.7083391504E+02    5.1134070713E-02
    1.9599980000E-03    1.1086585563E+00   -1.4211768021E-01    2.7131392410E+02    4.6362008176E-02
    1.9639980000E-03    1.0349221875E+00   -1.4819828487E-01    2.7183845967E+02    4.4538327886E-02
    1.9679980000E-03    9.3126406893E-01   -1.0316152241E-01    2.7241366307E+02    4.4694756881E-02
    1.9719980000E-03    8.3137348609E-01    1.6607285036E-02    2.7303902241E+02    4.5473811055E-02
    1.9759980000E-03    7.9886409010E-01    1.8553148768E-01    2.7370460039E+02    4.6194920273E-02
    1.9799980000E-03    8.6227568063E-01    3.3909790747E-01    2.7437187371E+02    4.6832640299E-02
    1.9839980000E-03    9.9424382468E-01    4.1445362951E-01    2.7499050629E+02    4.6744778329E-02
    1.9879980000E-03    1.1336671575E+00    3.7802069282E-01    2.7553979681E+02    4.4964698830E-02
    1.9919980000E-03    1.2260399144E+00    2.4348491594E-01    2.7602459382E+02    4.1396927184E-02
    1.9959980000E-03    1.2577497138E+00    4.6619638787E-02    2.7646096162E+02    3.8082288983E-02
    1.9999980000E-03    1.2389853833E+00   -1.6132317205E-01    2.7688873881E+02    4.0905844978E-02
