 sig=    1.000000000000000      inputfile=
 /home/rjrj524/Finished/vmec_gc_tracer/revised_251128/nc/wout_pwO_nfp2_A6.nc                                                                                                                             
 dt=   2.0000000000000000E-008
 steps=      2000000
 x0=   7.0000000000000007E-002    3.070000000000000      
    3.140000000000000     
 u=    11900.00000000000     
 v_perp=    18400.00000000000     
 
time(s)         x0(1)       x0(2)        x0(3)      r
    3.9980000000E-05    1.0160119799E+00    9.0153365935E-02    3.5849240669E+00    6.9833024305E-02
    7.9980000000E-05    1.0467763344E+00    1.6005316638E-01    4.0198723293E+00    6.9383716505E-02
    1.1998000000E-04    1.0992093145E+00    1.8185918638E-01    4.4249578121E+00    6.8628609866E-02
    1.5998000000E-04    1.1576545896E+00    1.4834430141E-01    4.7779453423E+00    6.7670892818E-02
    1.9998000000E-04    1.2035297739E+00    7.6688785199E-02    5.0687023296E+00    6.6750528729E-02
    2.3998000000E-04    1.2311624043E+00   -5.8999272768E-03    5.3011255055E+00    6.5996602462E-02
    2.7998000000E-04    1.2450444377E+00   -8.1225304369E-02    5.4862012114E+00    6.5436059949E-02
    3.1998000000E-04    1.2509610323E+00   -1.4493996459E-01    5.6403580185E+00    6.5057783335E-02
    3.5998000000E-04    1.2519360443E+00   -2.0059496774E-01    5.7818706236E+00    6.4791984636E-02
    3.9998000000E-04    1.2483177802E+00   -2.5230620972E-01    5.9255988884E+00    6.4542228772E-02
    4.3998000000E-04    1.2385950253E+00   -3.0191173561E-01    6.0813136870E+00    6.4212670665E-02
    4.7998000000E-04    1.2200791236E+00   -3.4892348499E-01    6.2539262576E+00    6.3727852136E-02
    5.1998000000E-04    1.1897808975E+00   -3.9142503217E-01    6.4455051353E+00    6.3064740653E-02
    5.5998000000E-04    1.1455846985E+00   -4.2652989215E-01    6.6578924112E+00    6.2243997110E-02
    5.9998000000E-04    1.0875446749E+00   -4.5049914805E-01    6.8935070968E+00    6.1274468903E-02
    6.3998000000E-04    1.0165614442E+00   -4.5982981283E-01    7.1564609065E+00    6.0169158096E-02
    6.7998000000E-04    9.3154192789E-01   -4.5002237828E-01    7.4530809982E+00    5.8985678671E-02
    7.1998000000E-04    8.3397877414E-01   -4.1154524059E-01    7.7914453634E+00    5.7772844886E-02
    7.5998000000E-04    7.3466286027E-01   -3.3278101993E-01    8.1794769973E+00    5.6587023582E-02
    7.9998000000E-04    6.5117237432E-01   -2.1087643682E-01    8.6226934448E+00    5.5544823630E-02
    8.3998000000E-04    5.9917814066E-01   -5.6027579861E-02    9.1188426094E+00    5.4761894904E-02
    8.7998000000E-04    5.9334496764E-01    1.1503051203E-01    9.6516338777E+00    5.4372722234E-02
    9.1998000000E-04    6.4621166580E-01    2.8026793055E-01    1.0183450865E+01    5.4384546067E-02
    9.5998000000E-04    7.5016966957E-01    4.1102126346E-01    1.0676758793E+01    5.4730274736E-02
    9.9998000000E-04    8.7980970944E-01    4.8592922750E-01    1.1116438455E+01    5.5290097218E-02
    1.0399800000E-03    1.0090385710E+00    5.0108381151E-01    1.1501854781E+01    5.5923853126E-02
    1.0799800000E-03    1.1168535891E+00    4.6573460320E-01    1.1837969695E+01    5.6433635595E-02
    1.1199800000E-03    1.1919481971E+00    3.9654449273E-01    1.2128123665E+01    5.6704353834E-02
    1.1599800000E-03    1.2358893685E+00    3.0996294054E-01    1.2374362685E+01    5.6746639528E-02
    1.1999800000E-03    1.2568203033E+00    2.1871730593E-01    1.2579413232E+01    5.6638629334E-02
    1.2399800000E-03    1.2637408270E+00    1.3046778667E-01    1.2751349304E+01    5.6527812606E-02
    1.2799800000E-03    1.2623190538E+00    4.4082218310E-02    1.2909037660E+01    5.6593672046E-02
    1.3199800000E-03    1.2527910603E+00   -4.8519263795E-02    1.3079964730E+01    5.6956065144E-02
    1.3599800000E-03    1.2295451100E+00   -1.5076769370E-01    1.3290964812E+01    5.7596493889E-02
    1.3999800000E-03    1.1835733964E+00   -2.5047186437E-01    1.3558767073E+01    5.8366063607E-02
    1.4399800000E-03    1.1103442294E+00   -3.2257717665E-01    1.3891158205E+01    5.9095384433E-02
    1.4799800000E-03    1.0206989448E+00   -3.4044879039E-01    1.4286615407E+01    5.9587186758E-02
    1.5199800000E-03    9.4302348800E-01   -2.9608448390E-01    1.4730417667E+01    5.9772664449E-02
    1.5599800000E-03    9.0502871348E-01   -2.0722888389E-01    1.5198234847E+01    5.9728865876E-02
    1.5999800000E-03    9.1599881701E-01   -1.0428133830E-01    1.5660866427E+01    5.9489350157E-02
    1.6399800000E-03    9.6636977547E-01   -1.6291742040E-02    1.6097044047E+01    5.9049998435E-02
    1.6799800000E-03    1.0306640244E+00    3.7254861956E-02    1.6497859729E+01    5.8473077074E-02
    1.7199800000E-03    1.0887227655E+00    5.2335903627E-02    1.6855465927E+01    5.7824488346E-02
    1.7599800000E-03    1.1351725903E+00    3.6474604853E-02    1.7163346276E+01    5.7204267395E-02
    1.7999800000E-03    1.1680128222E+00    3.8167409212E-03    1.7422421036E+01    5.6692004307E-02
    1.8399800000E-03    1.1887120475E+00   -3.2450208052E-02    1.7637397066E+01    5.6284950978E-02
    1.8799800000E-03    1.2008028619E+00   -6.5139126675E-02    1.7813416707E+01    5.5955339091E-02
    1.9199800000E-03    1.2075271656E+00   -9.2351651436E-02    1.7956651919E+01    5.5672526019E-02
    1.9599800000E-03    1.2110092695E+00   -1.1446608816E-01    1.8073632829E+01    5.5398202606E-02
    1.9999800000E-03    1.2125183462E+00   -1.3242141639E-01    1.8170256353E+01    5.5110193170E-02
    2.0399800000E-03    1.2128086441E+00   -1.4717585922E-01    1.8251582385E+01    5.4799977883E-02
    2.0799800000E-03    1.2123214015E+00   -1.5956185572E-01    1.8321823518E+01    5.4464862882E-02
    2.1199800000E-03    1.2113014976E+00   -1.7027283516E-01    1.8384465751E+01    5.4104771148E-02
    2.1599800000E-03    1.2098618521E+00   -1.7987887006E-01    1.8442463289E+01    5.3720602246E-02
    2.1999800000E-03    1.2080218992E+00   -1.8885544314E-01    1.8498419223E+01    5.3313043437E-02
    2.2399800000E-03    1.2057271928E+00   -1.9760289203E-01    1.8554723755E+01    5.2881876734E-02
    2.2799800000E-03    1.2028565546E+00   -2.0645143402E-01    1.8613657569E+01    5.2425813347E-02
    2.3199800000E-03    1.1992237927E+00   -2.1565906929E-01    1.8677466189E+01    5.1942615666E-02
    2.3599800000E-03    1.1945764806E+00   -2.2539688610E-01    1.8748409634E+01    5.1429806739E-02
    2.3999800000E-03    1.1885953441E+00   -2.3571883226E-01    1.8828774265E+01    5.0886082552E-02
    2.4399800000E-03    1.1808899595E+00   -2.4650678649E-01    1.8920839942E+01    5.0314849290E-02
    2.4799800000E-03    1.1709510720E+00   -2.5745194235E-01    1.9026999720E+01    4.9734446467E-02
    2.5199800000E-03    1.1579718440E+00   -2.6817819353E-01    1.9150367433E+01    4.9180214161E-02
    2.5599800000E-03    1.1406597232E+00   -2.7840209815E-01    1.9294682498E+01    4.8655877448E-02
    2.5999800000E-03    1.1174280199E+00   -2.8793197151E-01    1.9462358200E+01    4.8128485681E-02
    2.6399800000E-03    1.0866916926E+00   -2.9627150402E-01    1.9654942039E+01    4.7597059428E-02
    2.6799800000E-03    1.0467389074E+00   -3.0163003473E-01    1.9875054700E+01    4.7049959090E-02
    2.7199800000E-03    9.9563983716E-01   -2.9954671215E-01    2.0126660282E+01    4.6483608757E-02
    2.7599800000E-03    9.3205666508E-01   -2.8210463025E-01    2.0416824510E+01    4.5932670387E-02
    2.7999800000E-03    8.5883482294E-01   -2.3891779757E-01    2.0752438140E+01    4.5403670274E-02
    2.8399800000E-03    7.8476101218E-01   -1.6185928199E-01    2.1138240132E+01    4.4907717452E-02
    2.8799800000E-03    7.2266312630E-01   -4.9834986977E-02    2.1575644315E+01    4.4503241285E-02
    2.9199800000E-03    6.9144016255E-01    8.8997316250E-02    2.2059370979E+01    4.4208585125E-02
    2.9599800000E-03    7.1271379656E-01    2.3479752419E-01    2.2567304447E+01    4.4079139408E-02
    2.9999800000E-03    7.8972539304E-01    3.5835863424E-01    2.3063117296E+01    4.4117068498E-02
    3.0399800000E-03    9.0193806033E-01    4.3404082765E-01    2.3518543498E+01    4.4269169916E-02
    3.0799800000E-03    1.0220525370E+00    4.4957715333E-01    2.3922181378E+01    4.4428529845E-02
    3.1199800000E-03    1.1242614923E+00    4.0940982953E-01    2.4271411911E+01    4.4453163678E-02
    3.1599800000E-03    1.1946584397E+00    3.3300646902E-01    2.4566723572E+01    4.4312931077E-02
    3.1999800000E-03    1.2350056396E+00    2.4085433819E-01    2.4811027556E+01    4.4046708965E-02
    3.2399800000E-03    1.2539058548E+00    1.4805998559E-01    2.5009206574E+01    4.3742249295E-02
    3.2799800000E-03    1.2601874406E+00    6.1645496975E-02    2.5173577811E+01    4.3550140393E-02
    3.3199800000E-03    1.2586960583E+00   -2.2144571266E-02    2.5327404382E+01    4.3607087827E-02
    3.3599800000E-03    1.2486928417E+00   -1.1196414168E-01    2.5499160999E+01    4.3944158178E-02
    3.3999800000E-03    1.2239748383E+00   -2.0925181825E-01    2.5712141526E+01    4.4455871725E-02
    3.4399800000E-03    1.1754803529E+00   -3.0240920027E-01    2.5978535347E+01    4.4987885570E-02
    3.4799800000E-03    1.0973833493E+00   -3.7057594085E-01    2.6303926725E+01    4.5423078150E-02
    3.5199800000E-03    9.9640438708E-01   -3.8930243281E-01    2.6689462671E+01    4.5670689234E-02
    3.5599800000E-03    8.9689889043E-01   -3.4674883392E-01    2.7127520227E+01    4.5734178221E-02
    3.5999800000E-03    8.2855522147E-01   -2.5310132094E-01    2.7602130482E+01    4.5686634883E-02
    3.6399800000E-03    8.1134189013E-01   -1.3402499985E-01    2.8085422595E+01    4.5602000685E-02
    3.6799800000E-03    8.4607662200E-01   -2.0625746293E-02    2.8546868786E+01    4.5496509978E-02
    3.7199800000E-03    9.1485468181E-01    6.1545063602E-02    2.8966646127E+01    4.5366567850E-02
    3.7599800000E-03    9.9066588940E-01    1.0217294972E-01    2.9337536308E+01    4.5184499755E-02
    3.7999800000E-03    1.0531501285E+00    1.0986866425E-01    2.9658098767E+01    4.5018239946E-02
    3.8399800000E-03    1.0978912000E+00    9.9888370294E-02    2.9930652221E+01    4.4920771650E-02
    3.8799800000E-03    1.1284458613E+00    8.2700805558E-02    3.0160621138E+01    4.4904609379E-02
    3.9199800000E-03    1.1491071497E+00    6.3478851282E-02    3.0353185158E+01    4.4965278823E-02
    3.9599800000E-03    1.1629878126E+00    4.4852924000E-02    3.0512279447E+01    4.5087715658E-02
    3.9999800000E-03    1.1722073085E+00    2.8304438687E-02    3.0641604798E+01    4.5246413885E-02
    4.0399800000E-03    1.1782462370E+00    1.4559199285E-02    3.0744810897E+01    4.5416333327E-02
    4.0799800000E-03    1.1821424899E+00    3.7962291280E-03    3.0825229101E+01    4.5581140804E-02
    4.1199800000E-03    1.1845962579E+00   -4.0885958401E-03    3.0885686069E+01    4.5733747918E-02
    4.1599800000E-03    1.1860639865E+00   -9.3255948530E-03    3.0928440953E+01    4.5874419758E-02
    4.1999800000E-03    1.1868267585E+00   -1.2153712237E-02    3.0955174905E+01    4.6007192830E-02
    4.2399800000E-03    1.1870361198E+00   -1.2745064645E-02    3.0966970552E+01    4.6137466915E-02
    4.2799800000E-03    1.1867422071E+00   -1.1181441329E-02    3.0964289306E+01    4.6271173131E-02
    4.3199800000E-03    1.1859040554E+00   -7.4463303677E-03    3.0946964939E+01    4.6414459070E-02
    4.3599800000E-03    1.1843844939E+00   -1.4266922462E-03    3.0914209437E+01    4.6573344641E-02
    4.3999800000E-03    1.1819310237E+00    7.0632353750E-03    3.0864630164E+01    4.6753064776E-02
    4.4399800000E-03    1.1781406999E+00    1.8232404010E-02    3.0796268584E+01    4.6956459455E-02
    4.4799800000E-03    1.1724023529E+00    3.2241549573E-02    3.0706658607E+01    4.7180517015E-02
    4.5199800000E-03    1.1638224305E+00    4.9036577697E-02    3.0592856908E+01    4.7412045616E-02
    4.5599800000E-03    1.1511229572E+00    6.8140793668E-02    3.0451526837E+01    4.7627649383E-02
    4.5999800000E-03    1.1324984823E+00    8.8409397862E-02    3.0279160428E+01    4.7798694291E-02
    4.6399800000E-03    1.1053529931E+00    1.0775555053E-01    3.0072159296E+01    4.7903562731E-02
    4.6799800000E-03    1.0659223081E+00    1.2242644184E-01    2.9826152551E+01    4.7940260393E-02
    4.7199800000E-03    1.0096459181E+00    1.2494443390E-01    2.9535278800E+01    4.7919894359E-02
    4.7599800000E-03    9.3565647111E-01    1.0178749951E-01    2.9194507423E+01    4.7863387196E-02
    4.7999800000E-03    8.5662728753E-01    3.8625661995E-02    2.8801782727E+01    4.7811440402E-02
    4.8399800000E-03    7.9881508293E-01   -6.4694619411E-02    2.8359596879E+01    4.7772707304E-02
    4.8799800000E-03    7.8714949385E-01   -1.8978384871E-01    2.7880452218E+01    4.7743754888E-02
    4.9199800000E-03    8.3273304182E-01   -3.0653246567E-01    2.7392221632E+01    4.7690179028E-02
    4.9599800000E-03    9.2429411424E-01   -3.8388500095E-01    2.6927420262E+01    4.7662079630E-02
    4.9999800000E-03    1.0345631610E+00   -4.0127607925E-01    2.6508368741E+01    4.7756538782E-02
    5.0399800000E-03    1.1329560526E+00   -3.5713490843E-01    2.6146432707E+01    4.8060977563E-02
    5.0799800000E-03    1.2013074836E+00   -2.7169536438E-01    2.5845367755E+01    4.8544696128E-02
    5.1199800000E-03    1.2399351447E+00   -1.6980293838E-01    2.5601866627E+01    4.9102228648E-02
    5.1599800000E-03    1.2576527637E+00   -6.9865147631E-02    2.5408311556E+01    4.9578344133E-02
    5.1999800000E-03    1.2633167378E+00    2.1790710578E-02    2.5246685775E+01    4.9791266027E-02
    5.2399800000E-03    1.2607795863E+00    1.1190223404E-01    2.5088170429E+01    4.9688524675E-02
    5.2799800000E-03    1.2474814555E+00    2.0813522562E-01    2.4904209273E+01    4.9385225498E-02
    5.3199800000E-03    1.2152943681E+00    3.0742887594E-01    2.4676968654E+01    4.9073346749E-02
    5.3599800000E-03    1.1541092052E+00    3.9626574410E-01    2.4399524573E+01    4.8886888931E-02
    5.3999800000E-03    1.0580079408E+00    4.5507569424E-01    2.4068975302E+01    4.8887352034E-02
    5.4399800000E-03    9.3476214810E-01    4.6175393254E-01    2.3684196409E+01    4.9077475305E-02
    5.4799800000E-03    8.0843891412E-01    4.0490633090E-01    2.3245636353E+01    4.9301592859E-02
    5.5199800000E-03    7.0739138217E-01    2.9079226248E-01    2.2758447883E+01    4.9415642453E-02
    5.5599800000E-03    6.5831293267E-01    1.4148315006E-01    2.2242562914E+01    4.9321498648E-02
    5.5999800000E-03    6.6878355853E-01   -1.2425880519E-02    2.1735366101E+01    4.8998735541E-02
    5.6399800000E-03    7.2118178461E-01   -1.4643348590E-01    2.1268624290E+01    4.8487576715E-02
    5.6799800000E-03    7.9551099285E-01   -2.4711414516E-01    2.0853297275E+01    4.7848870003E-02
    5.7199800000E-03    8.7778246503E-01   -3.0961655996E-01    2.0490970469E+01    4.7164733924E-02
    5.7599800000E-03    9.5491414794E-01   -3.3881970608E-01    2.0176902511E+01    4.6478196716E-02
    5.7999800000E-03    1.0196055042E+00   -3.4543399231E-01    1.9904123775E+01    4.5799239682E-02
    5.8399800000E-03    1.0708229414E+00   -3.3989763624E-01    1.9665562066E+01    4.5184945397E-02
    5.8799800000E-03    1.1103569052E+00   -3.2849370306E-01    1.9456231038E+01    4.4612568371E-02
    5.9199800000E-03    1.1405323513E+00   -3.1369319160E-01    1.9272582172E+01    4.4043530039E-02
    5.9599800000E-03    1.1635265939E+00   -2.9622201201E-01    1.9112128061E+01    4.3448436406E-02
    5.9999800000E-03    1.1810834044E+00   -2.7674758808E-01    1.8971403722E+01    4.2847374901E-02
    6.0399800000E-03    1.1942462862E+00   -2.5633864860E-01    1.8847682445E+01    4.2294165364E-02
    6.0799800000E-03    1.2038300596E+00   -2.3589631688E-01    1.8738618265E+01    4.1796707223E-02
    6.1199800000E-03    1.2106263317E+00   -2.1580497945E-01    1.8641165674E+01    4.1345910561E-02
    6.1599800000E-03    1.2153099360E+00   -1.9597784001E-01    1.8551696240E+01    4.0935575987E-02
    6.1999800000E-03    1.2183586117E+00   -1.7596521217E-01    1.8466215616E+01    4.0562741750E-02
    6.2399800000E-03    1.2200213110E+00   -1.5502835062E-01    1.8380379145E+01    4.0225543633E-02
    6.2799800000E-03    1.2202955384E+00   -1.3216532398E-01    1.8289331997E+01    3.9920355371E-02
    6.3199800000E-03    1.2188564435E+00   -1.0608739694E-01    1.8187415862E+01    3.9638476108E-02
    6.3599800000E-03    1.2149171442E+00   -7.5281390060E-02    1.8067872809E+01    3.9363151281E-02
    6.3999800000E-03    1.2069759500E+00   -3.8360469992E-02    1.7922870252E+01    3.9068222194E-02
    6.4399800000E-03    1.1924666308E+00    4.9116842054E-03    1.7744186866E+01    3.8721571009E-02
    6.4799800000E-03    1.1676043963E+00    5.1507231633E-02    1.7524353327E+01    3.8295490784E-02
    6.5199800000E-03    1.1285733897E+00    9.2075455334E-02    1.7256884385E+01    3.7770904216E-02
    6.5599800000E-03    1.0752299764E+00    1.1049610269E-01    1.6936812332E+01    3.7163818925E-02
    6.5999800000E-03    1.0142477182E+00    9.1716223185E-02    1.6565279006E+01    3.6555262805E-02
    6.6399800000E-03    9.5676598226E-01    3.1733029343E-02    1.6152008714E+01    3.6064431616E-02
    6.6799800000E-03    9.1716271041E-01   -5.9170236908E-02    1.5708944809E+01    3.5748001822E-02
    6.7199800000E-03    9.1298686793E-01   -1.5985427022E-01    1.5247906046E+01    3.5591188715E-02
    6.7599800000E-03    9.5075847681E-01   -2.4429273200E-01    1.4789122574E+01    3.5627332229E-02
    6.7999800000E-03    1.0217528764E+00   -2.8661777031E-01    1.4358154554E+01    3.5889675398E-02
    6.8399800000E-03    1.1029081506E+00   -2.7261834431E-01    1.3976485833E+01    3.6395639697E-02
    6.8799800000E-03    1.1702172423E+00   -2.1049791455E-01    1.3656253319E+01    3.7050109201E-02
    6.9199800000E-03    1.2139742880E+00   -1.2426586740E-01    1.3397335696E+01    3.7703965628E-02
    6.9599800000E-03    1.2375181102E+00   -3.6289791750E-02    1.3191939124E+01    3.8257707458E-02
    6.9999800000E-03    1.2482431919E+00    4.2487999872E-02    1.3026533016E+01    3.8636987073E-02
    7.0399800000E-03    1.2514130189E+00    1.1307420939E-01    1.2881430776E+01    3.8835719155E-02
    7.0799800000E-03    1.2485208626E+00    1.8130097275E-01    1.2735578877E+01    3.8915116879E-02
    7.1199800000E-03    1.2376616672E+00    2.5099869601E-01    1.2571686992E+01    3.8971160164E-02
    7.1599800000E-03    1.2142436541E+00    3.2114862291E-01    1.2379227511E+01    3.9116491039E-02
    7.1999800000E-03    1.1724788137E+00    3.8633692172E-01    1.2153851916E+01    3.9439613876E-02
    7.2399800000E-03    1.1078822292E+00    4.3813750650E-01    1.1893676351E+01    3.9974316325E-02
    7.2799800000E-03    1.0196750223E+00    4.6635240071E-01    1.1595719532E+01    4.0706909835E-02
    7.3199800000E-03    9.1165747079E-01    4.6024085210E-01    1.1255399945E+01    4.1579588538E-02
    7.3599800000E-03    7.9389059202E-01    4.0844461643E-01    1.0866616490E+01    4.2502562579E-02
    7.3999800000E-03    6.8596613774E-01    3.0408103008E-01    1.0423468139E+01    4.3312814026E-02
    7.4399800000E-03    6.1109620341E-01    1.5571437012E-01    9.9281933982E+00    4.3883560746E-02
    7.4799800000E-03    5.8589464003E-01   -1.5271815358E-02    9.3973009304E+00    4.4109128248E-02
    7.5199800000E-03    6.1702372027E-01   -1.8566823394E-01    8.8660656626E+00    4.3941931907E-02
    7.5599800000E-03    6.9902918463E-01   -3.3103579361E-01    8.3702771792E+00    4.3436511007E-02
    7.5999800000E-03    8.1354113666E-01   -4.2902772680E-01    7.9265760986E+00    4.2692350949E-02
    7.6399800000E-03    9.3567301138E-01   -4.7204059526E-01    7.5371459755E+00    4.1854511962E-02
    7.6799800000E-03    1.0455830296E+00   -4.6729080838E-01    7.1965205662E+00    4.1089525906E-02
    7.7199800000E-03    1.1323706824E+00   -4.2666059474E-01    6.8993313214E+00    4.0496025743E-02
    7.7599800000E-03    1.1923067259E+00   -3.6314878458E-01    6.6419511135E+00    4.0126981267E-02
    7.7999800000E-03    1.2281930973E+00   -2.8855442187E-01    6.4220687035E+00    3.9969250414E-02
    7.8399800000E-03    1.2463706199E+00   -2.1171095932E-01    6.2369885340E+00    3.9949062418E-02
    7.8799800000E-03    1.2532981735E+00   -1.3716599352E-01    6.0790845070E+00    3.9949961285E-02
    7.9199800000E-03    1.2529859575E+00   -6.3517203744E-02    5.9327946622E+00    3.9851623672E-02
    7.9599800000E-03    1.2457735148E+00    1.5368308666E-02    5.7763901484E+00    3.9565950788E-02
    7.9999800000E-03    1.2277888487E+00    1.0395147416E-01    5.5872822158E+00    3.9072174540E-02
    8.0399800000E-03    1.1916363329E+00    1.9621164289E-01    5.3486836338E+00    3.8444539235E-02
    8.0799800000E-03    1.1309328230E+00    2.7321700196E-01    5.0509416454E+00    3.7793100421E-02
    8.1199800000E-03    1.0490143483E+00    3.0961017883E-01    4.6902779272E+00    3.7255064054E-02
    8.1599800000E-03    9.6561323583E-01    2.8874560424E-01    4.2739005089E+00    3.6952727333E-02
    8.1999800000E-03    9.0806270165E-01    2.1644007052E-01    3.8194958170E+00    3.6868718564E-02
    8.2399800000E-03    8.9324825739E-01    1.1627537374E-01    3.3528492307E+00    3.6965392633E-02
    8.2799800000E-03    9.2202130615E-01    1.6510596056E-02    2.8990401947E+00    3.7230129891E-02
    8.3199800000E-03    9.7929944418E-01   -5.8275538327E-02    2.4740678301E+00    3.7632625399E-02
    8.3599800000E-03    1.0436433191E+00   -9.4204170940E-02    2.0880406880E+00    3.8151104632E-02
    8.3999800000E-03    1.1016403227E+00   -9.1736314998E-02    1.7505477167E+00    3.8709320178E-02
    8.4399800000E-03    1.1460856213E+00   -6.2894669924E-02    1.4648818600E+00    3.9206942466E-02
    8.4799800000E-03    1.1758651348E+00   -2.3313040018E-02    1.2276028725E+00    3.9611832166E-02
    8.5199800000E-03    1.1941563113E+00    1.6267126126E-02    1.0330001660E+00    3.9935344725E-02
    8.5599800000E-03    1.2048107748E+00    5.1295663551E-02    8.7489710798E-01    4.0202138068E-02
    8.5999800000E-03    1.2106935251E+00    8.0812435549E-02    7.4643253253E-01    4.0444427633E-02
    8.6399800000E-03    1.2136355155E+00    1.0542407111E-01    6.4065002847E-01    4.0688259435E-02
    8.6799800000E-03    1.2147284601E+00    1.2621410315E-01    5.5123133365E-01    4.0949535748E-02
    8.7199800000E-03    1.2145854124E+00    1.4427235460E-01    4.7278332561E-01    4.1236279432E-02
    8.7599800000E-03    1.2135107120E+00    1.6055659212E-01    4.0073666940E-01    4.1551907963E-02
    8.7999800000E-03    1.2115948949E+00    1.7587304003E-01    3.3111668668E-01    4.1898240250E-02
    8.8399800000E-03    1.2087598467E+00    1.9087041192E-01    2.6033816140E-01    4.2277396854E-02
    8.8799800000E-03    1.2047855057E+00    2.0605448813E-01    1.8507650174E-01    4.2692852854E-02
    8.9199800000E-03    1.1993127904E+00    2.2174079640E-01    1.0219813833E-01    4.3149553006E-02
    8.9599800000E-03    1.1918580860E+00    2.3800842557E-01    8.7799811795E-03    4.3652856902E-02
    8.9999800000E-03    1.1818369828E+00    2.5461117144E-01   -9.7808028507E-02    4.4203454984E-02
    9.0399800000E-03    1.1685626035E+00    2.7096856723E-01   -2.2003624666E-01    4.4781175467E-02
    9.0799800000E-03    1.1510503072E+00    2.8639121721E-01   -3.6102945438E-01    4.5340191846E-02
    9.1199800000E-03    1.1277384875E+00    3.0041750145E-01   -5.2436861869E-01    4.5872999333E-02
    9.1599800000E-03    1.0967367068E+00    3.1267472533E-01   -7.1217640331E-01    4.6408622939E-02
    9.1999800000E-03    1.0560602003E+00    3.2192374678E-01   -9.2665449236E-01    4.6962670568E-02
    9.2399800000E-03    1.0035519294E+00    3.2448679746E-01   -1.1715010630E+00    4.7567965428E-02
    9.2799800000E-03    9.3774188891E-01    3.1277028050E-01   -1.4524960940E+00    4.8197768137E-02
    9.3199800000E-03    8.6070443394E-01    2.7586120078E-01   -1.7774148000E+00    4.8824864157E-02
    9.3599800000E-03    7.8140643523E-01    2.0413811153E-01   -2.1522430239E+00    4.9448250910E-02
    9.3999800000E-03    7.1274115866E-01    9.5173102831E-02   -2.5801558032E+00    5.0010118311E-02
    9.4399800000E-03    6.7053656302E-01   -4.4270667728E-02   -3.0581096944E+00    5.0444883675E-02
    9.4799800000E-03    6.7768229737E-01   -1.9746966012E-01   -3.5695445611E+00    5.0683971350E-02
    9.5199800000E-03    7.4552760237E-01   -3.3618700786E-01   -4.0781190767E+00    5.0717960676E-02
    9.5599800000E-03    8.5764571989E-01   -4.3073431787E-01   -4.5503599796E+00    5.0580453257E-02
    9.5999800000E-03    9.8558087476E-01   -4.6362531681E-01   -4.9716885052E+00    5.0389477260E-02
    9.6399800000E-03    1.1007412373E+00   -4.3419442691E-01   -5.3385786970E+00    5.0311605719E-02
    9.6799800000E-03    1.1833623250E+00   -3.5980140406E-01   -5.6503980993E+00    5.0437414935E-02
    9.7199800000E-03    1.2320933630E+00   -2.6318049708E-01   -5.9090650770E+00    5.0726799906E-02
    9.7599800000E-03    1.2554997215E+00   -1.6239606046E-01   -6.1185252520E+00    5.1088862189E-02
    9.7999800000E-03    1.2636984626E+00   -6.7735765026E-02   -6.2898036368E+00    5.1348179760E-02
    9.8399800000E-03    1.2628740070E+00    2.3005630678E-02   -6.4466887856E+00    5.1324874433E-02
    9.8799800000E-03    1.2528270244E+00    1.1915916481E-01   -6.6200444442E+00    5.0978791078E-02
    9.9199800000E-03    1.2270254408E+00    2.2253291411E-01   -6.8350719720E+00    5.0448241884E-02
    9.9599800000E-03    1.1755952723E+00    3.2053786836E-01   -7.1041809094E+00    4.9922136221E-02
    9.9999800000E-03    1.0919528752E+00    3.9142060141E-01   -7.4325274075E+00    4.9527045129E-02
    1.0039980000E-02    9.8288104222E-01    4.0994995902E-01   -7.8209730331E+00    4.9343134832E-02
    1.0079980000E-02    8.7419185557E-01    3.6415933684E-01   -8.2625838483E+00    4.9328311708E-02
    1.0119980000E-02    7.9684595836E-01    2.6475638037E-01   -8.7428340274E+00    4.9377099742E-02
    1.0159980000E-02    7.7346608987E-01    1.3790791873E-01   -9.2339072703E+00    4.9395030282E-02
    1.0199980000E-02    8.0608143408E-01    1.5943669436E-02   -9.7024071969E+00    4.9384305095E-02
    1.0239980000E-02    8.7564115206E-01   -7.5103583698E-02   -1.0126165081E+01    4.9387842971E-02
    1.0279980000E-02    9.5546223512E-01   -1.2407412367E-01   -1.0497871169E+01    4.9395180679E-02
    1.0319980000E-02    1.0236735579E+00   -1.3806343320E-01   -1.0817986958E+01    4.9379998805E-02
    1.0359980000E-02    1.0739407278E+00   -1.3191972644E-01   -1.1090131935E+01    4.9318805209E-02
    1.0399980000E-02    1.1092769588E+00   -1.1654446434E-01   -1.1320269538E+01    4.9197427612E-02
    1.0439980000E-02    1.1339123933E+00   -9.7758108316E-02   -1.1513851632E+01    4.9001838638E-02
    1.0479980000E-02    1.1510282250E+00   -7.8682549543E-02   -1.1674866701E+01    4.8738077988E-02
    1.0519980000E-02    1.1628566287E+00   -6.1073679282E-02   -1.1806774061E+01    4.8431508463E-02
    1.0559980000E-02    1.1709747477E+00   -4.5830438177E-02   -1.1912853044E+01    4.8113545163E-02
    1.0599980000E-02    1.1764969690E+00   -3.3256501814E-02   -1.1996046043E+01    4.7809200967E-02
    1.0639980000E-02    1.1801978180E+00   -2.3333641325E-02   -1.2058936955E+01    4.7529450939E-02
    1.0679980000E-02    1.1826096001E+00   -1.5895143792E-02   -1.2103739801E+01    4.7274992874E-02
    1.0719980000E-02    1.1840872485E+00   -1.0740828920E-02   -1.2132200000E+01    4.7041879611E-02
    1.0759980000E-02    1.1848509681E+00   -7.7060601304E-03   -1.2145503316E+01    4.6823965430E-02
    1.0799980000E-02    1.1850106486E+00   -6.7218629119E-03   -1.2144250064E+01    4.6613963769E-02
    1.0839980000E-02    1.1845817668E+00   -7.8068686926E-03   -1.2128439836E+01    4.6404405301E-02
    1.0879980000E-02    1.1834868617E+00   -1.1059993839E-02   -1.2097461074E+01    4.6188714888E-02
    1.0919980000E-02    1.1815405509E+00   -1.6671201536E-02   -1.2050096301E+01    4.5961913120E-02
    1.0959980000E-02    1.1784223794E+00   -2.4877178233E-02   -1.1984548376E+01    4.5721357996E-02
    1.0999980000E-02    1.1736276853E+00   -3.5891334191E-02   -1.1898512052E+01    4.5469114125E-02
    1.1039980000E-02    1.1663990422E+00   -4.9749974183E-02   -1.1789215876E+01    4.5216617398E-02
    1.1079980000E-02    1.1556242848E+00   -6.6151493300E-02   -1.1653452194E+01    4.4985719200E-02
    1.1119980000E-02    1.1397267213E+00   -8.4183079105E-02   -1.1487713218E+01    4.4803511863E-02
    1.1159980000E-02    1.1164840690E+00   -1.0205952260E-01   -1.1288360808E+01    4.4693458703E-02
    1.1199980000E-02    1.0826873516E+00   -1.1669339611E-01   -1.1051280970E+01    4.4663110458E-02
    1.1239980000E-02    1.0340695242E+00   -1.2222030671E-01   -1.0771006771E+01    4.4709079567E-02
    1.1279980000E-02    9.6785186302E-01   -1.0745381439E-01   -1.0442261355E+01    4.4814886102E-02
    1.1319980000E-02    8.9107545361E-01   -5.7555715359E-02   -1.0062876487E+01    4.4929140669E-02
    1.1359980000E-02    8.2626656394E-01    3.3210630840E-02   -9.6344706254E+00    4.5016187239E-02
    1.1399980000E-02    7.9947067464E-01    1.5172735250E-01   -9.1659530474E+00    4.5089886090E-02
    1.1439980000E-02    8.2636538216E-01    2.7113885786E-01   -8.6799243712E+00    4.5158632733E-02
    1.1479980000E-02    9.0273747959E-01    3.6051012302E-01   -8.2079087478E+00    4.5200738219E-02
    1.1519980000E-02    1.0060752984E+00    3.9615114752E-01   -7.7759333771E+00    4.5137660050E-02
    1.1559980000E-02    1.1065937509E+00    3.7075335244E-01   -7.3979424630E+00    4.4895096115E-02
    1.1599980000E-02    1.1819210954E+00    2.9881460583E-01   -7.0799229966E+00    4.4475688506E-02
    1.1639980000E-02    1.2276037614E+00    2.0470085127E-01   -6.8198637474E+00    4.3965579380E-02
    1.1679980000E-02    1.2503575358E+00    1.0812201803E-01   -6.6119764614E+00    4.3480592872E-02
    1.1719980000E-02    1.2592049148E+00    1.9306615224E-02   -6.4432860286E+00    4.3175900017E-02
    1.1759980000E-02    1.2598627102E+00   -6.4354948753E-02   -6.2897224982E+00    4.3152062041E-02
    1.1799980000E-02    1.2524856000E+00   -1.5158936976E-01   -6.1227724179E+00    4.3373411855E-02
    1.1839980000E-02    1.2316872850E+00   -2.4520498814E-01   -5.9198717042E+00    4.3699909863E-02
    1.1879980000E-02    1.1884068356E+00   -3.3699635256E-01   -5.6695138147E+00    4.3984440566E-02
    1.1919980000E-02    1.1144577480E+00   -4.1084631033E-01   -5.3670561396E+00    4.4143603970E-02
    1.1959980000E-02    1.0096635048E+00   -4.4538896908E-01   -5.0097123325E+00    4.4137765182E-02
    1.1999980000E-02    8.9035440074E-01   -4.2225329009E-01   -4.5977555572E+00    4.4006174619E-02
    1.2039980000E-02    7.8335324520E-01   -3.3981411247E-01   -4.1354143185E+00    4.3883711972E-02
    1.2079980000E-02    7.1582243513E-01   -2.1299600662E-01   -3.6371186867E+00    4.3872634240E-02
    1.2119980000E-02    7.0523680744E-01   -6.9039227156E-02   -3.1337280181E+00    4.4014463424E-02
    1.2159980000E-02    7.4418599685E-01    6.3369106510E-02   -2.6600944181E+00    4.4291779907E-02
    1.2199980000E-02    8.1013139731E-01    1.6623347179E-01   -2.2345448025E+00    4.4652178445E-02
    1.2239980000E-02    8.8432435122E-01    2.3350284951E-01   -1.8606445940E+00    4.5086684978E-02
    1.2279980000E-02    9.5444346441E-01    2.6849499259E-01   -1.5360619735E+00    4.5561037369E-02
    1.2319980000E-02    1.0134227619E+00    2.8040598646E-01   -1.2560120972E+00    4.6061424871E-02
    1.2359980000E-02    1.0599225998E+00    2.7935238616E-01   -1.0134729695E+00    4.6582861133E-02
    1.2399980000E-02    1.0959080945E+00    2.7238936395E-01   -8.0158221583E-01    4.7105359379E-02
    1.2439980000E-02    1.1234213068E+00    2.6334624460E-01   -6.1684525995E-01    4.7628871333E-02
    1.2479980000E-02    1.1440522158E+00    2.5385576432E-01   -4.5691666067E-01    4.8157235200E-02
    1.2519980000E-02    1.1591907302E+00    2.4438117071E-01   -3.2022762162E-01    4.8670719754E-02
    1.2559980000E-02    1.1702085908E+00    2.3506488590E-01   -2.0505759836E-01    4.9175918036E-02
    1.2599980000E-02    1.1783260049E+00    2.2606378774E-01   -1.0842314645E-01    4.9695097770E-02
    1.2639980000E-02    1.1844233112E+00    2.1759979003E-01   -2.7009507952E-02    5.0223643047E-02
    1.2679980000E-02    1.1890684073E+00    2.0985971082E-01    4.1884687032E-02    5.0746526621E-02
    1.2719980000E-02    1.1926418693E+00    2.0293682889E-01    1.0045246812E-01    5.1254876420E-02
    1.2759980000E-02    1.1954205503E+00    1.9681682286E-01    1.5062426889E-01    5.1745485502E-02
    1.2799980000E-02    1.1976134030E+00    1.9140841802E-01    1.9414282342E-01    5.2217801224E-02
    1.2839980000E-02    1.1993794670E+00    1.8658257383E-01    2.3257950398E-01    5.2672447851E-02
    1.2879980000E-02    1.2008382033E+00    1.8218312972E-01    2.6735527250E-01    5.3110492491E-02
    1.2919980000E-02    1.2020796313E+00    1.7804512990E-01    2.9978224007E-01    5.3533017788E-02
    1.2959980000E-02    1.2031698012E+00    1.7399065635E-01    3.3110683532E-01    5.3940818525E-02
    1.2999980000E-02    1.2041553249E+00    1.6983032571E-01    3.6255890724E-01    5.4334265140E-02
    1.3039980000E-02    1.2050646011E+00    1.6535688570E-01    3.9540324295E-01    5.4713222176E-02
    1.3079980000E-02    1.2059057612E+00    1.6033522361E-01    4.3099561724E-01    5.5076987638E-02
    1.3119980000E-02    1.2066619251E+00    1.5449447810E-01    4.7084933540E-01    5.5424349691E-02
    1.3159980000E-02    1.2072801963E+00    1.4751206544E-01    5.1671223184E-01    5.5753562283E-02
    1.3199980000E-02    1.2076552005E+00    1.3900266486E-01    5.7066331953E-01    5.6062544729E-02
    1.3239980000E-02    1.2075991826E+00    1.2849598284E-01    6.3523065218E-01    5.6349443652E-02
    1.3279980000E-02    1.2068008626E+00    1.1543412017E-01    7.1354055956E-01    5.6613672855E-02
    1.3319980000E-02    1.2047554616E+00    9.9170093817E-02    8.0945871411E-01    5.6857486323E-02
    1.3359980000E-02    1.2006511429E+00    7.9005225106E-02    9.2763457915E-01    5.7088570251E-02
    1.3399980000E-02    1.1931779803E+00    5.4330431699E-02    1.0733813185E+00    5.7327406439E-02
    1.3439980000E-02    1.1802019825E+00    2.5060124986E-02    1.2524572088E+00    5.7611722812E-02
    1.3479980000E-02    1.1584943044E+00   -6.9337818343E-03    1.4703097643E+00    5.7970443630E-02
    1.3519980000E-02    1.1244193420E+00   -3.5052561355E-02    1.7316335076E+00    5.8425474832E-02
    1.3559980000E-02    1.0758399705E+00   -4.7062919929E-02    2.0411165103E+00    5.8973036527E-02
    1.3599980000E-02    1.0133173966E+00   -2.9128666301E-02    2.4001124277E+00    5.9545331136E-02
    1.3639980000E-02    9.4461432158E-01    2.8132939641E-02    2.8028887990E+00    6.0078702928E-02
    1.3679980000E-02    8.9573193185E-01    1.2079503463E-01    3.2433544676E+00    6.0452700760E-02
    1.3719980000E-02    8.9108487802E-01    2.2683397446E-01    3.7108055380E+00    6.0659033818E-02
    1.3759980000E-02    9.3749788971E-01    3.1534770366E-01    4.1808572972E+00    6.0701021953E-02
    1.3799980000E-02    1.0219841105E+00    3.5610715932E-01    4.6234753701E+00    6.0524844008E-02
    1.3839980000E-02    1.1147039630E+00    3.3345579727E-01    5.0158266655E+00    6.0049797591E-02
    1.3879980000E-02    1.1880200537E+00    2.5778943265E-01    5.3447408999E+00    5.9343076307E-02
    1.3919980000E-02    1.2330087671E+00    1.5612525912E-01    5.6097366796E+00    5.8589424146E-02
    1.3959980000E-02    1.2552632106E+00    5.2699366668E-02    5.8186167025E+00    5.7962707068E-02
    1.3999980000E-02    1.2640317984E+00   -4.1199688990E-02    5.9886609425E+00    5.7627831373E-02
    1.4039980000E-02    1.2646729664E+00   -1.2995160021E-01    6.1479425251E+00    5.7608662927E-02
    1.4079980000E-02    1.2563096808E+00   -2.2184544836E-01    6.3249122126E+00    5.7777130221E-02
    1.4119980000E-02    1.2323161618E+00   -3.1687010020E-01    6.5383795371E+00    5.7940390147E-02
    1.4159980000E-02    1.1829228088E+00   -4.0552490316E-01    6.7959190791E+00    5.7952840778E-02
    1.4199980000E-02    1.1000974727E+00   -4.7305301529E-01    7.1001488078E+00    5.7744258989E-02
    1.4239980000E-02    9.8437923836E-01   -5.0087235744E-01    7.4530603668E+00    5.7310974022E-02
    1.4279980000E-02    8.5142124763E-01   -4.7236587749E-01    7.8576414946E+00    5.6798996795E-02
    1.4319980000E-02    7.2564815487E-01   -3.8210697501E-01    8.3169310427E+00    5.6406374917E-02
    1.4359980000E-02    6.3459488839E-01   -2.4024255727E-01    8.8258193328E+00    5.6244428033E-02
    1.4399980000E-02    6.0101417929E-01   -7.3094575343E-02    9.3599052888E+00    5.6424734064E-02
    1.4439980000E-02    6.2366297582E-01    9.1124216157E-02    9.8777462191E+00    5.6982160734E-02
    1.4479980000E-02    6.8438778791E-01    2.3285660532E-01    1.0349768455E+01    5.7846044345E-02
    1.4519980000E-02    7.6926672697E-01    3.3872411507E-01    1.0767241512E+01    5.8928654080E-02
    1.4559980000E-02    8.6312657886E-01    4.0347006283E-01    1.1131011238E+01    6.0096833590E-02
    1.4599980000E-02    9.5117253280E-01    4.3344689258E-01    1.1448018447E+01    6.1256077714E-02
    1.4639980000E-02    1.0257586556E+00    4.4079707427E-01    1.1725691134E+01    6.2364267751E-02
    1.4679980000E-02    1.0873571281E+00    4.3401201546E-01    1.1972150243E+01    6.3429094458E-02
    1.4719980000E-02    1.1385220052E+00    4.1620778077E-01    1.2193639748E+01    6.4408813664E-02
    1.4759980000E-02    1.1793044601E+00    3.8940631584E-01    1.2394215535E+01    6.5272765940E-02
    1.4799980000E-02    1.2090608784E+00    3.5627218407E-01    1.2576301431E+01    6.6026440580E-02
    1.4839980000E-02    1.2288389504E+00    3.1894145075E-01    1.2742305160E+01    6.6648418330E-02
    1.4879980000E-02    1.2406492573E+00    2.7877750764E-01    1.2894291083E+01    6.7121689704E-02
    1.4919980000E-02    1.2465772284E+00    2.3636757392E-01    1.3035174738E+01    6.7472720070E-02
    1.4959980000E-02    1.2481754794E+00    1.9100813943E-01    1.3170748401E+01    6.7763827336E-02
    1.4999980000E-02    1.2459635337E+00    1.4025790555E-01    1.3310770898E+01    6.8076847021E-02
    1.5039980000E-02    1.2388584122E+00    8.0322748144E-02    1.3469330881E+01    6.8500537122E-02
    1.5079980000E-02    1.2233844859E+00    9.3169941776E-03    1.3662834590E+01    6.9094742006E-02
    1.5119980000E-02    1.1941147632E+00   -6.5921475602E-02    1.3904887428E+01    6.9872612952E-02
    1.5159980000E-02    1.1484044725E+00   -1.2587220687E-01    1.4204357950E+01    7.0813714707E-02
    1.5199980000E-02    1.0940885909E+00   -1.4498711168E-01    1.4563167904E+01    7.1785352269E-02
    1.5239980000E-02    1.0478414351E+00   -1.1074108852E-01    1.4969320802E+01    7.2560535382E-02
    1.5279980000E-02    1.0187489496E+00   -3.1573978959E-02    1.5401836312E+01    7.3044001126E-02
    1.5319980000E-02    1.0028336237E+00    6.9925594761E-02    1.5845944950E+01    7.3285851842E-02
    1.5359980000E-02    1.0065447167E+00    1.6236773252E-01    1.6296121372E+01    7.3259158768E-02
    1.5399980000E-02    1.0423109174E+00    2.2437000462E-01    1.6737716713E+01    7.2940334558E-02
    1.5439980000E-02    1.1044207351E+00    2.3335905847E-01    1.7146354631E+01    7.2252253227E-02
    1.5479980000E-02    1.1693009715E+00    1.8333013312E-01    1.7498263341E+01    7.1300743228E-02
    1.5519980000E-02    1.2166654824E+00    9.6125830612E-02    1.7784158891E+01    7.0366205273E-02
    1.5559980000E-02    1.2433105935E+00    1.1413143916E-03    1.8009853280E+01    6.9606285968E-02
    1.5599980000E-02    1.2558066486E+00   -8.4132433053E-02    1.8189686055E+01    6.9079175487E-02
    1.5639980000E-02    1.2603391176E+00   -1.5820119914E-01    1.8345085363E+01    6.8776772138E-02
    1.5679980000E-02    1.2590409477E+00   -2.2666865121E-01    1.8498200918E+01    6.8601651056E-02
    1.5719980000E-02    1.2504417190E+00   -2.9322421289E-01    1.8665319964E+01    6.8419769973E-02
    1.5759980000E-02    1.2304960072E+00   -3.5723145190E-01    1.8855080437E+01    6.8096558638E-02
    1.5799980000E-02    1.1940757765E+00   -4.1514689955E-01    1.9070259424E+01    6.7540805838E-02
    1.5839980000E-02    1.1371742588E+00   -4.6184043130E-01    1.9311866509E+01    6.6728542933E-02
    1.5879980000E-02    1.0594765317E+00   -4.9089255635E-01    1.9581867278E+01    6.5687799607E-02
    1.5919980000E-02    9.6403305129E-01   -4.9552263339E-01    1.9885383648E+01    6.4460330419E-02
    1.5959980000E-02    8.5420825547E-01   -4.6715880184E-01    2.0229569757E+01    6.3137650273E-02
    1.5999980000E-02    7.3971496742E-01   -3.9446344775E-01    2.0622816571E+01    6.1838026859E-02
    1.6039980000E-02    6.4037161621E-01   -2.7199916639E-01    2.1072244186E+01    6.0724532533E-02
    1.6079980000E-02    5.7629834328E-01   -1.1104991194E-01    2.1576776982E+01    5.9910733933E-02
    1.6119980000E-02    5.6158719507E-01    6.7868106799E-02    2.2120278844E+01    5.9549760026E-02
    1.6159980000E-02    6.0569262298E-01    2.4388122389E-01    2.2662538100E+01    5.9648715971E-02
    1.6199980000E-02    7.0325497860E-01    3.9013067905E-01    2.3164471274E+01    6.0153707206E-02
    1.6239980000E-02    8.3160778950E-01    4.8269590418E-01    2.3611181627E+01    6.0938503254E-02
    1.6279980000E-02    9.6420932995E-01    5.1601886095E-01    2.4002712955E+01    6.1841515605E-02
    1.6319980000E-02    1.0806769528E+00    4.9830267809E-01    2.4345509261E+01    6.2658953354E-02
    1.6359980000E-02    1.1678893785E+00    4.4341517238E-01    2.4645278283E+01    6.3238594670E-02
    1.6399980000E-02    1.2231113642E+00    3.6624450840E-01    2.4904577292E+01    6.3532264522E-02
    1.6439980000E-02    1.2521933756E+00    2.7909531517E-01    2.5124835758E+01    6.3593367192E-02
    1.6479980000E-02    1.2639054938E+00    1.9094320053E-01    2.5310030002E+01    6.3539971120E-02
    1.6519980000E-02    1.2654776624E+00    1.0487462429E-01    2.5472452802E+01    6.3552344434E-02
    1.6559980000E-02    1.2596242695E+00    1.5591930379E-02    2.5635245829E+01    6.3799084999E-02
    1.6599980000E-02    1.2433400129E+00   -8.4040766112E-02    2.5826787527E+01    6.4357363107E-02
    1.6639980000E-02    1.2085118028E+00   -1.8914154671E-01    2.6069897015E+01    6.5145460298E-02
    1.6679980000E-02    1.1478526529E+00   -2.7769438200E-01    2.6376819947E+01    6.6003365072E-02
    1.6719980000E-02    1.0661542127E+00   -3.2023829743E-01    2.6750327934E+01    6.6711714712E-02
    1.6759980000E-02    9.8759171118E-01   -2.9941585195E-01    2.7178452345E+01    6.7077192739E-02
    1.6799980000E-02    9.4214653323E-01   -2.2617741876E-01    2.7637584590E+01    6.7134607336E-02
    1.6839980000E-02    9.4277393573E-01   -1.2940866272E-01    2.8099156687E+01    6.6924361120E-02
    1.6879980000E-02    9.8221329535E-01   -3.7715929796E-02    2.8541458785E+01    6.6474716867E-02
    1.6919980000E-02    1.0369133099E+00    2.8131423150E-02    2.8955145828E+01    6.5840904630E-02
    1.6959980000E-02    1.0904655518E+00    5.5698583569E-02    2.9332186090E+01    6.5039719660E-02
    1.6999980000E-02    1.1384228998E+00    4.4553821218E-02    2.9661265052E+01    6.4223648490E-02
    1.7039980000E-02    1.1751283990E+00    7.5288071117E-03    2.9938879315E+01    6.3516246882E-02
    1.7079980000E-02    1.1989350796E+00   -3.8504988521E-02    3.0168705027E+01    6.2949822505E-02
    1.7119980000E-02    1.2125717339E+00   -8.1698668597E-02    3.0356526297E+01    6.2494724983E-02
    1.7159980000E-02    1.2197588353E+00   -1.1768643502E-01    3.0509684827E+01    6.2115160293E-02
    1.7199980000E-02    1.2231387450E+00   -1.4684413510E-01    3.0636921088E+01    6.1766454735E-02
    1.7239980000E-02    1.2241658185E+00   -1.7085951232E-01    3.0746122445E+01    6.1406803931E-02
    1.7279980000E-02    1.2235681069E+00   -1.9133154753E-01    3.0843629546E+01    6.1014806786E-02
    1.7319980000E-02    1.2216540219E+00   -2.0950949031E-01    3.0934557314E+01    6.0582301407E-02
    1.7359980000E-02    1.2184633591E+00   -2.2630798593E-01    3.1023095584E+01    6.0107050386E-02
    1.7399980000E-02    1.2138371498E+00   -2.4236649395E-01    3.1112794912E+01    5.9590812815E-02
    1.7439980000E-02    1.2074504903E+00   -2.5810323123E-01    3.1206867506E+01    5.9037852799E-02
    1.7479980000E-02    1.1988336764E+00   -2.7371432486E-01    3.1308403414E+01    5.8451579695E-02
    1.7519980000E-02    1.1874312599E+00   -2.8912581103E-01    3.1420400873E+01    5.7831163930E-02
    1.7559980000E-02    1.1727262455E+00   -3.0390617541E-01    3.1545551970E+01    5.7170248124E-02
    1.7599980000E-02    1.1543222386E+00   -3.1725242396E-01    3.1685958274E+01    5.6476244678E-02
    1.7639980000E-02    1.1314765823E+00   -3.2841505245E-01    3.1844390454E+01    5.5814949846E-02
    1.7679980000E-02    1.1024681577E+00   -3.3712211807E-01    3.2024834133E+01    5.5204561583E-02
    1.7719980000E-02    1.0651386739E+00   -3.4301107589E-01    3.2229880657E+01    5.4601228789E-02
    1.7759980000E-02    1.0172950435E+00   -3.4411048645E-01    3.2463094527E+01    5.3961610067E-02
    1.7799980000E-02    9.5725143455E-01   -3.3482744744E-01    3.2729363936E+01    5.3260586069E-02
    1.7839980000E-02    8.8539935323E-01   -3.0560864988E-01    3.3035858541E+01    5.2563555332E-02
    1.7879980000E-02    8.0760475371E-01   -2.4613118646E-01    3.3389624421E+01    5.1879017425E-02
    1.7919980000E-02    7.3508045366E-01   -1.5077142265E-01    3.3795655077E+01    5.1235510375E-02
    1.7959980000E-02    6.8051677811E-01   -2.2364130953E-02    3.4253601914E+01    5.0720475781E-02
    1.7999980000E-02    6.6347847950E-01    1.2796128608E-01    3.4755105902E+01    5.0377023194E-02
    1.8039980000E-02    7.0394505425E-01    2.7761952493E-01    3.5271285520E+01    5.0253934885E-02
    1.8079980000E-02    7.9795977059E-01    3.9654929579E-01    3.5763790196E+01    5.0339295974E-02
    1.8119980000E-02    9.2045182152E-01    4.6154033435E-01    3.6209573498E+01    5.0553042012E-02
    1.8159980000E-02    1.0437353007E+00    4.6444391594E-01    3.6601964989E+01    5.0770293992E-02
    1.8199980000E-02    1.1431230137E+00    4.1412743032E-01    3.6940598496E+01    5.0828057229E-02
    1.8239980000E-02    1.2084117309E+00    3.3147917013E-01    3.7226720107E+01    5.0705263851E-02
    1.8279980000E-02    1.2439398528E+00    2.3584288650E-01    3.7463089129E+01    5.0447022208E-02
    1.8319980000E-02    1.2593070099E+00    1.4119898248E-01    3.7655177584E+01    5.0159701910E-02
    1.8359980000E-02    1.2631885608E+00    5.2652358585E-02    3.7817611937E+01    5.0018960725E-02
    1.8399980000E-02    1.2593622536E+00   -3.5667533736E-02    3.7976446600E+01    5.0166569510E-02
    1.8439980000E-02    1.2454502831E+00   -1.3199409822E-01    3.8161236244E+01    5.0614223878E-02
    1.8479980000E-02    1.2136242185E+00   -2.3364364433E-01    3.8393549915E+01    5.1221484660E-02
    1.8519980000E-02    1.1548514694E+00   -3.2409641736E-01    3.8683477053E+01    5.1822640772E-02
    1.8559980000E-02    1.0669382347E+00   -3.7884400103E-01    3.9035465456E+01    5.2286430338E-02
    1.8599980000E-02    9.6470493734E-01   -3.7514639294E-01    3.9446382078E+01    5.2516241679E-02
    1.8639980000E-02    8.7808419225E-01   -3.1090606845E-01    3.9903430306E+01    5.2549048344E-02
    1.8679980000E-02    8.3462126592E-01   -2.0543515676E-01    4.0383821880E+01    5.2467092696E-02
    1.8719980000E-02    8.4547321958E-01   -8.9395421355E-02    4.0856375273E+01    5.2325685291E-02
    1.8759980000E-02    9.0150948405E-01    6.6361603567E-03    4.1295281682E+01    5.2134892429E-02
    1.8799980000E-02    9.7764020065E-01    6.2654949172E-02    4.1688855052E+01    5.1852379761E-02
    1.8839980000E-02    1.0466029138E+00    7.8925803211E-02    4.2033536911E+01    5.1522361321E-02
    1.8879980000E-02    1.0974865197E+00    7.0460381446E-02    4.2328369628E+01    5.1250812115E-02
    1.8919980000E-02    1.1318596229E+00    5.1551067549E-02    4.2577392634E+01    5.1061046609E-02
    1.8959980000E-02    1.1542917238E+00    3.0124902917E-02    4.2785986883E+01    5.0958257576E-02
    1.8999980000E-02    1.1687845142E+00    9.4771204451E-03    4.2958616094E+01    5.0920871526E-02
    1.9039980000E-02    1.1780507801E+00   -8.9432449997E-03    4.3099140460E+01    5.0918152124E-02
    1.9079980000E-02    1.1838679146E+00   -2.4454464127E-02    4.3211547011E+01    5.0925466750E-02
    1.9119980000E-02    1.1874295363E+00   -3.6846810815E-02    4.3299736905E+01    5.0924593010E-02
    1.9159980000E-02    1.1895426053E+00   -4.6216206658E-02    4.3367104377E+01    5.0907128357E-02
    1.9199980000E-02    1.1907395006E+00   -5.2801324310E-02    4.3416363722E+01    5.0872282048E-02
    1.9239980000E-02    1.1913542857E+00   -5.6858302199E-02    4.3449528300E+01    5.0823656213E-02
    1.9279980000E-02    1.1915789018E+00   -5.8590516000E-02    4.3467946670E+01    5.0767069909E-02
    1.9319980000E-02    1.1915007465E+00   -5.8117132770E-02    4.3472342113E+01    5.0709217523E-02
    1.9359980000E-02    1.1911222033E+00   -5.5460930212E-02    4.3462835276E+01    5.0656997797E-02
    1.9399980000E-02    1.1903635632E+00   -5.0546337122E-02    4.3438948829E+01    5.0617215521E-02
    1.9439980000E-02    1.1890499265E+00   -4.3207314910E-02    4.3399596937E+01    5.0596195691E-02
    1.9479980000E-02    1.1868811196E+00   -3.3211252767E-02    4.3343061896E+01    5.0598834831E-02
    1.9519980000E-02    1.1833828485E+00   -2.0312854396E-02    4.3266967001E+01    5.0626797661E-02
    1.9559980000E-02    1.1778386973E+00   -4.3614175742E-03    4.3168278927E+01    5.0675821035E-02
    1.9599980000E-02    1.1692016156E+00    1.4524127361E-02    4.3043406021E+01    5.0732291496E-02
    1.9639980000E-02    1.1559588831E+00    3.5752703930E-02    4.2888472723E+01    5.0772438277E-02
    1.9679980000E-02    1.1358757261E+00    5.8071948932E-02    4.2699718473E+01    5.0769563470E-02
    1.9719980000E-02    1.1055428023E+00    7.9151389053E-02    4.2473277953E+01    5.0699534931E-02
    1.9759980000E-02    1.0601335414E+00    9.3875530313E-02    4.2204084366E+01    5.0557899100E-02
    1.9799980000E-02    9.9551526270E-01    9.0939773817E-02    4.1886507206E+01    5.0361220452E-02
    1.9839980000E-02    9.1622944554E-01    5.3456414505E-02    4.1517877371E+01    5.0168137118E-02
    1.9879980000E-02    8.4467891577E-01   -2.7997169270E-02    4.1099134834E+01    5.0040327365E-02
    1.9919980000E-02    8.0945771487E-01   -1.4189473986E-01    4.0637313457E+01    4.9938080433E-02
    1.9959980000E-02    8.2881526676E-01   -2.6115955351E-01    4.0153044828E+01    4.9855004665E-02
    1.9999980000E-02    9.0092661335E-01   -3.5326183481E-01    3.9677962735E+01    4.9809719963E-02
    2.0039980000E-02    1.0040951065E+00   -3.9160606496E-01    3.9240352061E+01    4.9889604343E-02
    2.0079980000E-02    1.1069676028E+00   -3.6593684194E-01    3.8856438423E+01    5.0185123375E-02
    2.0119980000E-02    1.1846437335E+00   -2.8981818804E-01    3.8534232815E+01    5.0694322807E-02
    2.0159980000E-02    1.2314992356E+00   -1.8925322478E-01    3.8272415675E+01    5.1303578480E-02
    2.0199980000E-02    1.2545073481E+00   -8.6088253111E-02    3.8064555577E+01    5.1861027862E-02
    2.0239980000E-02    1.2632177173E+00    8.7312490138E-03    3.7895591626E+01    5.2176183599E-02
    2.0279980000E-02    1.2632286684E+00    9.9124881311E-02    3.7738324252E+01    5.2163901766E-02
    2.0319980000E-02    1.2537425505E+00    1.9395052045E-01    3.7562844546E+01    5.1918087514E-02
    2.0359980000E-02    1.2278751004E+00    2.9339548512E-01    3.7348294911E+01    5.1633755191E-02
    2.0399980000E-02    1.1754285559E+00    3.8645279638E-01    3.7085913091E+01    5.1467933011E-02
    2.0439980000E-02    1.0883576826E+00    4.5568966375E-01    3.6772629273E+01    5.1496133921E-02
    2.0479980000E-02    9.6900315844E-01    4.7962414678E-01    3.6406772049E+01    5.1738598643E-02
    2.0519980000E-02    8.3690253119E-01    4.4204238734E-01    3.5987358257E+01    5.2059624633E-02
    2.0559980000E-02    7.1943691039E-01    3.4238550980E-01    3.5515124373E+01    5.2283194697E-02
    2.0599980000E-02    6.4508359855E-01    1.9677213421E-01    3.5001304526E+01    5.2294371168E-02
    2.0639980000E-02    6.3147934575E-01    3.4548286824E-02    3.4477970054E+01    5.2026263451E-02
    2.0679980000E-02    6.6925688253E-01   -1.1683148773E-01    3.3983748882E+01    5.1477222061E-02
    2.0719980000E-02    7.3802960941E-01   -2.3970312743E-01    3.3538581147E+01    5.0742639614E-02
    2.0759980000E-02    8.2367699316E-01   -3.2400200064E-01    3.3147527343E+01    4.9884604717E-02
    2.0799980000E-02    9.1093862507E-01   -3.6963743636E-01    3.2807640038E+01    4.9007115780E-02
    2.0839980000E-02    9.8816071081E-01   -3.8569072120E-01    3.2511856535E+01    4.8153369006E-02
    2.0879980000E-02    1.0509327915E+00   -3.8405348924E-01    3.2253243432E+01    4.7382520056E-02
    2.0919980000E-02    1.1003183429E+00   -3.7270142749E-01    3.2025562125E+01    4.6656616934E-02
    2.0959980000E-02    1.1390380941E+00   -3.5476893988E-01    3.1823780954E+01    4.5948916390E-02
    2.0999980000E-02    1.1692687942E+00   -3.3146681055E-01    3.1644337230E+01    4.5269208320E-02
    2.1039980000E-02    1.1920563461E+00   -3.0449207499E-01    3.1484784773E+01    4.4663136199E-02
    2.1079980000E-02    1.2083010779E+00   -2.7562633434E-01    3.1343078693E+01    4.4120568675E-02
    2.1119980000E-02    1.2192520726E+00   -2.4597884652E-01    3.1215995559E+01    4.3636130917E-02
    2.1159980000E-02    1.2261528326E+00   -2.1594053180E-01    3.1099556928E+01    4.3215657924E-02
    2.1199980000E-02    1.2299564734E+00   -1.8520984790E-01    3.0989110326E+01    4.2857968711E-02
    2.1239980000E-02    1.2311868248E+00   -1.5272922514E-01    3.0878857203E+01    4.2546712821E-02
    2.1279980000E-02    1.2297930229E+00   -1.1662785919E-01    3.0761261935E+01    4.2252047227E-02
    2.1319980000E-02    1.2249095036E+00   -7.4443516540E-02    3.0626824045E+01    4.1935807853E-02
    2.1359980000E-02    1.2144460700E+00   -2.4063840664E-02    3.0464592252E+01    4.1556854323E-02
    2.1399980000E-02    1.1946521712E+00    3.3777383137E-02    3.0263771363E+01    4.1081871965E-02
    2.1439980000E-02    1.1608119910E+00    9.1338864657E-02    3.0015440468E+01    4.0491048904E-02
    2.1479980000E-02    1.1110833367E+00    1.3162756551E-01    2.9712826640E+01    3.9800273457E-02
    2.1519980000E-02    1.0518261771E+00    1.3494000261E-01    2.9354589671E+01    3.9106454989E-02
    2.1559980000E-02    9.9642991641E-01    9.2716387418E-02    2.8949687733E+01    3.8537645810E-02
    2.1599980000E-02    9.5626831450E-01    1.2416611452E-02    2.8514329581E+01    3.8133557966E-02
    2.1639980000E-02    9.3967772428E-01   -8.5626683639E-02    2.8062108183E+01    3.7958613314E-02
    2.1679980000E-02    9.5704016402E-01   -1.7671942947E-01    2.7605744352E+01    3.8006464079E-02
    2.1719980000E-02    1.0088685867E+00   -2.3669029880E-01    2.7166214940E+01    3.8281428875E-02
    2.1759980000E-02    1.0809316299E+00   -2.4562721309E-01    2.6767068782E+01    3.8808471385E-02
    2.1799980000E-02    1.1496640824E+00   -2.0199084718E-01    2.6425322591E+01    3.9510617760E-02
    2.1839980000E-02    1.1990720967E+00   -1.2550043199E-01    2.6145963389E+01    4.0219258032E-02
    2.1879980000E-02    1.2277988215E+00   -4.0947026514E-02    2.5923334688E+01    4.0833853204E-02
    2.1919980000E-02    1.2420588232E+00    3.6285612706E-02    2.5746131115E+01    4.1298121176E-02
    2.1959980000E-02    1.2478454140E+00    1.0341232733E-01    2.5597711489E+01    4.1599654329E-02
    2.1999980000E-02    1.2480402259E+00    1.6462365040E-01    2.5459108662E+01    4.1783543783E-02
    2.2039980000E-02    1.2425819643E+00    2.2448541326E-01    2.5313472244E+01    4.1926069641E-02
    2.2079980000E-02    1.2290871028E+00    2.8464178883E-01    2.5148902943E+01    4.2124488396E-02
    2.2119980000E-02    1.2036185636E+00    3.4324137462E-01    2.4959244820E+01    4.2464764782E-02
    2.2159980000E-02    1.1620570090E+00    3.9577202483E-01    2.4741965460E+01    4.2984524631E-02
    2.2199980000E-02    1.1018883250E+00    4.3606581258E-01    2.4495173861E+01    4.3681895774E-02
    2.2239980000E-02    1.0228757888E+00    4.5746169060E-01    2.4215459088E+01    4.4549630962E-02
    2.2279980000E-02    9.2610275349E-01    4.5242169337E-01    2.3897517900E+01    4.5545559004E-02
    2.2319980000E-02    8.1702383376E-01    4.0993011167E-01    2.3534670100E+01    4.6595781431E-02
    2.2359980000E-02    7.1070080565E-01    3.1981454087E-01    2.3119392366E+01    4.7599940882E-02
    2.2399980000E-02    6.2836735391E-01    1.8407071888E-01    2.2649369778E+01    4.8429184928E-02
    2.2439980000E-02    5.8724023086E-01    1.8803792180E-02    2.2132327998E+01    4.8966249615E-02
    2.2479980000E-02    6.0041737969E-01   -1.5493020153E-01    2.1595088253E+01    4.9093298393E-02
    2.2519980000E-02    6.7148219079E-01   -3.1254308884E-01    2.1077402201E+01    4.8840809434E-02
    2.2559980000E-02    7.8535550058E-01   -4.2665494069E-01    2.0606930955E+01    4.8317866108E-02
    2.2599980000E-02    9.1549317663E-01   -4.8216376097E-01    2.0191225504E+01    4.7647195057E-02
    2.2639980000E-02    1.0374385400E+00   -4.8118694917E-01    1.9827694114E+01    4.7003578753E-02
    2.2679980000E-02    1.1342904584E+00   -4.3573312859E-01    1.9511485140E+01    4.6541969379E-02
    2.2719980000E-02    1.1994329402E+00   -3.6243220487E-01    1.9239870280E+01    4.6322688177E-02
    2.2759980000E-02    1.2365839922E+00   -2.7637776158E-01    1.9010782741E+01    4.6313067495E-02
    2.2799980000E-02    1.2539429604E+00   -1.8870961930E-01    1.8820709640E+01    4.6419040997E-02
    2.2839980000E-02    1.2593454961E+00   -1.0482306617E-01    1.8659400683E+01    4.6492728165E-02
    2.2879980000E-02    1.2569853638E+00   -2.1683197854E-02    1.8506525859E+01    4.6383247687E-02
    2.2919980000E-02    1.2460056205E+00    6.8456317721E-02    1.8335640211E+01    4.6007529029E-02
    2.2959980000E-02    1.2203601358E+00    1.6708371224E-01    1.8123146101E+01    4.5414043466E-02
    2.2999980000E-02    1.1713942023E+00    2.6136635206E-01    1.7855102678E+01    4.4745686873E-02
    2.3039980000E-02    1.0950095332E+00    3.2753793367E-01    1.7524634786E+01    4.4148529313E-02
    2.3079980000E-02    1.0017268529E+00    3.4068106372E-01    1.7132456344E+01    4.3770249890E-02
    2.3119980000E-02    9.1844432019E-01    2.9330103406E-01    1.6690734149E+01    4.3636327461E-02
    2.3159980000E-02    8.7269845592E-01    2.0106507209E-01    1.6220967898E+01    4.3670673239E-02
    2.3199980000E-02    8.7674002707E-01    9.2826861937E-02    1.5752201146E+01    4.3830077909E-02
    2.3239980000E-02    9.2492778973E-01   -1.4242330863E-03    1.5309293179E+01    4.4125333866E-02
    2.3279980000E-02    9.9498955422E-01   -5.9801289802E-02    1.4904568639E+01    4.4559971063E-02
    2.3319980000E-02    1.0617573128E+00   -7.7610790281E-02    1.4545418024E+01    4.5030960114E-02
    2.3359980000E-02    1.1143479173E+00   -6.4675353217E-02    1.4236875658E+01    4.5477877980E-02
    2.3399980000E-02    1.1511070810E+00   -3.5777113789E-02    1.3977197206E+01    4.5848184211E-02
    2.3439980000E-02    1.1747714106E+00   -2.7639169951E-03    1.3761382959E+01    4.6135371448E-02
    2.3479980000E-02    1.1893468604E+00    2.8399906370E-02    1.3584233656E+01    4.6356288430E-02
    2.3519980000E-02    1.1980610048E+00    5.5612047956E-02    1.3440350865E+01    4.6544078191E-02
    2.3559980000E-02    1.2030731830E+00    7.8514777183E-02    1.3324100668E+01    4.6728798127E-02
    2.3599980000E-02    1.2057695902E+00    9.7490375159E-02    1.3229970547E+01    4.6927752253E-02
    2.3639980000E-02    1.2070301759E+00    1.1319165233E-01    1.3153048731E+01    4.7149904750E-02
    2.3679980000E-02    1.2074021702E+00    1.2629965242E-01    1.3089219331E+01    4.7398682538E-02
    2.3719980000E-02    1.2072185470E+00    1.3744009607E-01    1.3035099887E+01    4.7674448781E-02
    2.3759980000E-02    1.2066701536E+00    1.4715103119E-01    1.2987889836E+01    4.7976391549E-02
    2.3799980000E-02    1.2058542809E+00    1.5589019590E-01    1.2945222536E+01    4.8303562742E-02
    2.3839980000E-02    1.2048018533E+00    1.6403987883E-01    1.2905035122E+01    4.8655447328E-02
    2.3879980000E-02    1.2034961799E+00    1.7193017396E-01    1.2865467153E+01    4.9032137422E-02
    2.3919980000E-02    1.2018792879E+00    1.7984535356E-01    1.2824771152E+01    4.9434313644E-02
    2.3959980000E-02    1.1998529301E+00    1.8802951729E-01    1.2781239719E+01    4.9863170140E-02
    2.3999980000E-02    1.1972749264E+00    1.9668552182E-01    1.2733143955E+01    5.0320085030E-02
    2.4039980000E-02    1.1939528883E+00    2.0596944870E-01    1.2678685876E+01    5.0806078484E-02
    2.4079980000E-02    1.1896348492E+00    2.1595904784E-01    1.2615965456E+01    5.1320915195E-02
    2.4119980000E-02    1.1840019938E+00    2.2662324266E-01    1.2542977544E+01    5.1861395591E-02
    2.4159980000E-02    1.1766509014E+00    2.3778756281E-01    1.2457574612E+01    5.2417777349E-02
    2.4199980000E-02    1.1670244416E+00    2.4914699483E-01    1.2357207740E+01    5.2969560116E-02
    2.4239980000E-02    1.1542461714E+00    2.6037939269E-01    1.2238597266E+01    5.3499778319E-02
    2.4279980000E-02    1.1370139354E+00    2.7129249005E-01    1.2098594229E+01    5.4028025336E-02
    2.4319980000E-02    1.1138158864E+00    2.8178275047E-01    1.1935579142E+01    5.4572181147E-02
    2.4359980000E-02    1.0830706533E+00    2.9138929437E-01    1.1748128590E+01    5.5117962240E-02
    2.4399980000E-02    1.0428799944E+00    2.9834699898E-01    1.1533755481E+01    5.5681552720E-02
    2.4439980000E-02    9.9098333887E-01    2.9823593963E-01    1.1288675313E+01    5.6273838732E-02
    2.4479980000E-02    9.2579340867E-01    2.8274982865E-01    1.1005481517E+01    5.6870849749E-02
    2.4519980000E-02    8.5029808832E-01    2.4075364513E-01    1.0676785532E+01    5.7476650733E-02
    2.4559980000E-02    7.7372640077E-01    1.6353799530E-01    1.0297074536E+01    5.8083729056E-02
    2.4599980000E-02    7.0864130608E-01    4.9797096271E-02    9.8635473754E+00    5.8613896691E-02
    2.4639980000E-02    6.7402689043E-01   -9.2851705284E-02    9.3795626616E+00    5.9031859926E-02
    2.4679980000E-02    6.9482768904E-01   -2.4470625847E-01    8.8659851419E+00    5.9255137532E-02
    2.4719980000E-02    7.7695454319E-01   -3.7459027629E-01    8.3619145472E+00    5.9279206870E-02
    2.4759980000E-02    8.9801824234E-01   -4.5352694363E-01    7.8979873984E+00    5.9162718069E-02
    2.4799980000E-02    1.0278199708E+00   -4.6656588246E-01    7.4861954464E+00    5.9047884052E-02
    2.4839980000E-02    1.1364704828E+00   -4.1781305882E-01    7.1301483241E+00    5.9113445898E-02
    2.4879980000E-02    1.2086671093E+00   -3.2918897060E-01    6.8306452990E+00    5.9387214404E-02
    2.4919980000E-02    1.2477649000E+00   -2.2377186591E-01    6.5853431319E+00    5.9799410724E-02
    2.4959980000E-02    1.2643554989E+00   -1.1906269144E-01    6.3884707200E+00    6.0210498404E-02
    2.4999980000E-02    1.2683280960E+00   -2.1566121528E-02    6.2228966316E+00    6.0390774791E-02
    2.5039980000E-02    1.2635799495E+00    7.6025348310E-02    6.0580576566E+00    6.0197429238E-02
    2.5079980000E-02    1.2465197324E+00    1.8171547515E-01    5.8620191678E+00    5.9697678781E-02
    2.5119980000E-02    1.2075823849E+00    2.8912837936E-01    5.6151686093E+00    5.9114295936E-02
    2.5159980000E-02    1.1369561691E+00    3.7891819342E-01    5.3101007526E+00    5.8620751747E-02
    2.5199980000E-02    1.0335050537E+00    4.2559349100E-01    4.9439262945E+00    5.8325887620E-02
    2.5239980000E-02    9.1600209980E-01    4.0796962674E-01    4.5205224081E+00    5.8251631247E-02
    2.5279980000E-02    8.1675436523E-01    3.2761473238E-01    4.0505876419E+00    5.8280073463E-02
    2.5319980000E-02    7.6490438923E-01    2.0575371914E-01    3.5560798597E+00    5.8292905765E-02
    2.5359980000E-02    7.7375546306E-01    7.4480646629E-02    3.0711726470E+00    5.8233964114E-02
    2.5399980000E-02    8.3101622155E-01   -3.5198891363E-02    2.6260324669E+00    5.8176950841E-02
    2.5439980000E-02    9.1080031123E-01   -1.0497670037E-01    2.2331240940E+00    5.8132153651E-02
    2.5479980000E-02    9.8699097946E-01   -1.3432756809E-01    1.8935238989E+00    5.8084270982E-02
    2.5519980000E-02    1.0458943883E+00   -1.3692972604E-01    1.6037892095E+00    5.8001239863E-02
    2.5559980000E-02    1.0877838841E+00   -1.2628873787E-01    1.3583599898E+00    5.7874057972E-02
    2.5599980000E-02    1.1171087267E+00   -1.1013750763E-01    1.1510847816E+00    5.7677736409E-02
    2.5639980000E-02    1.1376234773E+00   -9.2466794672E-02    9.7744716906E-01    5.7399533722E-02
    2.5679980000E-02    1.1519496075E+00   -7.5470396410E-02    8.3402177837E-01    5.7055063287E-02
    2.5719980000E-02    1.1619171030E+00   -6.0344066840E-02    7.1760864069E-01    5.6673887960E-02
    2.5759980000E-02    1.1688063141E+00   -4.7619039204E-02    6.2530103827E-01    5.6290156809E-02
    2.5799980000E-02    1.1735035424E+00   -3.7423229596E-02    5.5462997918E-01    5.5925597821E-02
    2.5839980000E-02    1.1766210957E+00   -2.9669504704E-02    5.0347794008E-01    5.5586186219E-02
    2.5879980000E-02    1.1785729201E+00   -2.4196992893E-02    4.7010224585E-01    5.5269666610E-02
    2.5919980000E-02    1.1796217900E+00   -2.0856916723E-02    4.5325533296E-01    5.4970229029E-02
    2.5959980000E-02    1.1799076628E+00   -1.9565539557E-02    4.5226024316E-01    5.4680291260E-02
    2.5999980000E-02    1.1794626663E+00   -2.0327348143E-02    4.6703657077E-01    5.4391853988E-02
    2.6039980000E-02    1.1782129517E+00   -2.3242020821E-02    4.9810755276E-01    5.4097743803E-02
    2.6079980000E-02    1.1759694910E+00   -2.8475011986E-02    5.4659736696E-01    5.3792765901E-02
    2.6119980000E-02    1.1724000617E+00   -3.6229315404E-02    6.1417556629E-01    5.3474963519E-02
    2.6159980000E-02    1.1669826640E+00   -4.6655536229E-02    7.0297765468E-01    5.3149197554E-02
    2.6199980000E-02    1.1589337106E+00   -5.9703631308E-02    8.1559830709E-01    5.2832453767E-02
    2.6239980000E-02    1.1470996083E+00   -7.4972477832E-02    9.5509873711E-01    5.2550868850E-02
    2.6279980000E-02    1.1298446513E+00   -9.1434235758E-02    1.1248129752E+00    5.2330359420E-02
    2.6319980000E-02    1.1048397918E+00   -1.0719480008E-01    1.3281960499E+00    5.2189717412E-02
    2.6359980000E-02    1.0686463912E+00   -1.1903104834E-01    1.5694108209E+00    5.2127203816E-02
    2.6399980000E-02    1.0166690543E+00   -1.2069624614E-01    1.8541426196E+00    5.2129448643E-02
    2.6439980000E-02    9.4660093426E-01   -1.0003786543E-01    2.1877898181E+00    5.2179529741E-02
    2.6479980000E-02    8.6823805938E-01   -4.1958335168E-02    2.5729634301E+00    5.2233794452E-02
    2.6519980000E-02    8.0657962191E-01    5.6853466343E-02    3.0083658757E+00    5.2277913315E-02
    2.6559980000E-02    7.8763548137E-01    1.8057449598E-01    3.4837309258E+00    5.2309196768E-02
    2.6599980000E-02    8.2549199616E-01    3.0045092727E-01    3.9734186534E+00    5.2359590282E-02
    2.6639980000E-02    9.1195629667E-01    3.8500266972E-01    4.4444718019E+00    5.2392277762E-02
    2.6679980000E-02    1.0212831095E+00    4.1181526611E-01    4.8724296322E+00    5.2316809043E-02
    2.6719980000E-02    1.1225260883E+00    3.7634901741E-01    5.2448201991E+00    5.2045637605E-02
    2.6759980000E-02    1.1950114671E+00    2.9648117990E-01    5.5567874396E+00    5.1594485374E-02
    2.6799980000E-02    1.2370285272E+00    1.9699258040E-01    5.8109072723E+00    5.1057166928E-02
    2.6839980000E-02    1.2567525663E+00    9.7102132848E-02    6.0134790220E+00    5.0567320291E-02
    2.6879980000E-02    1.2635230794E+00    5.3502224819E-03    6.1800314394E+00    5.0306243462E-02
    2.6919980000E-02    1.2622443504E+00   -8.3350568889E-02    6.3381269252E+00    5.0368809335E-02
    2.6959980000E-02    1.2514416707E+00   -1.7783192622E-01    6.5178158570E+00    5.0686769558E-02
    2.6999980000E-02    1.2237367398E+00   -2.7736778024E-01    6.7400292814E+00    5.1082110140E-02
    2.7039980000E-02    1.1690772307E+00   -3.6934685246E-01    7.0137072782E+00    5.1405618781E-02
    2.7079980000E-02    1.0808386312E+00   -4.3409837539E-01    7.3425505748E+00    5.1580734567E-02
    2.7119980000E-02    9.6507964397E-01   -4.4840391575E-01    7.7279722914E+00    5.1571327794E-02
    2.7159980000E-02    8.4593671333E-01   -3.9963387408E-01    8.1670376719E+00    5.1472953031E-02
    2.7199980000E-02    7.5271230169E-01   -2.9503589759E-01    8.6508925324E+00    5.1414927726E-02
    2.7239980000E-02    7.1109103113E-01   -1.5725390717E-01    9.1561835595E+00    5.1491355060E-02
    2.7279980000E-02    7.2788574377E-01   -1.7181089881E-02    9.6466547321E+00    5.1710871990E-02
    2.7319980000E-02    7.8447746044E-01    9.9806070735E-02    1.0093745066E+01    5.2003959560E-02
    2.7359980000E-02    8.5715580127E-01    1.8189336146E-01    1.0488500383E+01    5.2356495709E-02
    2.7399980000E-02    9.2918400177E-01    2.2912989837E-01    1.0831837456E+01    5.2762319543E-02
    2.7439980000E-02    9.9156693164E-01    2.4909224413E-01    1.1127798671E+01    5.3211548898E-02
    2.7479980000E-02    1.0411716326E+00    2.5218981859E-01    1.1382212786E+01    5.3678202155E-02
    2.7519980000E-02    1.0792015432E+00    2.4708191745E-01    1.1602546406E+01    5.4175859607E-02
    2.7559980000E-02    1.1082335630E+00    2.3891224904E-01    1.1794558089E+01    5.4693422943E-02
    2.7599980000E-02    1.1302090945E+00    2.3033434005E-01    1.1960616920E+01    5.5227770280E-02
    2.7639980000E-02    1.1465343215E+00    2.2239710457E-01    1.2102616446E+01    5.5783147723E-02
    2.7679980000E-02    1.1583724185E+00    2.1531152910E-01    1.2222310797E+01    5.6335467815E-02
    2.7719980000E-02    1.1668017129E+00    2.0901790776E-01    1.2321278801E+01    5.6860229526E-02
    2.7759980000E-02    1.1727689394E+00    2.0348796029E-01    1.2401455118E+01    5.7358887602E-02
    2.7799980000E-02    1.1769975936E+00    1.9879652251E-01    1.2465174924E+01    5.7844582379E-02
    2.7839980000E-02    1.1799788867E+00    1.9503839354E-01    1.2514628563E+01    5.8324281322E-02
    2.7879980000E-02    1.1820242834E+00    1.9230121148E-01    1.2551536340E+01    5.8800336893E-02
    2.7919980000E-02    1.1833274828E+00    1.9064171777E-01    1.2577148771E+01    5.9274379453E-02
    2.7959980000E-02    1.1840043716E+00    1.9007905627E-01    1.2592321600E+01    5.9748199643E-02
    2.7999980000E-02    1.1841133586E+00    1.9061479657E-01    1.2597562389E+01    6.0223632986E-02
    2.8039980000E-02    1.1836645878E+00    1.9224176203E-01    1.2593044904E+01    6.0702452082E-02
    2.8079980000E-02    1.1826227570E+00    1.9494416274E-01    1.2578614269E+01    6.1186310748E-02
    2.8119980000E-02    1.1809055912E+00    1.9869894913E-01    1.2553794351E+01    6.1676682287E-02
    2.8159980000E-02    1.1783773725E+00    2.0345882864E-01    1.2517787315E+01    6.2174664802E-02
    2.8199980000E-02    1.1748334285E+00    2.0914553211E-01    1.2469448991E+01    6.2680366874E-02
    2.8239980000E-02    1.1699658638E+00    2.1562520671E-01    1.2407188571E+01    6.3192377919E-02
    2.8279980000E-02    1.1632977917E+00    2.2273839928E-01    1.2328874926E+01    6.3710964153E-02
    2.8319980000E-02    1.1541093164E+00    2.3033364837E-01    1.2232078761E+01    6.4247110404E-02
    2.8359980000E-02    1.1414384727E+00    2.3835803390E-01    1.2114864073E+01    6.4814053636E-02
    2.8399980000E-02    1.1241714011E+00    2.4687459392E-01    1.1975976244E+01    6.5393242177E-02
    2.8439980000E-02    1.1010587692E+00    2.5579076107E-01    1.1813938640E+01    6.5954298870E-02
    2.8479980000E-02    1.0705398004E+00    2.6432876648E-01    1.1626889031E+01    6.6502204383E-02
    2.8519980000E-02    1.0305229641E+00    2.7009701263E-01    1.1412762068E+01    6.7058787954E-02
    2.8559980000E-02    9.7833220480E-01    2.6783159001E-01    1.1166159213E+01    6.7614889631E-02
    2.8599980000E-02    9.1271872842E-01    2.4831929728E-01    1.0878891372E+01    6.8201449632E-02
    2.8639980000E-02    8.3786027086E-01    2.0029401320E-01    1.0544328642E+01    6.8796248487E-02
    2.8679980000E-02    7.6298547739E-01    1.1619405297E-01    1.0157228492E+01    6.9378033045E-02
    2.8719980000E-02    7.0230484787E-01   -4.1701508513E-03    9.7146527787E+00    6.9879039800E-02
    2.8759980000E-02    6.7945096347E-01   -1.5087481096E-01    9.2220391588E+00    7.0280100469E-02
    2.8799980000E-02    7.1924831174E-01   -2.9949849634E-01    8.7068240228E+00    7.0483867508E-02
    2.8839980000E-02    8.1814900439E-01   -4.1630256058E-01    8.2096796221E+00    7.0495933196E-02
    2.8879980000E-02    9.4816691161E-01   -4.7424772321E-01    7.7567706665E+00    7.0417607365E-02
    2.8919980000E-02    1.0767257390E+00   -4.6235251387E-01    7.3575017075E+00    7.0423067198E-02
    2.8959980000E-02    1.1745365840E+00   -3.9212721468E-01    7.0159478018E+00    7.0665455038E-02
    2.8999980000E-02    1.2338041684E+00   -2.8887296640E-01    6.7322922609E+00    7.1101993249E-02
    2.9039980000E-02    1.2623371619E+00   -1.7564671102E-01    6.5034840747E+00    7.1623883743E-02
    2.9079980000E-02    1.2722487660E+00   -6.8069835029E-02    6.3195079756E+00    7.2010863241E-02
    2.9119980000E-02    1.2718475933E+00    3.4203526521E-02    6.1540879336E+00    7.2014073463E-02
    2.9159980000E-02    1.2612946846E+00    1.4200873428E-01    5.9712472007E+00    7.1596017399E-02
    2.9199980000E-02    1.2326207361E+00    2.5635105678E-01    5.7427377063E+00    7.0968158318E-02
    2.9239980000E-02    1.1742561253E+00    3.6079674009E-01    5.4567951616E+00    7.0373282363E-02
    2.9279980000E-02    1.0797320785E+00    4.3053455286E-01    5.1094457713E+00    6.9952360773E-02
    2.9319980000E-02    9.5937268403E-01    4.3958816962E-01    4.7020467564E+00    6.9787414437E-02
    2.9359980000E-02    8.4449452825E-01    3.7982008985E-01    4.2433044304E+00    6.9781807575E-02
    2.9399980000E-02    7.6832578838E-01    2.6722616855E-01    3.7500934134E+00    6.9785184044E-02
    2.9439980000E-02    7.5339731650E-01    1.3223383182E-01    3.2542783385E+00    6.9699182666E-02
    2.9479980000E-02    7.9641052553E-01    9.0911750179E-03    2.7916384949E+00    6.9571343743E-02
    2.9519980000E-02    8.7242623413E-01   -7.8219330849E-02    2.3810742081E+00    6.9462226993E-02
    2.9559980000E-02    9.5378266302E-01   -1.2227147387E-01    2.0259402978E+00    6.9373180753E-02
    2.9599980000E-02    1.0204911815E+00   -1.3338593885E-01    1.7224945600E+00    6.9271924041E-02
    2.9639980000E-02    1.0684976173E+00   -1.2712675301E-01    1.4653394544E+00    6.9144183687E-02
    2.9679980000E-02    1.1019699988E+00   -1.1345526736E-01    1.2479574811E+00    6.8965504108E-02
    2.9719980000E-02    1.1253420788E+00   -9.7268344192E-02    1.0652110758E+00    6.8699125725E-02
    2.9759980000E-02    1.1416878589E+00   -8.1129517089E-02    9.1359101825E-01    6.8349754949E-02
    2.9799980000E-02    1.1531034309E+00   -6.6444749393E-02    7.9006835964E-01    6.7940178559E-02
    2.9839980000E-02    1.1610414234E+00   -5.3914814921E-02    6.9169695223E-01    6.7503982813E-02
    2.9879980000E-02    1.1664985768E+00   -4.3775279309E-02    6.1598852845E-01    6.7073253490E-02
    2.9919980000E-02    1.1701490331E+00   -3.6022406329E-02    5.6095126990E-01    6.6663025017E-02
    2.9959980000E-02    1.1724459462E+00   -3.0538352563E-02    5.2498417929E-01    6.6274398160E-02
    2.9999980000E-02    1.1736762352E+00   -2.7198756635E-02    5.0691216791E-01    6.5902502586E-02
    3.0039980000E-02    1.1739920730E+00   -2.5931900825E-02    5.0608751352E-01    6.5540352478E-02
    3.0079980000E-02    1.1734262001E+00   -2.6747475114E-02    5.2244934987E-01    6.5180513821E-02
    3.0119980000E-02    1.1718941549E+00   -2.9737021913E-02    5.5653373281E-01    6.4816353264E-02
    3.0159980000E-02    1.1691807247E+00   -3.5058510762E-02    6.0943315148E-01    6.4443475931E-02
    3.0199980000E-02    1.1649118543E+00   -4.2861584078E-02    6.8273697805E-01    6.4063036557E-02
    3.0239980000E-02    1.1584960728E+00   -5.3201595763E-02    7.7851999797E-01    6.3687700628E-02
    3.0279980000E-02    1.1490372894E+00   -6.5897162203E-02    8.9942292467E-01    6.3342217833E-02
    3.0319980000E-02    1.1352265382E+00   -8.0344593169E-02    1.0485152549E+00    6.3051957960E-02
    3.0359980000E-02    1.1151994314E+00   -9.5274545714E-02    1.2289244527E+00    6.2838541982E-02
    3.0399980000E-02    1.0861865198E+00   -1.0853879525E-01    1.4440453250E+00    6.2709835176E-02
    3.0439980000E-02    1.0439680244E+00   -1.1629462326E-01    1.6985149671E+00    6.2644742574E-02
    3.0479980000E-02    9.8360848658E-01   -1.1027263074E-01    1.9985023333E+00    6.2626054764E-02
    3.0519980000E-02    9.0620430322E-01   -7.5351351579E-02    2.3490697067E+00    6.2635862521E-02
    3.0559980000E-02    8.2940732921E-01    1.5716433037E-03    2.7528410339E+00    6.2634792976E-02
    3.0599980000E-02    7.8120961494E-01    1.1579756938E-01    3.2067397349E+00    6.2623898309E-02
    3.0639980000E-02    7.8586551168E-01    2.4505890363E-01    3.6947878416E+00    6.2615206644E-02
    3.0679980000E-02    8.4950733668E-01    3.5690949212E-01    4.1849020868E+00    6.2649431448E-02
    3.0719980000E-02    9.5393024743E-01    4.2113667399E-01    4.6447679948E+00    6.2645799398E-02
    3.0759980000E-02    1.0682670584E+00    4.2066574035E-01    5.0552994520E+00    6.2492360635E-02
    3.0799980000E-02    1.1618932247E+00    3.6066389467E-01    5.4068954135E+00    6.2111215996E-02
    3.0839980000E-02    1.2221431889E+00    2.6523631157E-01    5.6978255509E+00    6.1572265700E-02
    3.0879980000E-02    1.2533686849E+00    1.5831615625E-01    5.9319037933E+00    6.0991721825E-02
    3.0919980000E-02    1.2659477658E+00    5.6398743115E-02    6.1186255294E+00    6.0555116860E-02
    3.0959980000E-02    1.2682479833E+00   -3.8483484219E-02    6.2812835689E+00    6.0458257363E-02
    3.0999980000E-02    1.2620182240E+00   -1.3592984455E-01    6.4528934685E+00    6.0722699138E-02
    3.1039980000E-02    1.2417082749E+00   -2.4071757802E-01    6.6618180077E+00    6.1184731955E-02
    3.1079980000E-02    1.1968212695E+00   -3.4308224491E-01    6.9221420238E+00    6.1634632499E-02
    3.1119980000E-02    1.1181197643E+00   -4.2364703901E-01    7.2386622446E+00    6.1954614623E-02
    3.1159980000E-02    1.0063544303E+00   -4.5814770711E-01    7.6134164397E+00    6.2075858985E-02
    3.1199980000E-02    8.8253867906E-01   -4.2814239839E-01    8.0434981858E+00    6.2039600793E-02
    3.1239980000E-02    7.7811945888E-01   -3.3665381724E-01    8.5209306937E+00    6.1993452294E-02
    3.1279980000E-02    7.2181342070E-01   -2.0450502378E-01    9.0252306618E+00    6.2054982635E-02
    3.1319980000E-02    7.2735791908E-01   -6.3152152964E-02    9.5206483981E+00    6.2260697814E-02
    3.1359980000E-02    7.7965838571E-01    5.8291968599E-02    9.9744777134E+00    6.2531835477E-02
    3.1399980000E-02    8.5263131322E-01    1.4464132662E-01    1.0374799652E+01    6.2830969512E-02
    3.1439980000E-02    9.2579604657E-01    1.9457277372E-01    1.0721960248E+01    6.3170953501E-02
    3.1479980000E-02    9.8842208317E-01    2.1601053325E-01    1.1020354999E+01    6.3556503770E-02
    3.1519980000E-02    1.0376784461E+00    2.1958245711E-01    1.1275618749E+01    6.3973024985E-02
    3.1559980000E-02    1.0748756800E+00    2.1429765542E-01    1.1494916894E+01    6.4419968179E-02
    3.1599980000E-02    1.1027893566E+00    2.0568238369E-01    1.1684646465E+01    6.4932413717E-02
    3.1639980000E-02    1.1238003937E+00    1.9668455837E-01    1.1848396373E+01    6.5474508187E-02
    3.1679980000E-02    1.1394557613E+00    1.8875900554E-01    1.1987391196E+01    6.6026209986E-02
    3.1719980000E-02    1.1508843385E+00    1.8233704040E-01    1.2103122049E+01    6.6588954673E-02
    3.1759980000E-02    1.1589917757E+00    1.7738322407E-01    1.2197291965E+01    6.7155702949E-02
    3.1799980000E-02    1.1645619840E+00    1.7371887571E-01    1.2271577724E+01    6.7717675003E-02
    3.1839980000E-02    1.1682472286E+00    1.7117660974E-01    1.2327610381E+01    6.8264768384E-02
    3.1879980000E-02    1.1705243284E+00    1.6969381441E-01    1.2366841465E+01    6.8794076765E-02
    3.1919980000E-02    1.1717025687E+00    1.6925386395E-01    1.2390413656E+01    6.9309893996E-02
    3.1959980000E-02    1.1719481683E+00    1.6986092982E-01    1.2399065273E+01    6.9819177427E-02
    3.1999980000E-02    1.1713086167E+00    1.7150685286E-01    1.2393061015E+01    7.0329309061E-02
    3.2039980000E-02    1.1697219182E+00    1.7417163537E-01    1.2372174067E+01    7.0847496103E-02
    3.2079980000E-02    1.1670112590E+00    1.7781066872E-01    1.2335698712E+01    7.1380665442E-02
    3.2119980000E-02    1.1628639805E+00    1.8237393650E-01    1.2282530984E+01    7.1934832711E-02
    3.2159980000E-02    1.1568062712E+00    1.8784388824E-01    1.2211321614E+01    7.2511286216E-02
    3.2199980000E-02    1.1481874665E+00    1.9429084887E-01    1.2120611792E+01    7.3100564635E-02
    3.2239980000E-02    1.1361951266E+00    2.0184034961E-01    1.2008867734E+01    7.3686935627E-02
    3.2279980000E-02    1.1198616582E+00    2.1058411943E-01    1.1874498537E+01    7.4258337021E-02
    3.2319980000E-02    1.0979708097E+00    2.2030713346E-01    1.1716001170E+01    7.4814506519E-02
    3.2359980000E-02    1.0688954961E+00    2.2991401081E-01    1.1532436643E+01    7.5362418021E-02
    3.2399980000E-02    1.0302483425E+00    2.3665937773E-01    1.1321130728E+01    7.5872833692E-02
    3.2439980000E-02    9.7900149683E-01    2.3503263156E-01    1.1075592593E+01    7.6387553264E-02
    3.2479980000E-02    9.1401953273E-01    2.1547707054E-01    1.0788143748E+01    7.6931475087E-02
    3.2519980000E-02    8.3914385911E-01    1.6660457169E-01    1.0452133121E+01    7.7472672376E-02
    3.2559980000E-02    7.6397622978E-01    8.0693399947E-02    1.0062190778E+01    7.7986437147E-02
    3.2599980000E-02    7.0566905144E-01   -4.2047181054E-02    9.6153142630E+00    7.8445304797E-02
    3.2639980000E-02    6.9107480438E-01   -1.8940018585E-01    9.1191072551E+00    7.8820597617E-02
    3.2679980000E-02    7.4306088310E-01   -3.3333897179E-01    8.6051772978E+00    7.9003574298E-02
    3.2719980000E-02    8.5107851850E-01   -4.3914647086E-01    8.1137357309E+00    7.9017041202E-02
    3.2759980000E-02    9.8472404718E-01   -4.8125557086E-01    7.6682891318E+00    7.8989531701E-02
    3.2799980000E-02    1.1092541863E+00   -4.5201762564E-01    7.2775968779E+00    7.9117143277E-02
    3.2839980000E-02    1.1980163544E+00   -3.6802982365E-01    6.9463231359E+00    7.9499990956E-02
    3.2879980000E-02    1.2483138190E+00   -2.5583383975E-01    6.6740254792E+00    8.0052200016E-02
    3.2919980000E-02    1.2703208940E+00   -1.3868221999E-01    6.4566460685E+00    8.0627282427E-02
    3.2959980000E-02    1.2764875472E+00   -2.9359508013E-02    6.2791666469E+00    8.0939140948E-02
    3.2999980000E-02    1.2731170120E+00    7.7895742355E-02    6.1086899297E+00    8.0779106762E-02
    3.3039980000E-02    1.2571894273E+00    1.9326445777E-01    5.9081194065E+00    8.0218194346E-02
    3.3079980000E-02    1.2178729145E+00    3.1024546379E-01    5.6546718813E+00    7.9548488548E-02
    3.3119980000E-02    1.1438115861E+00    4.0690194887E-01    5.3410858050E+00    7.8981278767E-02
    3.3159980000E-02    1.0332370978E+00    4.5615466988E-01    4.9653370942E+00    7.8646054501E-02
    3.3199980000E-02    9.0661868664E-01    4.3627278065E-01    4.5325183877E+00    7.8560729613E-02
    3.3239980000E-02    7.9969233478E-01    3.5005539772E-01    4.0535042762E+00    7.8560476204E-02
    3.3279980000E-02    7.4374856607E-01    2.2118966147E-01    3.5511967264E+00    7.8496953316E-02
    3.3319980000E-02    7.5379673165E-01    8.4051451832E-02    3.0625665334E+00    7.8314910891E-02
    3.3359980000E-02    8.1377302683E-01   -2.9289593341E-02    2.6195725029E+00    7.8128453980E-02
    3.3399980000E-02    8.9537593419E-01   -1.0150650023E-01    2.2330752713E+00    7.7956236130E-02
    3.3439980000E-02    9.7302239072E-01   -1.3268451415E-01    1.9016726219E+00    7.7814190301E-02
    3.3479980000E-02    1.0330213293E+00   -1.3686054248E-01    1.6200143849E+00    7.7664173800E-02
    3.3519980000E-02    1.0755336273E+00   -1.2804048130E-01    1.3817217410E+00    7.7496195632E-02
    3.3559980000E-02    1.1052672452E+00   -1.1402420762E-01    1.1804307766E+00    7.7255202685E-02
    3.3599980000E-02    1.1261444671E+00   -9.8639517434E-02    1.0116770729E+00    7.6913421954E-02
    3.3639980000E-02    1.1408318107E+00   -8.3891585214E-02    8.7235952299E-01    7.6483264028E-02
    3.3679980000E-02    1.1511637884E+00   -7.0830814306E-02    7.5955718540E-01    7.5991977345E-02
    3.3719980000E-02    1.1583926433E+00   -5.9928922104E-02    6.7062621550E-01    7.5481716635E-02
    3.3759980000E-02    1.1633585815E+00   -5.1314039318E-02    6.0352559107E-01    7.4983986635E-02
    3.3799980000E-02    1.1666286978E+00   -4.4928420451E-02    5.5664584650E-01    7.4508740167E-02
    3.3839980000E-02    1.1685784894E+00   -4.0650286392E-02    5.2870005371E-01    7.4053771826E-02
    3.3879980000E-02    1.1694328357E+00   -3.8380653205E-02    5.1881875802E-01    7.3612630782E-02
    3.3919980000E-02    1.1692871891E+00   -3.8089859196E-02    5.2665779481E-01    7.3177472721E-02
    3.3959980000E-02    1.1681159543E+00   -3.9830461955E-02    5.5244215257E-01    7.2740638594E-02
    3.3999980000E-02    1.1657669416E+00   -4.3733965197E-02    5.9694319482E-01    7.2296086852E-02
    3.4039980000E-02    1.1619440714E+00   -4.9952611135E-02    6.6140879606E-01    7.1842109759E-02
    3.4079980000E-02    1.1561648828E+00   -5.8578935651E-02    7.4750996206E-01    7.1387829119E-02
    3.4119980000E-02    1.1476833356E+00   -6.9526804509E-02    8.5744769492E-01    7.0959346209E-02
    3.4159980000E-02    1.1353761171E+00   -8.2395848072E-02    9.9402291254E-01    7.0588843031E-02
    3.4199980000E-02    1.1176228954E+00   -9.6239119994E-02    1.1602571510E+00    7.0298725421E-02
    3.4239980000E-02    1.0920746296E+00   -1.0931235104E-01    1.3592438083E+00    7.0103583326E-02
    3.4279980000E-02    1.0551255309E+00   -1.1863234688E-01    1.5950053873E+00    6.9984351847E-02
    3.4319980000E-02    1.0017373949E+00   -1.1815267365E-01    1.8733025928E+00    6.9905076443E-02
    3.4359980000E-02    9.2927727143E-01   -9.5283925597E-02    2.2003282746E+00    6.9860399979E-02
    3.4399980000E-02    8.4834840016E-01   -3.4053182573E-02    2.5804287904E+00    6.9810649333E-02
    3.4439980000E-02    7.8449529044E-01    6.9078768236E-02    3.0146750717E+00    6.9752239956E-02
    3.4479980000E-02    7.6539703811E-01    1.9857617978E-01    3.4939075621E+00    6.9677197156E-02
    3.4519980000E-02    8.0800551746E-01    3.2464463071E-01    3.9907984543E+00    6.9667042376E-02
    3.4559980000E-02    9.0249165060E-01    4.1385575459E-01    4.4696624576E+00    6.9683233565E-02
    3.4599980000E-02    1.0207031016E+00    4.4197248946E-01    4.9052192783E+00    6.9610629147E-02
    3.4639980000E-02    1.1288347176E+00    4.0359503850E-01    5.2851037470E+00    6.9320889886E-02
    3.4679980000E-02    1.2046430678E+00    3.1749932098E-01    5.6038198615E+00    6.8821416849E-02
    3.4719980000E-02    1.2471403016E+00    2.0961388357E-01    5.8633073512E+00    6.8219927526E-02
    3.4759980000E-02    1.2658263999E+00    1.0095372705E-01    6.0695765351E+00    6.7674786577E-02
    3.4799980000E-02    1.2712470552E+00    5.3913526981E-04    6.2403271215E+00    6.7426391964E-02
    3.4839980000E-02    1.2681121957E+00   -9.8673784275E-02    6.4078401245E+00    6.7591122734E-02
    3.4879980000E-02    1.2531346035E+00   -2.0545479640E-01    6.6054537327E+00    6.8062003560E-02
    3.4919980000E-02    1.2163575768E+00   -3.1414227554E-01    6.8530834926E+00    6.8597169612E-02
    3.4959980000E-02    1.1469864458E+00   -4.0616251465E-01    7.1574635090E+00    6.9034267216E-02
    3.4999980000E-02    1.0419127574E+00   -4.5712902921E-01    7.5212210137E+00    6.9279788916E-02
    3.5039980000E-02    9.1733789667E-01   -4.4463142452E-01    7.9420238947E+00    6.9317202281E-02
    3.5079980000E-02    8.0556712394E-01   -3.6669820993E-01    8.4120959736E+00    6.9288792180E-02
    3.5119980000E-02    7.3743650304E-01   -2.4193440564E-01    8.9133347605E+00    6.9328960241E-02
    3.5159980000E-02    7.3199405192E-01   -1.0139191664E-01    9.4115702074E+00    6.9504256123E-02
    3.5199980000E-02    7.7935858677E-01    2.3055544049E-02    9.8713930325E+00    6.9741633327E-02
    3.5239980000E-02    8.5270352706E-01    1.1252049457E-01    1.0277539978E+01    6.9984829986E-02
    3.5279980001E-02    9.2817464212E-01    1.6349397813E-01    1.0628992551E+01    7.0239849334E-02
    3.5319980001E-02    9.9184569874E-01    1.8455765555E-01    1.0930402851E+01    7.0528195428E-02
    3.5359980001E-02    1.0407353651E+00    1.8733351299E-01    1.1187187999E+01    7.0851779113E-02
    3.5399980001E-02    1.0769824364E+00    1.8096360552E-01    1.1406460570E+01    7.1229718282E-02
    3.5439980001E-02    1.1036131131E+00    1.7107946650E-01    1.1594234102E+01    7.1694879913E-02
    3.5479980001E-02    1.1232829382E+00    1.6067265163E-01    1.1754878964E+01    7.2255057612E-02
    3.5519980001E-02    1.1378370061E+00    1.5134826121E-01    1.1890741995E+01    7.2842913046E-02
    3.5559980001E-02    1.1484676665E+00    1.4384376561E-01    1.2002895255E+01    7.3418310166E-02
    3.5599980001E-02    1.1560479625E+00    1.3825708385E-01    1.2092749549E+01    7.3973070072E-02
    3.5639980001E-02    1.1612406996E+00    1.3442180054E-01    1.2161744083E+01    7.4503144562E-02
    3.5679980001E-02    1.1645519650E+00    1.3213658590E-01    1.2211026632E+01    7.5015574971E-02
    3.5719980001E-02    1.1663595949E+00    1.3123047907E-01    1.2241560352E+01    7.5520190633E-02
    3.5759980001E-02    1.1669040782E+00    1.3158058073E-01    1.2254057747E+01    7.6023409980E-02
    3.5799980001E-02    1.1662761124E+00    1.3312849312E-01    1.2248840038E+01    7.6529440922E-02
    3.5839980001E-02    1.1644142923E+00    1.3586449705E-01    1.2225761529E+01    7.7041913886E-02
    3.5879980001E-02    1.1611039186E+00    1.3981833618E-01    1.2184235094E+01    7.7564765693E-02
    3.5919980001E-02    1.1559750753E+00    1.4508496668E-01    1.2123357850E+01    7.8103665401E-02
    3.5959980001E-02    1.1485117877E+00    1.5181088581E-01    1.2042049819E+01    7.8665128857E-02
    3.5999980001E-02    1.1380484855E+00    1.6015522738E-01    1.1939042269E+01    7.9248178975E-02
    3.6039980001E-02    1.1237143493E+00    1.7018118828E-01    1.1812915413E+01    7.9845428030E-02
    3.6079980001E-02    1.1043607387E+00    1.8153992290E-01    1.1662745637E+01    8.0445880626E-02
    3.6119980001E-02    1.0783521562E+00    1.9305927489E-01    1.1487454572E+01    8.0992025636E-02
    3.6159980001E-02    1.0431321319E+00    2.0230914110E-01    1.1283564343E+01    8.1455487589E-02
    3.6199980001E-02    9.9550605443E-01    2.0439166940E-01    1.1045411489E+01    8.1896097967E-02
    3.6239980001E-02    9.3331323305E-01    1.9038721911E-01    1.0765528595E+01    8.2339671446E-02
    3.6279980001E-02    8.5863825016E-01    1.4845467356E-01    1.0436961082E+01    8.2784159851E-02
