 sig=    1.000000000000000      inputfile=
 /home/rjrj524/Finished/vmec_gc_tracer/revised_251128/nc/wout_pwO_nfp2_A6.nc                                                                                                                             
 dt=   2.0000000000000000E-008
 steps=      2000000
 x0=   7.0000000000000007E-002    1.470000000000000      
   -3.140000000000000     
 u=    4170.000000000000     
 v_perp=    15800.00000000000     
 
time(s)         x0(1)       x0(2)        x0(3)      r
0.000040 0.818897 -0.064207 3.305603 0.069982
0.000080 0.837651 -0.030831 3.445576 0.069959
0.000120 0.856407 -0.005184 3.561709 0.069936
0.000160 0.872935 0.013345 3.653038 0.069915
0.000200 0.885631 0.025710 3.718980 0.069894
0.000240 0.893508 0.032872 3.759295 0.069873
0.000280 0.896068 0.035518 3.773922 0.069852
0.000320 0.893164 0.033892 3.762846 0.069831
0.000360 0.884939 0.027742 3.726040 0.069813
0.000400 0.871885 0.016371 3.663520 0.069795
0.000440 0.854975 -0.001196 3.575471 0.069779
0.000480 0.835784 -0.025937 3.462414 0.069762
0.000520 0.816500 -0.058503 3.325255 0.069746
0.000560 0.799856 -0.098967 3.165228 0.069735
0.000600 0.789033 -0.146523 2.984246 0.069732
0.000640 0.787266 -0.199137 2.785742 0.069729
0.000680 0.796966 -0.253607 2.574681 0.069717
0.000720 0.819030 -0.306115 2.356668 0.069697
0.000760 0.852700 -0.352664 2.137679 0.069679
0.000800 0.895681 -0.389586 1.923711 0.069672
0.000840 0.944527 -0.414199 1.720041 0.069689
0.000880 0.995184 -0.425270 1.531024 0.069742
0.000920 1.043503 -0.423362 1.360481 0.069843
0.000960 1.085898 -0.411093 1.212143 0.069997
0.001000 1.120151 -0.392736 1.089236 0.070200
0.001040 1.145658 -0.373022 0.993733 0.070439
0.001080 1.162873 -0.356074 0.926479 0.070701
0.001120 1.172569 -0.344927 0.887783 0.070979
0.001160 1.175350 -0.341385 0.877775 0.071263
0.001200 1.171409 -0.345961 0.896513 0.071549
0.001240 1.160474 -0.357862 0.944002 0.071830
0.001280 1.141908 -0.375004 1.020160 0.072098
0.001320 1.115009 -0.394064 1.124650 0.072344
0.001360 1.079574 -0.410684 1.256423 0.072553
0.001400 1.036651 -0.420102 1.413109 0.072712
0.001440 0.988935 -0.418365 1.591126 0.072816
0.001480 0.940334 -0.403399 1.786525 0.072873
0.001520 0.895114 -0.375231 1.995132 0.072889
0.001560 0.857209 -0.335667 2.212009 0.072878
0.001600 0.829645 -0.287850 2.431367 0.072850
0.001640 0.814049 -0.235673 2.647062 0.072812
0.001680 0.810417 -0.183141 2.853246 0.072774
0.001720 0.817144 -0.133851 3.044686 0.072734
0.001760 0.831414 -0.090481 3.217318 0.072687
0.001800 0.849998 -0.054496 3.368578 0.072631
0.001840 0.869867 -0.026314 3.496798 0.072574
0.001880 0.888440 -0.005551 3.600758 0.072518
0.001920 0.903760 0.008732 3.679729 0.072461
0.001960 0.914568 0.017672 3.733464 0.072400
0.002000 0.920196 0.022236 3.761977 0.072337
0.002040 0.920366 0.022976 3.765323 0.072274
0.002080 0.915062 0.019924 3.743489 0.072212
0.002120 0.904519 0.012584 3.696386 0.072154
0.002160 0.889338 0.000025 3.623945 0.072101
0.002200 0.870678 -0.018899 3.526315 0.072051
0.002240 0.850374 -0.045201 3.404097 0.072000
0.002280 0.830899 -0.079400 3.258394 0.071951
0.002320 0.815210 -0.121268 3.090738 0.071909
0.002360 0.806561 -0.169574 2.903454 0.071875
0.002400 0.807959 -0.221846 2.700346 0.071843
0.002440 0.821306 -0.274581 2.486530 0.071809
0.002480 0.846914 -0.323786 2.267769 0.071778
0.002520 0.883474 -0.365442 2.050198 0.071762
0.002560 0.928196 -0.396124 1.839743 0.071770
0.002600 0.977242 -0.413639 1.641532 0.071815
0.002640 1.026319 -0.417491 1.459874 0.071909
0.002680 1.071331 -0.409255 1.298776 0.072060
0.002720 1.109203 -0.392587 1.162050 0.072267
0.002760 1.138504 -0.372312 1.052481 0.072518
0.002800 1.159241 -0.353110 0.971452 0.072799
0.002840 1.172098 -0.338694 0.919480 0.073097
0.002880 1.177796 -0.331527 0.896747 0.073406
0.002920 1.176725 -0.332740 0.903335 0.073719
0.002960 1.168808 -0.342084 0.939273 0.074029
0.003000 1.153531 -0.357936 1.004530 0.074330
0.003040 1.130177 -0.377329 1.098900 0.074613
0.003080 1.098293 -0.396106 1.221637 0.074864
0.003120 1.058435 -0.409370 1.370801 0.075068
0.003160 1.012785 -0.412585 1.542979 0.075213
0.003200 0.965026 -0.402870 1.734049 0.075300
0.003240 0.919520 -0.379580 1.939719 0.075338
0.003280 0.880471 -0.344095 2.155054 0.075336
0.003320 0.851217 -0.299334 2.374275 0.075307
0.003360 0.833718 -0.249136 2.591200 0.075258
0.003400 0.828312 -0.197599 2.799842 0.075200
0.003440 0.833712 -0.148502 2.994854 0.075134
0.003480 0.847320 -0.104766 3.172063 0.075058
0.003520 0.865969 -0.068134 3.328723 0.074972
0.003560 0.886541 -0.039260 3.462965 0.074882
0.003600 0.906285 -0.017893 3.573433 0.074789
0.003640 0.923084 -0.003087 3.659407 0.074689
0.003680 0.935588 0.006416 3.720769 0.074582
0.003720 0.943100 0.011761 3.757698 0.074469
0.003760 0.945330 0.013702 3.770384 0.074353
0.003800 0.942210 0.012482 3.758883 0.074238
0.003840 0.933823 0.007802 3.723088 0.074129
0.003880 0.920486 -0.001140 3.662770 0.074027
0.003920 0.902942 -0.015521 3.577726 0.073935
0.003960 0.882588 -0.036602 3.468072 0.073849
0.004000 0.861572 -0.065310 3.334529 0.073766
0.004040 0.842650 -0.101877 3.178445 0.073688
0.004080 0.828955 -0.145636 3.001693 0.073619
0.004120 0.823681 -0.194809 2.807084 0.073560
0.004160 0.829412 -0.246422 2.598877 0.073506
0.004200 0.847374 -0.296662 2.382462 0.073460
0.004240 0.877183 -0.341409 2.163842 0.073430
0.004280 0.916857 -0.376780 1.949203 0.073427
0.004320 0.963019 -0.399823 1.744295 0.073462
0.004360 1.011441 -0.409124 1.554024 0.073548
0.004400 1.057751 -0.405276 1.382688 0.073693
0.004440 1.098244 -0.391129 1.234436 0.073899
0.004480 1.130690 -0.371280 1.112757 0.074157
0.004520 1.154513 -0.350741 1.019687 0.074452
0.004560 1.170174 -0.333805 0.956056 0.074768
0.004600 1.178417 -0.323547 0.922144 0.075097
0.004640 1.179778 -0.321662 0.918054 0.075432
0.004680 1.174354 -0.328414 0.943833 0.075766
0.004720 1.161772 -0.342613 0.999482 0.076094
0.004760 1.141358 -0.361652 1.084872 0.076408
0.004800 1.112540 -0.381601 1.199459 0.076695
0.004840 1.075534 -0.397567 1.341653 0.076937
0.004880 1.032076 -0.404640 1.508302 0.077119
0.004920 0.985559 -0.399281 1.695216 0.077237
0.004960 0.940338 -0.380206 1.897968 0.077297
0.005000 0.900810 -0.348361 2.111600 0.077309
0.005040 0.870580 -0.306441 2.330313 0.077283
0.005080 0.851859 -0.258209 2.547907 0.077229
0.005120 0.845245 -0.207804 2.758322 0.077156
0.005160 0.849696 -0.159142 2.956100 0.077070
0.005200 0.862806 -0.115330 3.136989 0.076968
0.005240 0.881494 -0.078326 3.298141 0.076854
0.005280 0.902610 -0.048982 3.437577 0.076731
0.005320 0.923305 -0.027169 3.553899 0.076599
0.005360 0.941366 -0.011954 3.646481 0.076453
0.005400 0.955406 -0.001999 3.715388 0.076295
0.005440 0.964746 0.003976 3.760988 0.076126
0.005480 0.969131 0.006897 3.783612 0.075952
0.005520 0.968490 0.007216 3.783422 0.075777
0.005560 0.962830 0.004890 3.760384 0.075605
0.005600 0.952242 -0.000626 3.714275 0.075443
0.005640 0.937039 -0.010333 3.644719 0.075292
0.005680 0.917997 -0.025552 3.551340 0.075157
0.005720 0.896615 -0.047601 3.434118 0.075034
0.005760 0.875191 -0.077337 3.293752 0.074921
0.005800 0.856602 -0.114793 3.131694 0.074816
0.005840 0.844017 -0.159018 2.950003 0.074723
0.005880 0.840499 -0.207927 2.751706 0.074644
0.005920 0.848318 -0.258303 2.541241 0.074577
0.005960 0.868329 -0.306188 2.324139 0.074526
0.006000 0.899785 -0.347436 2.106504 0.074502
0.006040 0.940341 -0.378315 1.894515 0.074513
0.006080 0.986297 -0.396232 1.693852 0.074574
0.006120 1.033245 -0.400350 1.509370 0.074693
0.006160 1.076890 -0.392046 1.345465 0.074878
0.006200 1.113922 -0.374947 1.206302 0.075125
0.006240 1.142672 -0.354049 1.095000 0.075419
0.006280 1.162978 -0.334297 1.013146 0.075744
0.006320 1.175440 -0.319645 0.961324 0.076085
0.006360 1.180738 -0.312695 0.939724 0.076436
0.006400 1.179234 -0.314586 0.948416 0.076790
0.006440 1.170819 -0.324947 0.987433 0.077142
0.006480 1.154969 -0.341908 1.056736 0.077484
0.006520 1.131024 -0.362149 1.156041 0.077807
0.006560 1.098744 -0.381113 1.284345 0.078095
0.006600 1.059075 -0.393638 1.439220 0.078327
0.006640 1.014671 -0.395252 1.616753 0.078493
0.006680 0.969571 -0.383460 1.812465 0.078592
0.006720 0.928317 -0.358170 2.021545 0.078632
0.006760 0.894992 -0.321386 2.238377 0.078624
0.006800 0.872426 -0.276531 2.456793 0.078578
0.006840 0.861845 -0.227684 2.670638 0.078502
0.006880 0.862825 -0.178943 2.874183 0.078405
0.006920 0.873447 -0.133811 3.062728 0.078288
0.006960 0.890858 -0.094722 3.233027 0.078153
0.007000 0.911924 -0.062974 3.382895 0.078002
0.007040 0.933648 -0.038818 3.510803 0.077835
0.007080 0.953571 -0.021563 3.616038 0.077648
0.007120 0.970069 -0.009917 3.698690 0.077443
0.007160 0.982327 -0.002484 3.759214 0.077224
0.007200 0.990047 0.001879 3.798027 0.076997
0.007240 0.993163 0.003915 3.815364 0.076768
0.007280 0.991675 0.003934 3.811303 0.076538
0.007320 0.985580 0.001818 3.785794 0.076313
0.007360 0.974904 -0.002984 3.738657 0.076094
0.007400 0.959819 -0.011444 3.669538 0.075889
0.007440 0.940874 -0.024880 3.577948 0.075701
0.007480 0.919285 -0.044699 3.463531 0.075535
0.007520 0.897103 -0.071956 3.326534 0.075386
0.007560 0.877074 -0.106910 3.168075 0.075253
0.007600 0.862288 -0.148821 2.990019 0.075134
0.007640 0.855810 -0.195856 2.795047 0.075033
0.007680 0.860107 -0.245048 2.587138 0.074950
0.007720 0.876385 -0.292569 2.371542 0.074889
0.007760 0.904300 -0.334265 2.154244 0.074858
0.007800 0.941895 -0.366259 1.941454 0.074867
0.007840 0.985715 -0.385680 1.739079 0.074927
0.007880 1.031407 -0.391365 1.552266 0.075050
0.007920 1.074593 -0.384359 1.385576 0.075240
0.007960 1.111755 -0.368031 1.243326 0.075497
0.008000 1.140946 -0.347319 1.128902 0.075803
0.008040 1.161779 -0.327300 1.044132 0.076141
0.008080 1.174749 -0.312123 0.989714 0.076497
0.008120 1.180510 -0.304570 0.965869 0.076862
0.008160 1.179443 -0.305910 0.972672 0.077231
0.008200 1.171470 -0.315867 1.010158 0.077598
0.008240 1.156108 -0.332606 1.078292 0.077956
0.008280 1.132740 -0.352797 1.176778 0.078296
0.008320 1.101183 -0.371830 1.304572 0.078599
0.008360 1.062449 -0.384493 1.459172 0.078847
0.008400 1.019237 -0.386282 1.636592 0.079026
0.008440 0.975614 -0.374703 1.832253 0.079135
0.008480 0.936131 -0.349709 2.041176 0.079179
0.008520 0.904814 -0.313389 2.257581 0.079172
0.008560 0.884339 -0.269238 2.475259 0.079123
0.008600 0.875735 -0.221352 2.688124 0.079039
0.008640 0.878401 -0.173791 2.890579 0.078927
0.008680 0.890320 -0.129956 3.078169 0.078790
0.008720 0.908651 -0.092170 3.247896 0.078630
0.008760 0.930314 -0.061642 3.397769 0.078448
0.008800 0.952392 -0.038525 3.526543 0.078240
0.008840 0.972566 -0.022040 3.633844 0.078007
0.008880 0.989389 -0.010868 3.719941 0.077755
0.008920 1.002194 -0.003633 3.785236 0.077492
0.008960 1.010776 0.000786 3.829952 0.077225
0.009000 1.015123 0.003154 3.854130 0.076958
0.009040 1.015255 0.003867 3.857742 0.076691
0.009080 1.011171 0.002961 3.840767 0.076425
0.009120 1.002842 0.000106 3.803206 0.076162
0.009160 0.990272 -0.005400 3.745023 0.075904
0.009200 0.973635 -0.014625 3.666028 0.075658
0.009240 0.953517 -0.028925 3.565838 0.075430
0.009280 0.931200 -0.049676 3.444086 0.075227
0.009320 0.908804 -0.077829 3.300930 0.075050
0.009360 0.889106 -0.113474 3.137403 0.074895
0.009400 0.875156 -0.155660 2.955373 0.074761
0.009440 0.869876 -0.202340 2.757631 0.074650
0.009480 0.875483 -0.250387 2.548288 0.074563
0.009520 0.892915 -0.295905 2.332674 0.074505
0.009560 0.921588 -0.334771 2.116792 0.074484
0.009600 0.959288 -0.363273 1.906824 0.074510
0.009640 1.002349 -0.378880 1.708607 0.074593
0.009680 1.046356 -0.380936 1.527220 0.074744
0.009720 1.087087 -0.371099 1.367245 0.074966
0.009760 1.121375 -0.353257 1.232901 0.075251
0.009800 1.147669 -0.332522 1.127224 0.075581
0.009840 1.165823 -0.313814 1.051719 0.075938
0.009880 1.176370 -0.300943 1.006926 0.076309
0.009920 1.179876 -0.296257 0.993011 0.076687
0.009960 1.176569 -0.300540 1.010032 0.077066
0.010000 1.166234 -0.312978 1.058008 0.077442
0.010040 1.148335 -0.331182 1.136834 0.077807
0.010080 1.122404 -0.351278 1.245975 0.078148
0.010120 1.088705 -0.368293 1.383842 0.078446
0.010160 1.048948 -0.377105 1.547236 0.078679
0.010200 1.006464 -0.373892 1.731793 0.078840
0.010240 0.965612 -0.357135 1.932741 0.078930
0.010280 0.930805 -0.327734 2.144665 0.078957
0.010320 0.905492 -0.288475 2.361465 0.078933
0.010360 0.891540 -0.243182 2.576989 0.078866
0.010400 0.889150 -0.195974 2.785409 0.078763
0.010440 0.897001 -0.150633 2.981690 0.078628
0.010480 0.912663 -0.110047 3.162213 0.078463
0.010520 0.933207 -0.076000 3.324679 0.078269
0.010560 0.955649 -0.049203 3.467669 0.078043
0.010600 0.977364 -0.029359 3.590564 0.077786
0.010640 0.996499 -0.015421 3.693387 0.077509
0.010680 1.012073 -0.006050 3.776319 0.077222
0.010720 1.023725 -0.000009 3.839351 0.076932
0.010760 1.031396 0.003666 3.882272 0.076642
0.010800 1.035123 0.005627 3.904825 0.076354
0.010840 1.034933 0.006206 3.906842 0.076068
0.010880 1.030814 0.005415 3.888299 0.075782
0.010920 1.022721 0.002937 3.849323 0.075496
0.010960 1.010615 -0.001870 3.790142 0.075212
0.011000 0.994572 -0.009972 3.710971 0.074932
0.011040 0.974982 -0.022615 3.611844 0.074663
0.011080 0.952837 -0.041158 3.492576 0.074416
0.011120 0.929945 -0.066697 3.353079 0.074199
0.011160 0.908849 -0.099609 3.193880 0.074014
0.011200 0.892481 -0.139263 3.016375 0.073857
0.011240 0.883751 -0.183960 2.822890 0.073727
0.011280 0.885080 -0.230928 2.616974 0.073626
0.011320 0.897828 -0.276518 2.403494 0.073559
0.011360 0.921939 -0.316672 2.188201 0.073529
0.011400 0.955774 -0.347529 1.977217 0.073547
0.011440 0.996115 -0.366182 1.776547 0.073622
0.011480 1.038720 -0.371448 1.591560 0.073765
0.011520 1.079283 -0.364389 1.426984 0.073980
0.011560 1.114328 -0.348366 1.287192 0.074263
0.011600 1.141858 -0.328293 1.175604 0.074594
0.011640 1.161369 -0.309223 1.094104 0.074956
0.011680 1.173228 -0.295255 1.043429 0.075334
0.011720 1.177977 -0.289055 1.023809 0.075719
0.011760 1.175905 -0.291709 1.035318 0.076107
0.011800 1.166882 -0.302685 1.077979 0.076492
0.011840 1.150448 -0.319837 1.151706 0.076868
0.011880 1.126167 -0.339491 1.256019 0.077223
0.011920 1.094249 -0.356789 1.389452 0.077537
0.011960 1.056263 -0.366587 1.548972 0.077790
0.012000 1.015368 -0.364876 1.730297 0.077969
0.012040 0.975804 -0.349865 1.928648 0.078074
0.012080 0.941957 -0.322203 2.138606 0.078113
0.012120 0.917299 -0.284511 2.354085 0.078098
0.012160 0.903721 -0.240518 2.568985 0.078036
0.012200 0.901451 -0.194273 2.777569 0.077933
0.012240 0.909241 -0.149520 2.974888 0.077791
0.012280 0.924777 -0.109148 3.157396 0.077614
0.012320 0.945234 -0.074973 3.322929 0.077400
0.012360 0.967698 -0.047770 3.470259 0.077149
0.012400 0.989567 -0.027344 3.598836 0.076868
0.012440 1.008997 -0.012767 3.708495 0.076571
0.012480 1.025034 -0.002804 3.799059 0.076267
0.012520 1.037356 0.003721 3.870129 0.075961
0.012560 1.045923 0.007777 3.921166 0.075654
0.012600 1.050771 0.010082 3.951686 0.075349
0.012640 1.051933 0.011078 3.961381 0.075044
0.012680 1.049409 0.010896 3.950147 0.074740
0.012720 1.043164 0.009346 3.918087 0.074438
0.012760 1.033142 0.005923 3.865511 0.074137
0.012800 1.019312 -0.000158 3.792901 0.073838
0.012840 1.001792 -0.009938 3.700788 0.073543
0.012880 0.981080 -0.024649 3.589556 0.073258
0.012920 0.958370 -0.045518 3.459351 0.072994
0.012960 0.935700 -0.073378 3.310338 0.072761
0.013000 0.915731 -0.108258 3.143167 0.072565
0.013040 0.901340 -0.149180 2.959300 0.072405
0.013080 0.895230 -0.194113 2.761256 0.072278
0.013120 0.899450 -0.240028 2.552884 0.072186
0.013160 0.914919 -0.283171 2.339247 0.072134
0.013200 0.941140 -0.319557 2.126146 0.072126
0.013240 0.976017 -0.345622 1.919664 0.072171
0.013280 1.015975 -0.359045 1.725649 0.072279
0.013320 1.056723 -0.359463 1.549248 0.072459
0.013360 1.094236 -0.348824 1.395079 0.072711
0.013400 1.125569 -0.331166 1.267243 0.073024
0.013440 1.149289 -0.311559 1.168588 0.073378
0.013480 1.165239 -0.294728 1.100509 0.073755
0.013520 1.173850 -0.284192 1.063507 0.074142
0.013560 1.175547 -0.281941 1.057733 0.074535
0.013600 1.170430 -0.288345 1.083239 0.074928
0.013640 1.158223 -0.302136 1.140006 0.075317
0.013680 1.138481 -0.320438 1.227786 0.075691
0.013720 1.111081 -0.338963 1.345657 0.076037
0.013760 1.076915 -0.352610 1.491373 0.076331
0.013800 1.038395 -0.356698 1.661181 0.076556
0.013840 0.999280 -0.348299 1.850502 0.076705
0.013880 0.963932 -0.326890 2.054226 0.076783
0.013920 0.936265 -0.294209 2.266489 0.076799
0.013960 0.918817 -0.253528 2.481172 0.076763
0.014000 0.912455 -0.208748 2.692475 0.076680
0.014040 0.916520 -0.163718 2.895192 0.076552
0.014080 0.929147 -0.121662 3.085294 0.076381
0.014120 0.947773 -0.084812 3.260261 0.076168
0.014160 0.969562 -0.054385 3.418707 0.075914
0.014200 0.991761 -0.030655 3.559858 0.075629
0.014240 1.012208 -0.013082 3.683223 0.075326
0.014280 1.029692 -0.000646 3.788351 0.075012
0.014320 1.043768 0.007759 3.874591 0.074690
0.014360 1.054344 0.013146 3.941128 0.074364
0.014400 1.061421 0.016385 3.987218 0.074034
0.014440 1.065013 0.018140 4.012340 0.073705
0.014480 1.065121 0.018792 4.016222 0.073375
0.014520 1.061734 0.018386 3.998818 0.073048
0.014560 1.054821 0.016625 3.960304 0.072723
0.014600 1.044353 0.012906 3.901094 0.072402
0.014640 1.030321 0.006382 3.821845 0.072087
0.014680 1.012822 -0.003964 3.723366 0.071781
0.014720 0.992271 -0.019254 3.606404 0.071485
0.014760 0.969756 -0.040571 3.471484 0.071206
0.014800 0.947257 -0.068629 3.319033 0.070955
0.014840 0.927403 -0.103384 3.149714 0.070743
0.014880 0.912996 -0.143846 2.964815 0.070572
0.014920 0.906622 -0.188017 2.766674 0.070440
0.014960 0.910231 -0.232949 2.558975 0.070350
0.015000 0.924719 -0.275003 2.346593 0.070304
0.015040 0.949647 -0.310302 2.135177 0.070305
0.015080 0.983002 -0.335381 1.930731 0.070360
0.015120 1.021302 -0.348039 1.739077 0.070480
0.015160 1.060362 -0.348042 1.565369 0.070673
0.015200 1.096276 -0.337437 1.414204 0.070938
0.015240 1.126201 -0.320264 1.289587 0.071262
0.015280 1.148745 -0.301503 1.194274 0.071623
0.015320 1.163718 -0.285743 1.129615 0.072006
0.015360 1.171488 -0.276345 1.096106 0.072399
0.015400 1.172411 -0.275121 1.093896 0.072795
0.015440 1.166538 -0.282255 1.123031 0.073192
0.015480 1.153592 -0.296285 1.183464 0.073584
0.015520 1.133215 -0.314155 1.274849 0.073960
0.015560 1.105490 -0.331458 1.396053 0.074306
0.015600 1.071604 -0.343165 1.544557 0.074597
0.015640 1.034223 -0.344904 1.716457 0.074817
0.015680 0.997201 -0.334185 1.907104 0.074962
0.015720 0.964780 -0.310904 2.111217 0.075036
0.015760 0.940526 -0.277101 2.322833 0.075049
0.015800 0.926511 -0.236149 2.535965 0.075010
0.015840 0.923168 -0.191876 2.745085 0.074920
0.015880 0.929541 -0.147903 2.945402 0.074779
0.015920 0.943651 -0.107143 3.133422 0.074590
0.015960 0.962945 -0.071543 3.307111 0.074356
0.016000 0.984622 -0.042131 3.465331 0.074085
0.016040 1.006058 -0.019088 3.607244 0.073790
0.016080 1.025439 -0.001884 3.732189 0.073477
0.016120 1.041954 0.010352 3.839446 0.073146
0.016160 1.055353 0.018564 3.927981 0.072801
0.016200 1.065544 0.023719 3.996672 0.072449
0.016240 1.072466 0.026743 4.044624 0.072092
0.016280 1.076071 0.028375 4.071260 0.071735
0.016320 1.076326 0.029052 4.076287 0.071377
0.016360 1.073216 0.028851 4.059650 0.071022
0.016400 1.066735 0.027462 4.021523 0.070669
0.016440 1.056899 0.024243 3.962336 0.070322
0.016480 1.043758 0.018302 3.882824 0.069983
0.016520 1.027415 0.008637 3.784005 0.069658
0.016560 1.008125 -0.005761 3.666990 0.069350
0.016600 0.986572 -0.025829 3.532676 0.069061
0.016640 0.964282 -0.052260 3.381738 0.068794
0.016680 0.943650 -0.085157 3.214919 0.068558
0.016720 0.927432 -0.123786 3.033274 0.068364
0.016760 0.918229 -0.166495 2.838616 0.068215
0.016800 0.918128 -0.210703 2.634017 0.068112
0.016840 0.928332 -0.253087 2.423805 0.068057
0.016880 0.948876 -0.289931 2.213219 0.068052
0.016920 0.978361 -0.317680 2.008059 0.068099
0.016960 1.013840 -0.333759 1.814212 0.068210
0.017000 1.051371 -0.337379 1.637043 0.068392
0.017040 1.086998 -0.329947 1.481265 0.068646
0.017080 1.117590 -0.314942 1.351033 0.068962
0.017120 1.141341 -0.297090 1.249445 0.069320
0.017160 1.157720 -0.281068 1.178205 0.069702
0.017200 1.166925 -0.270506 1.138003 0.070095
0.017240 1.169292 -0.267553 1.129063 0.070493
0.017280 1.164935 -0.272743 1.151450 0.070892
0.017320 1.153666 -0.284970 1.205130 0.071288
0.017360 1.135186 -0.301524 1.289807 0.071671
0.017400 1.109545 -0.318301 1.404491 0.072028
0.017440 1.077772 -0.330427 1.546928 0.072337
0.017480 1.042284 -0.333457 1.713464 0.072577
0.017520 1.006699 -0.324615 1.899587 0.072742
0.017560 0.975126 -0.303412 2.100118 0.072836
0.017600 0.951125 -0.271546 2.309192 0.072867
0.017640 0.936839 -0.232156 2.520902 0.072842
0.017680 0.932803 -0.188902 2.729855 0.072762
0.017720 0.938220 -0.145296 2.931394 0.072626
0.017760 0.951301 -0.104214 3.122058 0.072437
0.017800 0.969633 -0.067659 3.299795 0.072203
0.017840 0.990466 -0.036798 3.463344 0.071937
0.017880 1.011214 -0.012030 3.611709 0.071646
0.017920 1.030212 0.006910 3.744187 0.071326
0.017960 1.046779 0.020601 3.859860 0.070979
0.018000 1.060657 0.029809 3.957289 0.070615
0.018040 1.071652 0.035515 4.034984 0.070241
0.018080 1.079585 0.038780 4.091799 0.069862
0.018120 1.084320 0.040535 4.126993 0.069481
0.018160 1.085772 0.041411 4.140158 0.069101
0.018200 1.083900 0.041644 4.131152 0.068723
0.018240 1.078708 0.041047 4.100072 0.068346
0.018280 1.070244 0.039025 4.047273 0.067974
0.018320 1.058619 0.034667 3.973428 0.067608
0.018360 1.044012 0.026899 3.879592 0.067254
0.018400 1.026669 0.014676 3.767177 0.066918
0.018440 1.006966 -0.002859 3.637647 0.066610
0.018480 0.985691 -0.026339 3.492057 0.066330
0.018520 0.964482 -0.056047 3.331157 0.066076
0.018560 0.945829 -0.091634 3.155907 0.065852
0.018600 0.932427 -0.131961 2.967666 0.065671
0.018640 0.926630 -0.175049 2.768611 0.065539
0.018680 0.930106 -0.218115 2.562164 0.065459
0.018720 0.943578 -0.257798 2.352817 0.065431
0.018760 0.966596 -0.290539 2.145841 0.065457
0.018800 0.997254 -0.313209 1.947001 0.065541
0.018840 1.032263 -0.323991 1.761973 0.065691
0.018880 1.067716 -0.323051 1.595804 0.065914
0.018920 1.100043 -0.312695 1.452923 0.066204
0.018960 1.126708 -0.296943 1.337010 0.066545
0.019000 1.146467 -0.280483 1.250506 0.066919
0.019040 1.159108 -0.267469 1.194612 0.067308
0.019080 1.164870 -0.260785 1.169782 0.067704
0.019120 1.163969 -0.261785 1.176160 0.068103
0.019160 1.156373 -0.270200 1.213761 0.068502
0.019200 1.141856 -0.284153 1.282430 0.068894
0.019240 1.120317 -0.300265 1.381539 0.069268
0.019280 1.092333 -0.314063 1.509478 0.069606
0.019320 1.059674 -0.320906 1.663267 0.069887
0.019360 1.025392 -0.317251 1.838809 0.070096
0.019400 0.993340 -0.301561 2.031283 0.070231
0.019440 0.967273 -0.274553 2.235126 0.070300
0.019480 0.949833 -0.238733 2.444460 0.070309
0.019520 0.942111 -0.197466 2.653850 0.070258
0.019560 0.943823 -0.154196 2.858560 0.070148
0.019600 0.953630 -0.111944 3.054789 0.069981
0.019640 0.969437 -0.072991 3.240018 0.069766
0.019680 0.988636 -0.038863 3.412652 0.069520
0.019720 1.008598 -0.010395 3.571532 0.069244
0.019760 1.027550 0.012209 3.716000 0.068929
0.019800 1.044744 0.029087 3.845071 0.068580
0.019840 1.059830 0.040703 3.956918 0.068208
0.019880 1.072476 0.047961 4.049580 0.067824
0.019920 1.082340 0.052046 4.121504 0.067433
0.019960 1.089145 0.054142 4.171631 0.067039
0.020000 1.092704 0.055197 4.199319 0.066646
0.020040 1.092921 0.055769 4.204249 0.066254
0.020080 1.089765 0.055947 4.186369 0.065863
0.020120 1.083274 0.055335 4.145882 0.065475
0.020160 1.073570 0.053113 4.083289 0.065090
0.020200 1.060880 0.048156 3.999462 0.064713
0.020240 1.045536 0.039242 3.895732 0.064349
0.020280 1.027946 0.025299 3.773888 0.064005
0.020320 1.008588 0.005631 3.635868 0.063692
0.020360 0.988209 -0.020066 3.483060 0.063418
0.020400 0.968280 -0.051722 3.316198 0.063178
0.020440 0.951155 -0.088689 3.136265 0.062967
0.020480 0.939439 -0.129620 2.944842 0.062796
0.020520 0.935314 -0.172435 2.744307 0.062674
0.020560 0.940197 -0.214367 2.538141 0.062608
0.020600 0.954570 -0.252188 2.330744 0.062599
0.020640 0.977794 -0.282553 2.127249 0.062646
0.020680 1.007833 -0.302667 1.933293 0.062755
0.020720 1.041396 -0.311172 1.754376 0.062932
0.020760 1.074748 -0.308705 1.595356 0.063178
0.020800 1.104622 -0.297910 1.460438 0.063487
0.020840 1.128797 -0.282873 1.352962 0.063840
0.020880 1.146255 -0.268055 1.275031 0.064219
0.020920 1.156849 -0.257204 1.227652 0.064610
0.020960 1.160775 -0.252754 1.211204 0.065007
0.021000 1.158163 -0.255608 1.225799 0.065405
0.021040 1.148936 -0.265086 1.271409 0.065802
0.021080 1.132931 -0.278945 1.347752 0.066191
0.021120 1.110277 -0.293561 1.453938 0.066558
0.021160 1.081928 -0.304488 1.587981 0.066886
0.021200 1.050039 -0.307486 1.746604 0.067153
0.021240 1.017866 -0.299682 1.925563 0.067349
0.021280 0.989157 -0.280258 2.119849 0.067475
0.021320 0.967183 -0.250502 2.323803 0.067534
0.021360 0.953900 -0.213150 2.531823 0.067533
0.021400 0.949823 -0.171455 2.738967 0.067468
0.021440 0.954314 -0.128545 2.941037 0.067342
0.021480 0.965832 -0.087051 3.134785 0.067164
0.021520 0.982119 -0.048946 3.318005 0.066950
0.021560 1.000562 -0.015600 3.489203 0.066704
0.021600 1.019108 0.012189 3.647713 0.066413
0.021640 1.036788 0.033981 3.792751 0.066079
0.021680 1.053157 0.049705 3.922311 0.065718
0.021720 1.067760 0.059944 4.033923 0.065338
0.021760 1.080073 0.065838 4.125487 0.064947
0.021800 1.089610 0.068764 4.195451 0.064551
0.021840 1.096010 0.070033 4.242778 0.064152
0.021880 1.099053 0.070648 4.266857 0.063754
0.021920 1.098634 0.071143 4.267410 0.063358
0.021960 1.094735 0.071511 4.244434 0.062963
0.022000 1.087430 0.071205 4.198202 0.062570
0.022040 1.076910 0.069217 4.129319 0.062182
0.022080 1.063520 0.064236 4.038806 0.061802
0.022120 1.047753 0.054888 3.928190 0.061436
0.022160 1.030193 0.040031 3.799529 0.061090
0.022200 1.011439 0.019039 3.655240 0.060772
0.022240 0.992182 -0.008109 3.497351 0.060498
0.022280 0.973587 -0.040994 3.326767 0.060269
0.022320 0.957665 -0.078751 3.144226 0.060073
0.022360 0.946883 -0.119909 2.951354 0.059913
0.022400 0.943356 -0.162389 2.750651 0.059800
0.022440 0.948380 -0.203548 2.545544 0.059744
0.022480 0.962339 -0.240353 2.340242 0.059747
0.022520 0.984588 -0.269685 2.139640 0.059810
0.022560 1.013182 -0.288971 1.949184 0.059936
0.022600 1.044989 -0.297067 1.774234 0.060130
0.022640 1.076478 -0.294762 1.619527 0.060390
0.022680 1.104574 -0.284729 1.489101 0.060708
0.022720 1.127200 -0.270919 1.386091 0.061066
0.022760 1.143387 -0.257542 1.312458 0.061447
0.022800 1.152955 -0.248081 1.269149 0.061838
0.022840 1.156038 -0.244717 1.256532 0.062233
0.022880 1.152725 -0.248137 1.274714 0.062630
0.022920 1.142942 -0.257507 1.323626 0.063025
0.022960 1.126614 -0.270475 1.402896 0.063412
0.023000 1.104040 -0.283426 1.511486 0.063777
0.023040 1.076379 -0.292091 1.647257 0.064101
0.023080 1.045923 -0.292580 1.806873 0.064367
0.023120 1.015911 -0.282425 1.986067 0.064563
0.023160 0.989862 -0.261163 2.179780 0.064690
0.023200 0.970631 -0.230276 2.382451 0.064751
0.023240 0.959741 -0.192463 2.588815 0.064748
0.023280 0.957438 -0.150757 2.794337 0.064681
0.023320 0.962960 -0.107998 2.995163 0.064557
0.023360 0.974666 -0.066570 3.188259 0.064389
0.023400 0.990219 -0.028344 3.371482 0.064186
0.023440 1.007324 0.005281 3.543813 0.063936
0.023480 1.024653 0.033237 3.704824 0.063635
0.023520 1.041650 0.054733 3.852767 0.063302
0.023560 1.057831 0.069714 3.984836 0.062946
0.023600 1.072538 0.078958 4.098353 0.062569
0.023640 1.085052 0.083791 4.191143 0.062179
0.023680 1.094751 0.085760 4.261591 0.061782
0.023720 1.101197 0.086324 4.308628 0.061384
0.023760 1.104136 0.086580 4.331640 0.060986
0.023800 1.103454 0.087088 4.330362 0.060589
0.023840 1.099140 0.087792 4.304815 0.060194
0.023880 1.091295 0.088030 4.255310 0.059802
0.023920 1.080171 0.086631 4.182514 0.059415
0.023960 1.066217 0.082109 4.087559 0.059038
0.024000 1.050086 0.072937 3.972118 0.058677
0.024040 1.032548 0.057866 3.838406 0.058338
0.024080 1.014357 0.036226 3.689112 0.058026
0.024120 0.996208 0.008134 3.526959 0.057748
0.024160 0.978984 -0.025650 3.353571 0.057522
0.024200 0.964209 -0.064007 3.169493 0.057343
0.024240 0.954072 -0.105369 2.976024 0.057200
0.024280 0.950654 -0.147670 2.775678 0.057101
0.024320 0.955242 -0.188416 2.571825 0.057054
0.024360 0.968204 -0.224796 2.368476 0.057068
0.024400 0.988962 -0.253914 2.170260 0.057143
0.024440 1.015763 -0.273362 1.982383 0.057282
0.024480 1.045723 -0.282068 1.810063 0.057488
0.024520 1.075523 -0.280797 1.657945 0.057757
0.024560 1.102226 -0.272097 1.529942 0.058080
0.024600 1.123810 -0.259704 1.429067 0.058440
0.024640 1.139279 -0.247592 1.357229 0.058821
0.024680 1.148383 -0.239050 1.315382 0.059211
0.024720 1.151193 -0.236130 1.303913 0.059605
0.024760 1.147772 -0.239443 1.322931 0.060001
0.024800 1.138073 -0.248134 1.372342 0.060395
0.024840 1.122099 -0.259900 1.451723 0.060781
0.024880 1.100256 -0.271262 1.559977 0.061146
0.024920 1.073785 -0.278180 1.694956 0.061473
0.024960 1.044978 -0.277031 1.853380 0.061744
0.025000 1.016948 -0.265580 2.031039 0.061949
0.025040 0.992957 -0.243499 2.222935 0.062085
0.025080 0.975527 -0.212270 2.423699 0.062155
0.025120 0.965930 -0.174434 2.628375 0.062160
0.025160 0.964307 -0.132774 2.832713 0.062104
0.025200 0.969845 -0.089892 3.033035 0.061997
0.025240 0.980829 -0.048034 3.226364 0.061849
0.025280 0.995022 -0.009093 3.410852 0.061655
0.025320 1.010698 0.025304 3.586035 0.061404
0.025360 1.027102 0.053652 3.750859 0.061115
0.025400 1.043805 0.075016 3.902601 0.060797
0.025440 1.060171 0.089472 4.038177 0.060451
0.025480 1.075332 0.097925 4.154817 0.060081
0.025520 1.088380 0.101829 4.250203 0.059694
0.025560 1.098554 0.102898 4.322603 0.059300
0.025600 1.105335 0.102761 4.370886 0.058903
0.025640 1.108433 0.102648 4.394422 0.058506
0.025680 1.107723 0.103180 4.392948 0.058111
0.025720 1.103198 0.104290 4.366488 0.057717
0.025760 1.094972 0.105233 4.315364 0.057326
0.025800 1.083340 0.104694 4.240272 0.056942
0.025840 1.068843 0.101008 4.142421 0.056569
0.025880 1.052279 0.092495 4.023608 0.056216
0.025920 1.034611 0.077791 3.886187 0.055889
0.025960 1.016783 0.056132 3.732942 0.055592
0.026000 0.999570 0.027584 3.566941 0.055324
0.026040 0.983672 -0.006885 3.390791 0.055098
0.026080 0.970137 -0.045813 3.205535 0.054928
0.026120 0.960682 -0.087482 3.011942 0.054806
0.026160 0.957267 -0.129821 2.812220 0.054726
0.026200 0.961244 -0.170456 2.609651 0.054696
0.026240 0.973025 -0.206798 2.408082 0.054721
0.026280 0.992127 -0.236178 2.211890 0.054808
0.026320 1.017017 -0.256336 2.026022 0.054958
0.026360 1.045110 -0.266197 1.855538 0.055173
0.026400 1.073317 -0.266413 1.704997 0.055450
0.026440 1.098821 -0.259335 1.578218 0.055776
0.026480 1.119618 -0.248454 1.478134 0.056138
0.026520 1.134654 -0.237514 1.406641 0.056518
0.026560 1.143597 -0.229649 1.364731 0.056908
0.026600 1.146457 -0.226840 1.352825 0.057301
0.026640 1.143272 -0.229712 1.371038 0.057696
0.026680 1.134031 -0.237461 1.419270 0.058089
0.026720 1.118794 -0.247920 1.497076 0.058476
0.026760 1.098027 -0.257810 1.603359 0.058844
0.026800 1.072981 -0.263327 1.736039 0.059176
0.026840 1.045865 -0.261067 1.891963 0.059457
0.026880 1.019615 -0.248917 2.067038 0.059675
0.026920 0.997234 -0.226566 2.256398 0.059826
0.026960 0.980983 -0.195391 2.454892 0.059911
0.027000 0.971998 -0.157710 2.657812 0.059934
0.027040 0.970379 -0.116057 2.861085 0.059902
0.027080 0.975269 -0.072839 3.061136 0.059822
0.027120 0.984937 -0.030246 3.255150 0.059694
0.027160 0.997481 0.009692 3.441840 0.059508
0.027200 1.011805 0.044928 3.620693 0.059274
0.027240 1.027512 0.073638 3.789631 0.059009
0.027280 1.044162 0.094959 3.945507 0.058710
0.027320 1.060955 0.109045 4.085187 0.058375
0.027360 1.076815 0.116825 4.205724 0.058011
0.027400 1.090637 0.119848 4.304588 0.057629
0.027440 1.101513 0.120002 4.379903 0.057237
0.027480 1.108842 0.119108 4.430469 0.056841
0.027520 1.112294 0.118556 4.455631 0.056445
0.027560 1.111733 0.119070 4.455116 0.056051
0.027600 1.107146 0.120604 4.428944 0.055658
0.027640 1.098652 0.122355 4.377425 0.055269
0.027680 1.086570 0.122880 4.301255 0.054886
0.027720 1.071505 0.120345 4.201670 0.054516
0.027760 1.054387 0.112885 4.080567 0.054169
0.027800 1.036368 0.099020 3.940463 0.053852
0.027840 1.018610 0.077909 3.784275 0.053572
0.027880 1.002044 0.049500 3.615113 0.053326
0.027920 0.987312 0.014696 3.436114 0.053111
0.027960 0.975074 -0.024768 3.249441 0.052945
0.028000 0.966481 -0.066872 3.055898 0.052837
0.028040 0.963181 -0.109468 2.857035 0.052780
0.028080 0.966564 -0.150261 2.655830 0.052771
0.028120 0.977165 -0.186850 2.455937 0.052814
0.028160 0.994613 -0.216804 2.261510 0.052913
0.028200 1.017595 -0.238007 2.077254 0.053075
0.028240 1.043839 -0.249352 1.908061 0.053299
0.028280 1.070506 -0.251340 1.758407 0.053581
0.028320 1.094913 -0.246069 1.632038 0.053910
0.028360 1.115063 -0.236768 1.531834 0.054272
0.028400 1.129834 -0.226959 1.459702 0.054653
0.028440 1.138804 -0.219650 1.416679 0.055042
0.028480 1.141916 -0.216793 1.403229 0.055435
0.028520 1.139197 -0.219050 1.419491 0.055829
0.028560 1.130656 -0.225733 1.465367 0.056223
0.028600 1.116397 -0.234864 1.540412 0.056611
0.028640 1.096909 -0.243395 1.643577 0.056983
0.028680 1.073397 -0.247772 1.772899 0.057324
0.028720 1.047947 -0.244754 1.925390 0.057617
0.028760 1.023285 -0.232293 2.097121 0.057852
0.028800 1.002166 -0.210020 2.283399 0.058022
0.028840 0.986658 -0.179130 2.479275 0.058130
0.028880 0.977811 -0.141703 2.680216 0.058180
0.028920 0.975694 -0.100032 2.882283 0.058178
0.028960 0.979422 -0.056349 3.082060 0.058125
0.029000 0.987381 -0.012861 3.277121 0.058016
0.029040 0.998165 0.028089 3.466566 0.057849
0.029080 1.011231 0.064027 3.649185 0.057645
0.029120 1.026386 0.093089 3.822234 0.057406
0.029160 1.043146 0.114507 3.982543 0.057122
0.029200 1.060549 0.128382 4.126852 0.056797
0.029240 1.077308 0.135593 4.251933 0.056440
0.029280 1.092111 0.137760 4.355009 0.056061
0.029320 1.103895 0.136953 4.434049 0.055670
0.029360 1.111966 0.135208 4.487777 0.055275
0.029400 1.115954 0.134111 4.515501 0.054880
0.029440 1.115707 0.134513 4.516931 0.054485
0.029480 1.111204 0.136433 4.492071 0.054092
0.029520 1.102555 0.139045 4.441207 0.053703
0.029560 1.090081 0.140802 4.365008 0.053321
0.029600 1.074426 0.139685 4.264696 0.052953
0.029640 1.056623 0.133632 4.142206 0.052608
0.029680 1.038004 0.121005 4.000203 0.052296
0.029720 1.019959 0.100897 3.841839 0.052025
0.029760 1.003642 0.073201 3.670352 0.051799
0.029800 0.989772 0.038635 3.488918 0.051610
0.029840 0.978763 -0.001114 3.300465 0.051456
0.029880 0.971217 -0.043716 3.106705 0.051355
0.029920 0.968270 -0.086777 2.908785 0.051314
0.029960 0.971212 -0.127975 2.709064 0.051326
0.030000 0.980723 -0.165062 2.510869 0.051388
0.030040 0.996590 -0.195835 2.318074 0.051504
0.030080 1.017722 -0.218332 2.135138 0.051677
0.030120 1.042152 -0.231421 1.966795 0.051909
0.030160 1.067325 -0.235400 1.817451 0.052196
0.030200 1.090698 -0.232103 1.690812 0.052527
0.030240 1.110292 -0.224471 1.589728 0.052890
0.030280 1.124914 -0.215808 1.516127 0.053271
0.030320 1.134050 -0.209006 1.471105 0.053660
0.030360 1.137575 -0.206008 1.455177 0.054053
0.030400 1.135496 -0.207559 1.468513 0.054448
0.030440 1.127839 -0.213123 1.511028 0.054843
0.030480 1.114732 -0.220937 1.582305 0.055233
0.030520 1.096658 -0.228214 1.681366 0.055610
0.030560 1.074748 -0.231642 1.806401 0.055960
0.030600 1.050921 -0.228135 1.954617 0.056267
0.030640 1.027676 -0.215666 2.122280 0.056521
0.030680 1.007537 -0.193749 2.304890 0.056715
0.030720 0.992419 -0.163356 2.497679 0.056850
0.030760 0.983314 -0.126300 2.696251 0.056930
0.030800 0.980270 -0.084627 2.896836 0.056959
0.030840 0.982411 -0.040441 3.096304 0.056931
0.030880 0.988395 0.003914 3.292666 0.056843
0.030920 0.997374 0.045692 3.484909 0.056708
0.030960 1.009228 0.082213 3.671100 0.056536
0.031000 1.023910 0.111738 3.848346 0.056317
0.031040 1.040887 0.133471 4.013470 0.056047
0.031080 1.059043 0.147339 4.162937 0.055732
0.031120 1.076879 0.154111 4.293186 0.055382
0.031160 1.092865 0.155466 4.401191 0.055007
0.031200 1.105764 0.153652 4.484760 0.054618
0.031240 1.114779 0.150945 4.542521 0.054223
0.031280 1.119493 0.149153 4.573728 0.053827
0.031320 1.119739 0.149304 4.578061 0.053432
0.031360 1.115486 0.151510 4.555497 0.053039
0.031400 1.106822 0.154971 4.506292 0.052649
0.031440 1.094047 0.158059 4.431073 0.052266
0.031480 1.077812 0.158593 4.331013 0.051898
0.031520 1.059218 0.154280 4.208023 0.051554
0.031560 1.039753 0.143265 4.064828 0.051243
0.031600 1.021037 0.124533 3.904810 0.050975
0.031640 1.004484 0.097975 3.731539 0.050757
0.031680 0.991011 0.064248 3.548315 0.050588
0.031720 0.980988 0.024766 3.358186 0.050460
0.031760 0.974572 -0.018162 3.163708 0.050372
0.031800 0.972283 -0.061823 2.966442 0.050338
0.031840 0.975071 -0.103671 2.768184 0.050362
0.031880 0.983689 -0.141482 2.571746 0.050441
0.031920 0.998128 -0.173258 2.380600 0.050572
0.031960 1.017523 -0.197218 2.198869 0.050757
0.032000 1.040210 -0.212223 2.031101 0.050997
0.032040 1.063920 -0.218380 1.881656 0.051287
0.032080 1.086289 -0.217213 1.754227 0.051620
0.032120 1.105371 -0.211369 1.651670 0.051984
0.032160 1.119910 -0.203924 1.575946 0.052365
0.032200 1.129302 -0.197651 1.528215 0.052754
0.032240 1.133352 -0.194505 1.509052 0.053148
0.032280 1.132037 -0.195327 1.518664 0.053543
0.032320 1.125390 -0.199760 1.556993 0.053939
0.032360 1.113552 -0.206281 1.623662 0.054331
0.032400 1.096976 -0.212385 1.717789 0.054713
0.032440 1.076695 -0.214998 1.837732 0.055072
0.032480 1.054442 -0.211189 1.980912 0.055394
0.032520 1.032479 -0.198930 2.143808 0.055668
0.032560 1.013109 -0.177585 2.322119 0.055887
0.032600 0.998109 -0.147880 2.511254 0.056051
0.032640 0.988429 -0.111323 2.706989 0.056161
0.032680 0.984101 -0.069718 2.905799 0.056215
0.032720 0.984345 -0.025116 3.104885 0.056211
0.032760 0.988198 0.019883 3.302475 0.056153
0.032800 0.995336 0.062229 3.497189 0.056052
0.032840 1.005991 0.099302 3.686767 0.055906
0.032880 1.020237 0.129454 3.868350 0.055705
0.032920 1.037497 0.151732 4.038586 0.055450
0.032960 1.056512 0.165801 4.193593 0.055148
0.033000 1.075573 0.172293 4.329492 0.054806
0.033040 1.092919 0.172911 4.443021 0.054437
0.033080 1.107125 0.170067 4.531813 0.054050
0.033120 1.117274 0.166288 4.594369 0.053656
0.033160 1.122900 0.163632 4.629861 0.053259
0.033200 1.123816 0.163346 4.637928 0.052863
0.033240 1.119979 0.165690 4.618513 0.052469
0.033280 1.111452 0.169912 4.571835 0.052079
0.033320 1.098495 0.174351 4.498469 0.051695
0.033360 1.081727 0.176685 4.399528 0.051326
0.033400 1.062279 0.174380 4.276858 0.050982
0.033440 1.041759 0.165314 4.133160 0.050672
0.033480 1.022014 0.148262 3.971923 0.050405
0.033520 1.004726 0.123105 3.797065 0.050188
0.033560 0.991082 0.090554 3.612310 0.050026
0.033600 0.981594 0.051908 3.420850 0.049916
0.033640 0.976206 0.009158 3.225486 0.049850
0.033680 0.974843 -0.034979 3.028378 0.049829
0.033720 0.977893 -0.077636 2.831254 0.049859
0.033760 0.985972 -0.116376 2.636470 0.049945
0.033800 0.999251 -0.149276 2.447042 0.050086
0.033840 1.017114 -0.174756 2.266613 0.050281
0.033880 1.038177 -0.191739 2.099425 0.050528
0.033920 1.060477 -0.200146 1.949755 0.050822
0.033960 1.081848 -0.201216 1.821319 0.051156
0.034000 1.100410 -0.197272 1.717006 0.051519
0.034040 1.114869 -0.191150 1.638830 0.051900
0.034080 1.124534 -0.185512 1.588013 0.052290
0.034120 1.129143 -0.182296 1.565192 0.052683
0.034160 1.128638 -0.182448 1.570618 0.053079
0.034200 1.123049 -0.185799 1.604267 0.053475
0.034240 1.112518 -0.191066 1.665813 0.053870
0.034280 1.097462 -0.196027 1.754471 0.054255
0.034320 1.078799 -0.197876 1.868767 0.054623
0.034360 1.058069 -0.193836 2.006339 0.054958
0.034400 1.037292 -0.181883 2.163886 0.055252
0.034440 1.018556 -0.161226 2.337318 0.055495
0.034480 1.003505 -0.132312 2.522256 0.055685
0.034520 0.993029 -0.096353 2.714726 0.055819
0.034560 0.987175 -0.054922 2.911480 0.055896
0.034600 0.985334 -0.010122 3.109955 0.055920
0.034640 0.986976 0.035165 3.308380 0.055897
0.034680 0.992257 0.077831 3.505161 0.055827
0.034720 1.001731 0.115452 3.697993 0.055702
0.034760 1.015569 0.146371 3.883928 0.055520
0.034800 1.033158 0.169365 4.059332 0.055283
0.034840 1.053112 0.183810 4.219996 0.054997
0.034880 1.073512 0.190166 4.361769 0.054668
0.034920 1.092363 0.190119 4.481163 0.054306
0.034960 1.108033 0.186236 4.575614 0.053922
0.035000 1.119472 0.181288 4.643458 0.053529
0.035040 1.126157 0.177610 4.683771 0.053133
0.035080 1.127885 0.176701 4.696132 0.052737
0.035120 1.124605 0.178995 4.680447 0.052342
0.035160 1.116352 0.183838 4.636895 0.051951
0.035200 1.103328 0.189573 4.565996 0.051567
0.035240 1.086097 0.193755 4.468794 0.051197
0.035280 1.065774 0.193622 4.347069 0.050853
0.035320 1.044053 0.186746 4.203459 0.050544
0.035360 1.022985 0.171627 4.041456 0.050281
0.035400 1.004530 0.148029 3.865173 0.050067
0.035440 0.990160 0.116755 3.678797 0.049906
0.035480 0.980631 0.079196 3.485968 0.049802
0.035520 0.975935 0.037155 3.289712 0.049752
0.035560 0.975602 -0.006980 3.092493 0.049751
0.035600 0.979361 -0.050323 2.896127 0.049795
0.035640 0.987407 -0.090099 2.702693 0.049885
0.035680 0.999938 -0.124206 2.514917 0.050029
0.035720 1.016577 -0.151176 2.335974 0.050229
0.035760 1.036222 -0.170051 2.169634 0.050481
0.035800 1.057200 -0.180662 2.019962 0.050777
0.035840 1.077573 -0.183977 1.890667 0.051112
0.035880 1.095566 -0.182009 1.784695 0.051474
0.035920 1.109881 -0.177334 1.704122 0.051855
0.035960 1.119763 -0.172472 1.650239 0.052244
0.036000 1.124887 -0.169335 1.623744 0.052638
0.036040 1.125156 -0.168952 1.624932 0.053033
0.036080 1.120590 -0.171322 1.653816 0.053430
0.036120 1.111323 -0.175400 1.710121 0.053825
0.036160 1.097733 -0.179243 1.793154 0.054214
0.036200 1.080626 -0.180310 1.901591 0.054588
0.036240 1.061351 -0.176002 2.033273 0.054935
0.036280 1.041690 -0.164323 2.185116 0.055245
0.036320 1.023511 -0.144346 2.353268 0.055509
0.036360 1.008311 -0.116245 2.533638 0.055720
0.036400 0.996917 -0.080925 2.722558 0.055874
0.036440 0.989410 -0.039806 2.916996 0.055976
0.036480 0.985418 0.004860 3.114443 0.056033
0.036520 0.984852 0.050040 3.313193 0.056043
0.036560 0.988338 0.092820 3.511713 0.055998
0.036600 0.996718 0.130955 3.707592 0.055894
0.036640 1.010227 0.162660 3.897639 0.055736
0.036680 1.028208 0.186423 4.077934 0.055523
0.036720 1.049165 0.201322 4.244016 0.055257
0.036760 1.070986 0.207617 4.391510 0.054943
0.036800 1.091431 0.206956 4.516708 0.054589
0.036840 1.108653 0.202029 4.616828 0.054211
0.036880 1.121464 0.195849 4.690026 0.053820
0.036920 1.129281 0.191039 4.735259 0.053424
0.036960 1.131892 0.189350 4.752046 0.053028
0.037000 1.129244 0.191426 4.740254 0.052634
0.037040 1.121346 0.196738 4.700022 0.052243
0.037080 1.108344 0.203642 4.631813 0.051858
0.037120 1.090717 0.209614 4.536605 0.051488
0.037160 1.069534 0.211673 4.416117 0.051144
0.037200 1.046533 0.207083 4.272940 0.050838
0.037240 1.023932 0.194047 4.110527 0.050580
0.037280 1.003983 0.172104 3.933055 0.050374
0.037320 0.988446 0.142084 3.745008 0.050221
0.037360 0.978341 0.105560 3.550528 0.050121
0.037400 0.973852 0.064405 3.353089 0.050077
0.037440 0.974405 0.020776 3.155533 0.050090
0.037480 0.979179 -0.022755 2.959817 0.050155
0.037520 0.987755 -0.063382 2.767575 0.050262
0.037560 1.000088 -0.098667 2.581284 0.050411
0.037600 1.015936 -0.127026 2.403928 0.050612
0.037640 1.034464 -0.147596 2.238822 0.050865
0.037680 1.054279 -0.160208 2.089652 0.051163
0.037720 1.073687 -0.165639 1.960009 0.051498
0.037760 1.091057 -0.165613 1.852866 0.051860
0.037800 1.105126 -0.162452 1.770366 0.052240
0.037840 1.115110 -0.158498 1.713869 0.052628
0.037880 1.120629 -0.155619 1.684128 0.053021
0.037920 1.121556 -0.154890 1.681483 0.053416
0.037960 1.117894 -0.156434 1.705981 0.053812
0.038000 1.109766 -0.159426 1.757389 0.054208
0.038040 1.097510 -0.162180 1.835089 0.054599
0.038080 1.081832 -0.162415 1.937882 0.054977
0.038120 1.063902 -0.157732 2.063782 0.055334
0.038160 1.045279 -0.146190 2.209921 0.055657
0.038200 1.027602 -0.126761 2.372725 0.055936
0.038240 1.012210 -0.099368 2.548445 0.056164
0.038280 0.999855 -0.064651 2.733707 0.056339
0.038320 0.990673 -0.024002 2.925531 0.056471
0.038360 0.984560 0.020166 3.121464 0.056564
0.038400 0.981894 0.064914 3.320176 0.056600
0.038440 0.983776 0.107646 3.520177 0.056578
0.038480 0.991256 0.146208 3.718763 0.056502
0.038520 1.004582 0.178627 3.912452 0.056372
0.038560 1.023070 0.203088 4.097110 0.056185
0.038600 1.045119 0.218392 4.268091 0.055941
0.038640 1.068420 0.224600 4.420822 0.055643
0.038680 1.090494 0.223313 4.551386 0.055300
0.038720 1.109283 0.217323 4.656775 0.054927
0.038760 1.123466 0.209866 4.734956 0.054539
0.038800 1.132402 0.203857 4.784766 0.054144
0.038840 1.135882 0.201307 4.805663 0.053749
0.038880 1.133859 0.203059 4.797488 0.053355
0.038920 1.126326 0.208715 4.760340 0.052964
0.038960 1.113365 0.216674 4.694629 0.052580
0.039000 1.095374 0.224322 4.601267 0.052210
0.039040 1.073347 0.228480 4.481923 0.051867
0.039080 1.049027 0.226135 4.339167 0.051563
0.039120 1.024779 0.215162 4.176443 0.051311
0.039160 1.003119 0.194872 3.997949 0.051116
0.039200 0.986117 0.166033 3.808331 0.050976
0.039240 0.975043 0.130372 3.612080 0.050890
0.039280 0.970298 0.089973 3.413108 0.050856
0.039320 0.971411 0.047007 3.214752 0.050875
0.039360 0.977265 0.003798 3.019494 0.050955
0.039400 0.986811 -0.037143 2.828654 0.051086
0.039440 0.999529 -0.073328 2.643957 0.051254
0.039480 1.015104 -0.102881 2.468266 0.051461
0.039520 1.032899 -0.124869 2.304736 0.051716
0.039560 1.051786 -0.139164 2.156678 0.052015
0.039600 1.070318 -0.146442 2.027429 0.052351
0.039640 1.087033 -0.148211 1.919899 0.052713
0.039680 1.100750 -0.146537 1.836262 0.053091
0.039720 1.110689 -0.143581 1.777932 0.053479
0.039760 1.116446 -0.141118 1.745715 0.053871
0.039800 1.117865 -0.140224 1.739987 0.054265
0.039840 1.114935 -0.141125 1.760825 0.054661
0.039880 1.107766 -0.143162 1.808027 0.055056
0.039920 1.096662 -0.144874 1.881030 0.055448
0.039960 1.082239 -0.144228 1.978726 0.055831
0.040000 1.065511 -0.139026 2.099276 0.056193
