 sig=    1.000000000000000      inputfile=
 /home/rjrj524/Finished/vmec_gc_tracer/revised_251128/nc/wout_pwO_nfp2_A6.nc                                                                                                                             
 dt=   2.0000000000000000E-008
 steps=      2000000
 x0=   7.0000000000000007E-002   0.7740000000000000      
   -3.140000000000000     
 u=    7870.000000000000     
 v_perp=    3610.000000000000     
 
time(s)         x0(1)       x0(2)        x0(3)      r
0.000040 0.637539 0.036324 3.494864 0.070144
0.000080 0.674917 0.139620 3.835402 0.070328
0.000120 0.726941 0.230493 4.162420 0.070546
0.000160 0.791511 0.303539 4.474431 0.070789
0.000200 0.864036 0.354767 4.771668 0.071042
0.000240 0.937391 0.383736 5.055031 0.071295
0.000280 1.004927 0.395013 5.325621 0.071531
0.000320 1.063420 0.395157 5.584968 0.071747
0.000360 1.113676 0.386959 5.834688 0.071967
0.000400 1.157960 0.368827 6.076002 0.072198
0.000440 1.194597 0.339832 6.311091 0.072412
0.000480 1.220039 0.300656 6.541975 0.072602
0.000520 1.233626 0.252064 6.769968 0.072754
0.000560 1.236951 0.194452 6.996487 0.072865
0.000600 1.231498 0.128922 7.224022 0.072965
0.000640 1.217173 0.060341 7.456098 0.073094
0.000680 1.193047 -0.002151 7.696130 0.073261
0.000720 1.160111 -0.048546 7.946723 0.073462
0.000760 1.122310 -0.071201 8.209408 0.073683
0.000800 1.084600 -0.067259 8.483791 0.073902
0.000840 1.050098 -0.038620 8.767669 0.074095
0.000880 1.018711 0.009497 9.058252 0.074256
0.000920 0.990550 0.068884 9.353852 0.074374
0.000960 0.971814 0.132475 9.654006 0.074461
0.001000 0.969152 0.194556 9.957412 0.074510
0.001040 0.985478 0.248139 10.260561 0.074510
0.001080 1.020452 0.284771 10.558515 0.074463
0.001120 1.069876 0.295875 10.846392 0.074359
0.001160 1.125784 0.275268 11.120470 0.074193
0.001200 1.179027 0.221309 11.378635 0.073979
0.001240 1.222118 0.137263 11.620872 0.073756
0.001280 1.250994 0.030497 11.849403 0.073560
0.001320 1.265571 -0.087580 12.068720 0.073439
0.001360 1.267119 -0.203275 12.285590 0.073406
0.001400 1.254272 -0.306006 12.506114 0.073394
0.001440 1.223751 -0.391230 12.733155 0.073337
0.001480 1.173360 -0.457667 12.967858 0.073213
0.001520 1.103437 -0.503712 13.211548 0.073017
0.001560 1.017697 -0.526885 13.466173 0.072767
0.001600 0.922434 -0.524625 13.734167 0.072481
0.001640 0.823816 -0.494738 14.017583 0.072180
0.001680 0.728771 -0.436066 14.318647 0.071891
0.001720 0.645484 -0.349822 14.639668 0.071646
0.001760 0.581563 -0.241509 14.981216 0.071455
0.001800 0.541880 -0.120061 15.341506 0.071330
0.001840 0.528816 0.006374 15.714105 0.071284
0.001880 0.543157 0.132751 16.086713 0.071313
0.001920 0.584569 0.253780 16.447048 0.071419
0.001960 0.650568 0.360971 16.788501 0.071592
0.002000 0.735726 0.445371 17.109140 0.071817
0.002040 0.832163 0.501745 17.409632 0.072085
0.002080 0.931803 0.528853 17.692295 0.072365
0.002120 1.027604 0.527710 17.959418 0.072629
0.002160 1.112819 0.500532 18.213225 0.072857
0.002200 1.181120 0.450104 18.456099 0.073027
0.002240 1.229381 0.379010 18.689843 0.073127
0.002280 1.257691 0.288874 18.915741 0.073162
0.002320 1.268529 0.181468 19.135102 0.073163
0.002360 1.265157 0.062550 19.351364 0.073200
0.002400 1.248503 -0.056221 19.571151 0.073334
0.002440 1.217151 -0.161236 19.801095 0.073536
0.002480 1.171594 -0.241963 20.045294 0.073757
0.002520 1.116276 -0.291885 20.305662 0.073961
0.002560 1.058910 -0.308356 20.581962 0.074112
0.002600 1.008764 -0.293543 20.872018 0.074200
0.002640 0.973831 -0.253913 21.172064 0.074236
0.002680 0.958352 -0.198139 21.477096 0.074226
0.002720 0.962786 -0.134845 21.782008 0.074171
0.002760 0.984362 -0.071467 22.083171 0.074075
0.002800 1.016320 -0.014152 22.379186 0.073951
0.002840 1.051188 0.030727 22.669483 0.073784
0.002880 1.087805 0.055895 22.952357 0.073586
0.002920 1.126105 0.056655 23.225234 0.073368
0.002960 1.163071 0.032019 23.486342 0.073155
0.003000 1.194227 -0.014310 23.735743 0.072967
0.003040 1.216388 -0.074359 23.975169 0.072812
0.003080 1.229152 -0.138464 24.207211 0.072692
0.003120 1.233477 -0.198716 24.435160 0.072592
0.003160 1.229224 -0.251606 24.662231 0.072471
0.003200 1.214896 -0.296339 24.890690 0.072311
0.003240 1.189267 -0.332266 25.121931 0.072120
0.003280 1.153653 -0.358487 25.357398 0.071908
0.003320 1.111562 -0.374435 25.599211 0.071688
0.003360 1.063393 -0.381566 25.849341 0.071487
0.003400 1.006575 -0.381386 26.108949 0.071289
0.003440 0.940620 -0.370477 26.379827 0.071066
0.003480 0.868780 -0.342028 26.663458 0.070829
0.003520 0.797555 -0.291584 26.960792 0.070595
0.003560 0.733962 -0.219564 27.272633 0.070368
0.003600 0.682356 -0.129888 27.599062 0.070162
0.003640 0.645052 -0.027764 27.938676 0.069988
0.003680 0.627246 0.081827 28.289434 0.069851
0.003720 0.636024 0.193053 28.645813 0.069765
0.003760 0.674629 0.298212 28.998197 0.069722
0.003800 0.739475 0.388226 29.337014 0.069720
0.003840 0.822375 0.455259 29.657072 0.069752
0.003880 0.915287 0.493969 29.957362 0.069803
0.003920 1.010162 0.501172 30.239013 0.069860
0.003960 1.097701 0.476471 30.504160 0.069894
0.004000 1.169850 0.422726 30.754801 0.069887
0.004040 1.222730 0.343857 30.992720 0.069838
0.004080 1.255613 0.243167 31.219691 0.069754
0.004120 1.270255 0.124722 31.437776 0.069665
0.004160 1.269812 -0.003133 31.651373 0.069656
0.004200 1.255238 -0.127181 31.868212 0.069776
0.004240 1.224606 -0.235214 32.094937 0.069954
0.004280 1.177022 -0.319947 32.334975 0.070128
0.004320 1.114587 -0.376733 32.590407 0.070273
0.004360 1.042623 -0.401793 32.862430 0.070372
0.004400 0.969682 -0.394194 33.151111 0.070423
0.004440 0.905532 -0.357305 33.455469 0.070438
0.004480 0.858774 -0.297395 33.772446 0.070428
0.004520 0.835757 -0.222565 34.096444 0.070403
0.004560 0.839822 -0.142207 34.420635 0.070370
0.004600 0.870333 -0.066457 34.738886 0.070327
0.004640 0.922433 -0.005585 35.047441 0.070275
0.004680 0.986158 0.031374 35.344919 0.070203
0.004720 1.047252 0.042219 35.630660 0.070111
0.004760 1.097170 0.033072 35.903865 0.070024
0.004800 1.134801 0.011623 36.165131 0.069952
0.004840 1.161396 -0.015651 36.416234 0.069899
0.004880 1.179164 -0.045520 36.659026 0.069868
0.004920 1.189957 -0.077544 36.895157 0.069841
0.004960 1.194376 -0.110734 37.126471 0.069795
0.005000 1.192468 -0.142528 37.355065 0.069714
0.005040 1.184972 -0.170068 37.583087 0.069603
0.005080 1.172903 -0.191120 37.812973 0.069476
0.005120 1.155313 -0.206126 38.046744 0.069330
0.005160 1.130445 -0.219051 38.285752 0.069172
0.005200 1.097937 -0.231546 38.531964 0.069026
0.005240 1.057026 -0.241455 38.787747 0.068887
0.005280 1.006520 -0.243681 39.054815 0.068759
0.005320 0.947197 -0.231626 39.334218 0.068631
0.005360 0.883115 -0.199755 39.626190 0.068508
0.005400 0.819853 -0.146395 39.930436 0.068394
0.005440 0.763457 -0.073366 40.246908 0.068292
0.005480 0.720620 0.015255 40.575663 0.068202
0.005520 0.698700 0.113708 40.915226 0.068124
0.005560 0.704526 0.214534 41.260640 0.068069
0.005600 0.740077 0.308722 41.603344 0.068042
0.005640 0.800780 0.387242 41.934701 0.068039
0.005680 0.878777 0.442619 42.249338 0.068052
0.005720 0.965926 0.469382 42.545536 0.068066
0.005760 1.053362 0.464150 42.823835 0.068063
0.005800 1.131616 0.427014 43.085690 0.068025
0.005840 1.194015 0.361445 43.332666 0.067949
0.005880 1.237745 0.271421 43.566626 0.067840
0.005920 1.262741 0.160737 43.789579 0.067716
0.005960 1.271296 0.035744 44.004696 0.067639
0.006000 1.265645 -0.091830 44.218609 0.067689
0.006040 1.244765 -0.208592 44.439107 0.067831
0.006080 1.206399 -0.305750 44.670720 0.067983
0.006120 1.150427 -0.378502 44.915837 0.068112
0.006160 1.079540 -0.422763 45.176352 0.068205
0.006200 0.999899 -0.435013 45.453504 0.068255
0.006240 0.920748 -0.415150 45.747885 0.068272
0.006280 0.851506 -0.366979 46.059052 0.068271
0.006320 0.800497 -0.296572 46.384163 0.068265
0.006360 0.774602 -0.211825 46.717332 0.068263
0.006400 0.777574 -0.122069 47.050869 0.068272
0.006440 0.807982 -0.037213 47.377723 0.068280
0.006480 0.860107 0.033432 47.693769 0.068285
0.006520 0.925402 0.081909 47.997609 0.068289
0.006560 0.991750 0.104978 48.289258 0.068288
0.006600 1.048682 0.107113 48.568638 0.068293
0.006640 1.092838 0.096076 48.835922 0.068309
0.006680 1.125803 0.077108 49.092179 0.068342
0.006720 1.150033 0.052652 49.338693 0.068403
0.006760 1.167196 0.024730 49.576876 0.068486
0.006800 1.178417 -0.003878 49.808633 0.068568
0.006840 1.184502 -0.030053 50.036481 0.068618
0.006880 1.185116 -0.051881 50.263238 0.068592
0.006920 1.179022 -0.071181 50.490909 0.068519
0.006960 1.166097 -0.091670 50.721231 0.068412
0.007000 1.147116 -0.113950 50.956595 0.068267
0.007040 1.121732 -0.135862 51.199655 0.068121
0.007080 1.088438 -0.154112 51.452348 0.068012
0.007120 1.045586 -0.164788 51.716068 0.067938
0.007160 0.992348 -0.162967 51.991777 0.067882
0.007200 0.930003 -0.143199 52.279734 0.067835
0.007240 0.864196 -0.101209 52.579588 0.067795
0.007280 0.804501 -0.036810 52.891633 0.067754
0.007320 0.760210 0.045370 53.215875 0.067714
0.007360 0.738864 0.138077 53.550364 0.067673
0.007400 0.746063 0.232578 53.889821 0.067644
0.007440 0.782164 0.319292 54.226153 0.067635
0.007480 0.842067 0.389295 54.551519 0.067638
0.007520 0.918101 0.435312 54.860921 0.067643
0.007560 1.001869 0.451947 55.152600 0.067636
0.007600 1.083972 0.436198 55.426889 0.067600
0.007640 1.155418 0.389034 55.684852 0.067523
0.007680 1.210675 0.314313 55.927998 0.067411
0.007720 1.247635 0.215983 56.158269 0.067275
0.007760 1.266874 0.098659 56.378001 0.067146
0.007800 1.270882 -0.028968 56.591723 0.067107
0.007840 1.260645 -0.153530 56.807242 0.067196
0.007880 1.233994 -0.263283 57.031162 0.067334
0.007920 1.188988 -0.351805 57.266688 0.067459
0.007960 1.126161 -0.415121 57.515893 0.067554
0.008000 1.048910 -0.449142 57.780590 0.067611
0.008040 0.964444 -0.450836 58.062088 0.067630
0.008080 0.882338 -0.421002 58.361330 0.067628
0.008120 0.811499 -0.363784 58.678005 0.067622
0.008160 0.760072 -0.285318 59.009174 0.067624
0.008200 0.735083 -0.193619 59.348460 0.067643
0.008240 0.739673 -0.098022 59.687461 0.067682
0.008280 0.770908 -0.007860 60.018862 0.067728
0.008320 0.822024 0.068860 60.338883 0.067773
0.008360 0.884972 0.125835 60.646544 0.067820
0.008400 0.950238 0.160160 60.942230 0.067869
0.008440 1.009724 0.173584 61.225898 0.067927
0.008480 1.059629 0.170860 61.497266 0.067996
0.008520 1.099416 0.157468 61.756906 0.068088
0.008560 1.130209 0.138194 62.005949 0.068219
0.008600 1.153721 0.116820 62.246017 0.068371
0.008640 1.171032 0.096217 62.479391 0.068506
0.008680 1.181786 0.077258 62.708741 0.068607
0.008720 1.185558 0.057313 62.936004 0.068678
0.008760 1.183380 0.032952 63.162897 0.068677
0.008800 1.176206 0.004673 63.391897 0.068625
0.008840 1.163603 -0.024667 63.625792 0.068555
0.008880 1.144634 -0.051972 63.866781 0.068491
0.008920 1.118091 -0.074995 64.116536 0.068450
0.008960 1.081881 -0.092102 64.376380 0.068433
0.009000 1.033370 -0.100156 64.647659 0.068430
0.009040 0.972233 -0.092318 64.931246 0.068435
0.009080 0.904688 -0.060843 65.227082 0.068441
0.009120 0.843101 -0.003976 65.535158 0.068442
0.009160 0.798606 0.072456 65.855065 0.068441
0.009200 0.778516 0.159587 66.184460 0.068436
0.009240 0.787031 0.247667 66.517944 0.068435
0.009280 0.823312 0.326843 66.847978 0.068441
0.009320 0.882121 0.388276 67.167397 0.068447
0.009360 0.955904 0.424760 67.471501 0.068440
0.009400 1.035849 0.430995 67.758521 0.068409
0.009440 1.112265 0.404599 68.028521 0.068337
0.009480 1.176956 0.347399 68.282275 0.068224
0.009520 1.225324 0.263417 68.521337 0.068080
0.009560 1.255880 0.156816 68.747766 0.067923
0.009600 1.269855 0.033781 68.964595 0.067808
0.009640 1.269471 -0.094399 69.178011 0.067818
0.009680 1.254170 -0.214167 69.395979 0.067927
0.009720 1.221151 -0.316268 69.623424 0.068045
0.009760 1.169018 -0.396007 69.862708 0.068137
0.009800 1.098924 -0.449706 70.115758 0.068193
0.009840 1.015181 -0.473299 70.384319 0.068211
0.009880 0.926079 -0.464453 70.669956 0.068200
0.009920 0.841091 -0.424694 70.973987 0.068183
0.009960 0.768576 -0.358309 71.296257 0.068174
0.010000 0.716686 -0.271548 71.633777 0.068187
0.010040 0.692529 -0.172654 71.979590 0.068228
0.010080 0.698133 -0.070841 72.324472 0.068297
0.010120 0.728922 0.025514 72.660971 0.068388
0.010160 0.777405 0.109846 72.985756 0.068490
0.010200 0.836731 0.177128 73.298176 0.068608
0.010240 0.900984 0.223944 73.598305 0.068737
0.010280 0.964538 0.249352 73.885902 0.068873
0.010320 1.021835 0.256536 74.160899 0.069008
0.010360 1.069742 0.251913 74.423848 0.069145
0.010400 1.108401 0.241840 74.676139 0.069288
0.010440 1.138917 0.230284 74.919814 0.069440
0.010480 1.161742 0.217535 75.157173 0.069595
0.010520 1.178235 0.200056 75.389626 0.069737
0.010560 1.190127 0.175473 75.618800 0.069871
0.010600 1.196788 0.145231 75.847026 0.069985
0.010640 1.197037 0.111803 76.076467 0.070062
0.010680 1.190757 0.077950 76.309190 0.070111
0.010720 1.177925 0.045394 76.547254 0.070149
0.010760 1.157439 0.014548 76.792445 0.070201
0.010800 1.127302 -0.012716 77.046574 0.070273
0.010840 1.086015 -0.031105 77.311571 0.070364
0.010880 1.033129 -0.033884 77.588894 0.070467
0.010920 0.971248 -0.014245 77.878403 0.070570
0.010960 0.911381 0.031359 78.179071 0.070648
0.011000 0.867137 0.097626 78.490154 0.070706
0.011040 0.846428 0.174709 78.809596 0.070753
0.011080 0.852473 0.252362 79.132777 0.070788
0.011120 0.884357 0.320699 79.453254 0.070809
0.011160 0.937667 0.370733 79.764548 0.070808
0.011200 1.005158 0.394935 80.061975 0.070776
0.011240 1.077545 0.387949 80.343333 0.070699
0.011280 1.145233 0.348115 80.607985 0.070572
0.011320 1.200925 0.277890 80.856369 0.070405
0.011360 1.240668 0.181511 81.090089 0.070220
0.011400 1.263676 0.064660 81.311704 0.070056
0.011440 1.271731 -0.062865 81.526083 0.069992
0.011480 1.265707 -0.187434 81.741036 0.070048
0.011520 1.243114 -0.297879 81.962899 0.070135
0.011560 1.201052 -0.388455 82.194539 0.070194
0.011600 1.138833 -0.455925 82.437713 0.070212
0.011640 1.058368 -0.496774 82.694181 0.070185
0.011680 0.965454 -0.507217 82.965794 0.070123
0.011720 0.869198 -0.485617 83.254813 0.070054
0.011760 0.778291 -0.433521 83.563220 0.070001
0.011800 0.700478 -0.354850 83.891644 0.069975
0.011840 0.644166 -0.255899 84.237909 0.069990
0.011880 0.616308 -0.145411 84.594983 0.070050
0.011920 0.617593 -0.032050 84.952460 0.070160
0.011960 0.642860 0.077543 85.301728 0.070325
0.012000 0.685499 0.178162 85.638585 0.070528
0.012040 0.742444 0.264531 85.961049 0.070765
0.012080 0.811152 0.331315 86.268132 0.071025
0.012120 0.885788 0.375439 86.560564 0.071291
0.012160 0.958940 0.398110 86.839373 0.071552
0.012200 1.024763 0.405193 87.105847 0.071789
0.012240 1.081588 0.402184 87.361647 0.072018
0.012280 1.131306 0.389752 87.608044 0.072255
0.012320 1.174636 0.366214 87.846707 0.072486
0.012360 1.208054 0.331597 88.079958 0.072692
0.012400 1.229083 0.286716 88.309460 0.072868
0.012440 1.238435 0.232057 88.536380 0.072997
0.012480 1.238029 0.167982 88.762507 0.073095
0.012520 1.228801 0.097130 88.990960 0.073205
0.012560 1.210017 0.027009 89.225555 0.073354
0.012600 1.181292 -0.032050 89.469480 0.073541
0.012640 1.145150 -0.070528 89.725018 0.073758
0.012680 1.106639 -0.082609 89.992897 0.073984
0.012720 1.070575 -0.067844 90.271713 0.074193
0.012760 1.039000 -0.029807 90.558665 0.074369
0.012800 1.010932 0.024946 90.851078 0.074511
0.012840 0.987438 0.087429 91.147846 0.074611
0.012880 0.975210 0.151059 91.448559 0.074680
0.012920 0.979713 0.210173 91.751287 0.074706
0.012960 1.002845 0.257475 92.051973 0.074683
0.013000 1.043156 0.284337 92.345654 0.074609
0.013040 1.095070 0.282796 92.627806 0.074473
0.013080 1.149918 0.248286 92.895237 0.074278
0.013120 1.198945 0.181288 93.146571 0.074053
0.013160 1.235859 0.086982 93.382748 0.073836
0.013200 1.258267 -0.025288 93.606941 0.073667
0.013240 1.267178 -0.142586 93.824702 0.073585
0.013280 1.263019 -0.251971 94.042905 0.073566
0.013320 1.243287 -0.345749 94.266218 0.073533
0.013360 1.204886 -0.421564 94.496383 0.073440
0.013400 1.146613 -0.478400 94.734474 0.073274
0.013440 1.070197 -0.514307 94.982060 0.073043
0.013480 0.980769 -0.526843 95.241437 0.072766
0.013520 0.884411 -0.513642 95.514886 0.072459
0.013560 0.787032 -0.472679 95.804317 0.072146
0.013600 0.696109 -0.403299 96.112091 0.071857
0.013640 0.619918 -0.308021 96.440085 0.071617
0.013680 0.564971 -0.193967 96.788104 0.071434
0.013720 0.534945 -0.070146 97.153330 0.071324
0.013760 0.531674 0.056577 97.527279 0.071293
0.013800 0.555974 0.181667 97.896816 0.071335
0.013840 0.607093 0.298584 98.251266 0.071453
0.013880 0.681417 0.398046 98.585736 0.071630
0.013920 0.772180 0.472105 98.899206 0.071857
0.013960 0.871185 0.517142 99.193122 0.072118
0.014000 0.970692 0.532745 99.469908 0.072380
0.014040 1.063705 0.520360 99.731835 0.072620
0.014080 1.143116 0.482540 99.981288 0.072815
0.014120 1.203672 0.422228 100.220419 0.072945
0.014160 1.243762 0.341747 100.450784 0.073008
0.014200 1.264552 0.242596 100.673577 0.073015
0.014240 1.269186 0.127938 100.890735 0.073015
0.014280 1.260326 0.006348 101.107262 0.073089
0.014320 1.237548 -0.108832 101.330411 0.073258
0.014360 1.199677 -0.205061 101.565810 0.073472
0.014400 1.148755 -0.273767 101.816554 0.073688
0.014440 1.090615 -0.310086 102.083702 0.073869
0.014480 1.033839 -0.313212 102.366238 0.073990
0.014520 0.987674 -0.287150 102.661442 0.074051
0.014560 0.959051 -0.239469 102.965022 0.074065
0.014600 0.950917 -0.179074 103.271683 0.074036
0.014640 0.962758 -0.114425 103.576532 0.073963
0.014680 0.990675 -0.052821 103.876619 0.073854
0.014720 1.026588 -0.000433 104.170995 0.073714
0.014760 1.063890 0.036475 104.458812 0.073534
0.014800 1.102213 0.051731 104.737955 0.073328
0.014840 1.140556 0.042287 105.006142 0.073114
0.014880 1.175322 0.009171 105.262445 0.072915
0.014920 1.202574 -0.041938 105.507775 0.072745
0.014960 1.220477 -0.102186 105.744253 0.072610
0.015000 1.229582 -0.162586 105.974682 0.072503
0.015040 1.230582 -0.217512 106.202322 0.072397
0.015080 1.222706 -0.265224 106.429953 0.072259
0.015120 1.204401 -0.305054 106.659424 0.072084
0.015160 1.175409 -0.336093 106.892059 0.071887
0.015200 1.138382 -0.357421 107.129610 0.071673
0.015240 1.095905 -0.369154 107.374295 0.071470
0.015280 1.046221 -0.373634 107.627573 0.071282
0.015320 0.987237 -0.370728 107.890854 0.071086
0.015360 0.919724 -0.355080 108.165989 0.070863
0.015400 0.848132 -0.320013 108.454205 0.070639
0.015440 0.779423 -0.262743 108.756247 0.070416
0.015480 0.719933 -0.185012 109.072818 0.070202
0.015520 0.672847 -0.091390 109.403332 0.070014
0.015560 0.641275 0.013081 109.746373 0.069856
0.015600 0.631809 0.123264 110.099156 0.069740
0.015640 0.650807 0.232629 110.454611 0.069671
0.015680 0.699184 0.332734 110.802568 0.069642
0.015720 0.771084 0.414647 111.134722 0.069652
0.015760 0.858054 0.471440 111.447529 0.069689
0.015800 0.952250 0.498524 111.740857 0.069741
0.015840 1.045133 0.493537 112.016272 0.069788
0.015880 1.127344 0.457331 112.275926 0.069803
0.015920 1.192304 0.393509 112.521661 0.069775
0.015960 1.237495 0.305814 112.755275 0.069709
0.016000 1.263117 0.197559 112.978567 0.069614
0.016040 1.271721 0.074078 113.194175 0.069542
0.016080 1.266049 -0.054030 113.408010 0.069584
0.016120 1.245641 -0.173065 113.628030 0.069736
0.016160 1.208472 -0.272770 113.859497 0.069915
0.016200 1.154708 -0.347332 114.105109 0.070078
0.016240 1.087576 -0.392455 114.366661 0.070205
0.016280 1.013661 -0.405046 114.644949 0.070283
0.016320 0.942304 -0.385765 114.939750 0.070318
0.016360 0.883032 -0.339220 115.249527 0.070322
0.016400 0.843751 -0.272368 115.570296 0.070306
0.016440 0.829890 -0.193814 115.895776 0.070279
0.016480 0.843546 -0.113285 116.219105 0.070246
0.016520 0.882526 -0.041038 116.534779 0.070203
0.016560 0.940443 0.012793 116.839955 0.070151
0.016600 1.005319 0.040711 117.133738 0.070076
0.016640 1.063573 0.043881 117.415404 0.069989
0.016680 1.109545 0.029862 117.684523 0.069911
0.016720 1.143316 0.006291 117.942251 0.069850
0.016760 1.166715 -0.021425 118.190466 0.069811
0.016800 1.182091 -0.051604 118.430903 0.069789
0.016840 1.190865 -0.083948 118.665197 0.069762
0.016880 1.193319 -0.116733 118.895311 0.069710
0.016920 1.189720 -0.147054 119.123362 0.069621
0.016960 1.181114 -0.172191 119.351653 0.069510
0.017000 1.167802 -0.190563 119.582606 0.069378
0.017040 1.148076 -0.204553 119.817877 0.069224
0.017080 1.120859 -0.217797 120.058938 0.069071
0.017120 1.085942 -0.230298 120.308131 0.068927
0.017160 1.042166 -0.238673 120.567581 0.068794
0.017200 0.988687 -0.237143 120.838782 0.068670
0.017240 0.927383 -0.219134 121.122467 0.068546
0.017280 0.862981 -0.180277 121.418620 0.068430
0.017320 0.801258 -0.120196 121.726913 0.068324
0.017360 0.748688 -0.041532 122.047506 0.068230
0.017400 0.712307 0.050957 122.380120 0.068146
0.017440 0.699611 0.150877 122.722247 0.068077
0.017480 0.716157 0.250059 123.067433 0.068033
0.017520 0.761411 0.339247 123.406641 0.068016
0.017560 0.829110 0.409842 123.732167 0.068020
0.017600 0.911160 0.455096 124.040064 0.068034
0.017640 0.999290 0.470221 124.329558 0.068044
0.017680 1.084177 0.452893 124.601660 0.068028
0.017720 1.156969 0.404671 124.857852 0.067973
0.017760 1.212531 0.329533 125.099799 0.067883
0.017800 1.249137 0.231266 125.329425 0.067764
0.017840 1.267662 0.114191 125.548937 0.067646
0.017880 1.270828 -0.013405 125.762639 0.067611
0.017920 1.259804 -0.138320 125.978235 0.067706
0.017960 1.232596 -0.248453 126.202523 0.067858
0.018000 1.187504 -0.336945 126.438904 0.068002
0.018040 1.125421 -0.399565 126.689511 0.068118
0.018080 1.050199 -0.432210 126.956055 0.068193
0.018120 0.969364 -0.432293 127.239518 0.068228
0.018160 0.892559 -0.401299 127.540269 0.068237
0.018200 0.828804 -0.343986 127.857169 0.068233
0.018240 0.786007 -0.267091 128.186280 0.068228
0.018280 0.770208 -0.179090 128.520806 0.068231
0.018320 0.783441 -0.089648 128.852944 0.068243
0.018360 0.822377 -0.008531 129.176503 0.068251
0.018400 0.880309 0.055366 129.488483 0.068258
0.018440 0.947406 0.095268 129.788171 0.068262
0.018480 1.011325 0.110637 130.075708 0.068265
0.018520 1.063944 0.107789 130.350953 0.068276
0.018560 1.104122 0.093885 130.614388 0.068299
0.018600 1.134059 0.072961 130.867206 0.068345
0.018640 1.155936 0.047191 131.110685 0.068420
0.018680 1.171175 0.018904 131.346397 0.068512
0.018720 1.180837 -0.008855 131.576465 0.068592
0.018760 1.185375 -0.033233 131.803650 0.068620
0.018800 1.183887 -0.053606 132.030509 0.068574
0.018840 1.175434 -0.073245 132.258817 0.068497
0.018880 1.160527 -0.094908 132.490498 0.068374
0.018920 1.139682 -0.117793 132.728231 0.068225
0.018960 1.111988 -0.139123 132.974419 0.068092
0.019000 1.075776 -0.155458 133.230770 0.068000
0.019040 1.029553 -0.162643 133.498507 0.067937
0.019080 0.972913 -0.155531 133.778423 0.067887
0.019120 0.908384 -0.128718 134.070458 0.067846
0.019160 0.843442 -0.078920 134.374414 0.067808
0.019200 0.788190 -0.007767 134.690709 0.067770
0.019240 0.751270 0.078833 135.018778 0.067731
0.019280 0.739726 0.173010 135.355617 0.067693
0.019320 0.757582 0.265538 135.694679 0.067673
0.019360 0.802961 0.346904 136.027624 0.067669
0.019400 0.869498 0.408701 136.347434 0.067675
0.019440 0.949189 0.444335 136.650361 0.067676
0.019480 1.033312 0.449126 136.935543 0.067660
0.019520 1.112245 0.421382 137.203694 0.067608
0.019560 1.178043 0.363475 137.455989 0.067516
0.019600 1.226572 0.279506 137.694141 0.067393
0.019640 1.256733 0.173397 137.920174 0.067252
0.019680 1.270015 0.050866 138.136930 0.067145
0.019720 1.268833 -0.077273 138.350344 0.067157
0.019760 1.252837 -0.197378 138.568434 0.067275
0.019800 1.219461 -0.299741 138.796394 0.067411
0.019840 1.167593 -0.379319 139.036747 0.067526
0.019880 1.098745 -0.432239 139.291472 0.067606
0.019920 1.017634 -0.454453 139.562214 0.067646
0.019960 0.932732 -0.444133 139.850164 0.067655
0.020000 0.853580 -0.403517 140.155997 0.067650
0.020040 0.788705 -0.337530 140.478612 0.067645
0.020080 0.746042 -0.252994 140.813847 0.067653
0.020120 0.731611 -0.158508 141.154279 0.067680
0.020160 0.746399 -0.063585 141.491472 0.067726
0.020200 0.785563 0.022874 141.819256 0.067773
0.020240 0.841804 0.093474 142.135055 0.067821
0.020280 0.906564 0.142910 142.438569 0.067871
0.020320 0.970489 0.169897 142.730208 0.067926
0.020360 1.026979 0.177402 143.009658 0.067990
0.020400 1.073542 0.170601 143.276901 0.068068
0.020440 1.110256 0.154933 143.532745 0.068175
0.020480 1.138567 0.134870 143.778497 0.068320
0.020520 1.160096 0.113949 144.015995 0.068469
0.020560 1.175376 0.094395 144.247795 0.068593
0.020600 1.183759 0.075726 144.476316 0.068690
0.020640 1.185456 0.054249 144.703273 0.068741
0.020680 1.181790 0.027935 144.930588 0.068720
0.020720 1.173114 -0.001357 145.161034 0.068666
0.020760 1.158662 -0.030488 145.397174 0.068601
0.020800 1.137482 -0.056627 145.641002 0.068549
0.020840 1.108118 -0.077968 145.894016 0.068521
0.020880 1.068088 -0.092789 146.157546 0.068513
0.020920 1.015069 -0.096703 146.432913 0.068516
0.020960 0.950584 -0.081765 146.720662 0.068526
0.021000 0.883594 -0.041481 147.020622 0.068532
0.021040 0.827005 0.022912 147.332796 0.068534
0.021080 0.790513 0.103914 147.656221 0.068534
0.021120 0.780393 0.192211 147.987543 0.068530
0.021160 0.799166 0.277850 148.320360 0.068533
0.021200 0.844162 0.351237 148.647020 0.068541
0.021240 0.909126 0.404061 148.961071 0.068543
0.021280 0.986004 0.429769 149.258917 0.068529
0.021320 1.065546 0.423904 149.539598 0.068482
0.021360 1.138224 0.385607 149.803474 0.068393
0.021400 1.197103 0.317896 150.051569 0.068266
0.021440 1.238818 0.224883 150.285672 0.068113
0.021480 1.262910 0.111114 150.508040 0.067961
0.021520 1.271360 -0.015486 150.722660 0.067887
0.021560 1.265693 -0.141976 150.936944 0.067944
0.021600 1.244094 -0.255865 151.158083 0.068063
0.021640 1.203939 -0.350000 151.389700 0.068172
0.021680 1.144757 -0.420448 151.633850 0.068250
0.021720 1.068715 -0.463368 151.892422 0.068290
0.021760 0.981642 -0.474950 152.167061 0.068293
0.021800 0.892756 -0.454218 152.459351 0.068276
0.021840 0.811134 -0.403892 152.770258 0.068260
0.021880 0.744915 -0.328961 153.098806 0.068258
0.021920 0.702217 -0.236420 153.440624 0.068282
0.021960 0.688796 -0.135058 153.787532 0.068333
0.022000 0.704128 -0.033960 154.130413 0.068414
0.022040 0.741949 0.059188 154.463250 0.068512
0.022080 0.794813 0.138473 154.783942 0.068623
0.022120 0.856393 0.199415 155.092274 0.068751
0.022160 0.921171 0.239226 155.388195 0.068886
0.022200 0.983427 0.258186 155.671481 0.069026
0.022240 1.038003 0.260930 155.942252 0.069163
0.022280 1.082979 0.254227 156.201393 0.069305
0.022320 1.119093 0.243831 156.450535 0.069450
0.022360 1.147203 0.232393 156.691971 0.069606
0.022400 1.167957 0.218476 156.927627 0.069755
0.022440 1.183344 0.198177 157.158802 0.069898
0.022480 1.194112 0.171023 157.387484 0.070033
0.022520 1.198930 0.139028 157.615979 0.070138
0.022560 1.197068 0.104814 157.846314 0.070207
0.022600 1.188691 0.070839 158.080590 0.070254
0.022640 1.173480 0.038135 158.320789 0.070299
0.022680 1.149916 0.007372 158.568701 0.070364
0.022720 1.116148 -0.017990 158.826228 0.070447
0.022760 1.071233 -0.031754 159.095241 0.070548
0.022800 1.015301 -0.027406 159.376709 0.070658
0.022840 0.953147 0.001126 159.669904 0.070760
0.022880 0.897864 0.054521 159.973871 0.070835
0.022920 0.861454 0.125178 160.287646 0.070893
0.022960 0.849998 0.202953 160.608374 0.070938
0.023000 0.865241 0.277696 160.930691 0.070969
0.023040 0.904994 0.339789 161.247991 0.070983
0.023080 0.963843 0.380672 161.554268 0.070972
0.023120 1.033705 0.393453 161.845727 0.070922
0.023160 1.104899 0.373896 162.120816 0.070824
0.023200 1.168410 0.321978 162.379218 0.070677
0.023240 1.218164 0.241102 162.621808 0.070498
0.023280 1.251372 0.135904 162.850529 0.070313
0.023320 1.268390 0.013424 163.068598 0.070177
0.023360 1.271179 -0.114512 163.282268 0.070165
0.023400 1.259246 -0.234460 163.499389 0.070242
0.023440 1.229431 -0.337497 163.724771 0.070318
0.023480 1.179533 -0.419374 163.960548 0.070357
0.023520 1.109786 -0.476987 164.208430 0.070353
0.023560 1.023368 -0.506570 164.470185 0.070305
0.023600 0.927683 -0.504835 164.747828 0.070230
0.023640 0.832008 -0.471324 165.043703 0.070161
0.023680 0.744493 -0.408465 165.359456 0.070112
0.023720 0.672983 -0.320927 165.695043 0.070097
0.023760 0.625951 -0.216008 166.046794 0.070127
0.023800 0.608390 -0.102840 166.406039 0.070204
0.023840 0.618614 0.010664 166.762346 0.070338
0.023880 0.650365 0.118600 167.108451 0.070522
0.023920 0.698248 0.215914 167.441189 0.070745
0.023960 0.760247 0.296974 167.758687 0.071002
0.024000 0.832644 0.356879 168.060741 0.071277
0.024040 0.908664 0.393726 168.348316 0.071555
0.024080 0.980933 0.410590 168.622633 0.071819
0.024120 1.044885 0.413796 168.885124 0.072062
0.024160 1.100475 0.407035 169.137349 0.072306
0.024200 1.149689 0.389477 169.380515 0.072552
0.024240 1.190799 0.360160 169.616823 0.072775
0.024280 1.219983 0.319683 169.848389 0.072971
0.024320 1.236343 0.268735 170.076534 0.073124
0.024360 1.241538 0.207513 170.302501 0.073232
0.024400 1.237354 0.137012 170.528668 0.073327
0.024440 1.223958 0.062327 170.758768 0.073455
0.024480 1.200370 -0.006880 170.996606 0.073626
0.024520 1.167375 -0.060021 171.245081 0.073832
0.024560 1.129057 -0.088752 171.505941 0.074059
0.024600 1.091066 -0.089588 171.778896 0.074282
0.024640 1.057546 -0.064340 172.061647 0.074475
0.024680 1.029284 -0.017834 172.351088 0.074631
0.024720 1.004801 0.042100 172.644945 0.074752
0.024760 0.986458 0.106244 172.942650 0.074833
0.024800 0.980917 0.168663 173.243553 0.074881
0.024840 0.992460 0.223539 173.545010 0.074884
0.024880 1.021978 0.263183 173.842591 0.074836
0.024920 1.066729 0.278977 174.131437 0.074731
0.024960 1.119848 0.264007 174.407453 0.074564
0.025000 1.172358 0.215680 174.668052 0.074347
0.025040 1.216248 0.136639 174.912772 0.074120
0.025080 1.246692 0.034033 175.143533 0.073918
0.025120 1.262979 -0.080905 175.364495 0.073782
0.025160 1.266423 -0.194564 175.582040 0.073732
0.025200 1.256169 -0.296041 175.802357 0.073710
0.025240 1.229105 -0.380567 176.028595 0.073647
0.025280 1.182761 -0.447046 176.261898 0.073515
0.025320 1.117112 -0.494226 176.503490 0.073311
0.025360 1.035466 -0.519953 176.755277 0.073049
0.025400 0.943642 -0.521955 177.019741 0.072748
0.025440 0.847078 -0.497959 177.298831 0.072426
0.025480 0.751982 -0.446127 177.594505 0.072107
0.025520 0.666388 -0.366571 177.909175 0.071823
0.025560 0.598155 -0.263504 178.244003 0.071591
0.025600 0.552455 -0.145163 178.598138 0.071420
0.025640 0.532078 -0.019995 178.967278 0.071326
0.025680 0.538707 0.106422 179.340929 0.071309
0.025720 0.573091 0.229240 179.706121 0.071366
0.025760 0.633640 0.340555 180.054019 0.071494
0.025800 0.715336 0.430965 180.381184 0.071675
0.025840 0.810442 0.494048 180.687517 0.071902
0.025880 0.910850 0.527481 180.975018 0.072151
0.025920 1.009092 0.531504 181.246101 0.072394
0.025960 1.097895 0.507998 181.503110 0.072608
0.026000 1.170357 0.459862 181.748432 0.072767
0.026040 1.222783 0.390002 181.983924 0.072859
0.026080 1.254822 0.300403 182.210971 0.072889
0.026120 1.268599 0.192934 182.430874 0.072878
0.026160 1.267502 0.072921 182.646693 0.072895
0.026200 1.253027 -0.048439 182.864871 0.073012
0.026240 1.223843 -0.157431 183.092428 0.073207
0.026280 1.179757 -0.243273 183.333816 0.073424
0.026320 1.124361 -0.299191 183.591263 0.073627
0.026360 1.064690 -0.321851 183.865014 0.073781
0.026400 1.009926 -0.312344 184.153408 0.073872
0.026440 0.968885 -0.276250 184.453193 0.073910
0.026480 0.947233 -0.221884 184.759566 0.073905
0.026520 0.946734 -0.158198 185.067088 0.073859
0.026560 0.965907 -0.093500 185.371292 0.073770
0.026600 0.999500 -0.035005 185.669938 0.073649
0.026640 1.038402 0.011235 185.962308 0.073495
0.026680 1.077501 0.039393 186.247132 0.073306
0.026720 1.116691 0.044655 186.522127 0.073097
0.026760 1.154054 0.025748 186.785570 0.072892
0.026800 1.185831 -0.014265 187.037408 0.072709
0.026840 1.209007 -0.068185 187.279188 0.072559
0.026880 1.223015 -0.126946 187.513260 0.072440
0.026920 1.228811 -0.183071 187.742591 0.072339
0.026960 1.226531 -0.233185 187.970227 0.072221
0.027000 1.214962 -0.276345 188.198536 0.072067
0.027040 1.192911 -0.311663 188.429076 0.071883
0.027080 1.161405 -0.338097 188.663291 0.071681
0.027120 1.123685 -0.354903 188.903224 0.071472
0.027160 1.080257 -0.363355 189.150873 0.071288
0.027200 1.028452 -0.365682 189.407398 0.071108
0.027240 0.967194 -0.359551 189.674618 0.070908
0.027280 0.898454 -0.338341 189.954179 0.070691
0.027320 0.827700 -0.296331 190.247039 0.070477
0.027360 0.762045 -0.232374 190.553853 0.070264
0.027400 0.706720 -0.149377 190.874997 0.070063
0.027440 0.664355 -0.052213 191.209426 0.069892
0.027480 0.639459 0.054201 191.555685 0.069750
0.027520 0.639344 0.164302 191.909745 0.069653
0.027560 0.668859 0.270775 192.263104 0.069600
0.027600 0.726313 0.364680 192.605698 0.069585
0.027640 0.804235 0.437628 192.930837 0.069605
0.027680 0.894356 0.483585 193.236404 0.069646
0.027720 0.988764 0.498676 193.522951 0.069696
0.027760 1.078367 0.481552 193.792370 0.069729
0.027800 1.154373 0.434313 194.046692 0.069723
0.027840 1.211862 0.360898 194.287698 0.069677
0.027880 1.249424 0.264800 194.517195 0.069594
0.027920 1.268188 0.149718 194.737111 0.069496
0.027960 1.271199 0.022829 194.951104 0.069458
0.028000 1.260183 -0.103352 195.166425 0.069551
0.028040 1.233557 -0.215833 195.390378 0.069721
0.028080 1.189823 -0.306426 195.626940 0.069895
0.028120 1.130268 -0.370246 195.878371 0.070044
0.028160 1.059299 -0.403246 196.146163 0.070151
0.028200 0.984726 -0.403438 196.430727 0.070210
0.028240 0.916283 -0.373091 196.731529 0.070231
0.028280 0.863021 -0.317789 197.046284 0.070226
0.028320 0.832075 -0.245113 197.370060 0.070206
0.028360 0.827860 -0.164119 197.696105 0.070179
0.028400 0.851018 -0.084813 198.017756 0.070145
0.028440 0.897818 -0.017472 198.330355 0.070103
0.028480 0.960157 0.028162 198.631902 0.070049
0.028520 1.024439 0.047025 198.921776 0.069973
0.028560 1.079051 0.043415 199.199219 0.069893
0.028600 1.120879 0.025574 199.464346 0.069824
0.028640 1.150894 0.000650 199.718716 0.069774
0.028680 1.171388 -0.027475 199.964187 0.069748
0.028720 1.184548 -0.058183 200.202374 0.069732
0.028760 1.191314 -0.090743 200.434990 0.069702
0.028800 1.191850 -0.122766 200.664092 0.069642
0.028840 1.186776 -0.151257 200.891852 0.069548
0.028880 1.177078 -0.173734 201.120746 0.069435
0.028920 1.162057 -0.189969 201.352949 0.069295
0.028960 1.139950 -0.203734 201.589880 0.069138
0.029000 1.110386 -0.217356 201.833372 0.068989
0.029040 1.072865 -0.229384 202.085876 0.068848
0.029080 1.026018 -0.235418 202.349239 0.068722
0.029120 0.969696 -0.229217 202.624705 0.068600
0.029160 0.906855 -0.204622 202.912711 0.068482
0.029200 0.842664 -0.158623 203.213013 0.068374
0.029240 0.783253 -0.091963 203.525429 0.068276
0.029280 0.735500 -0.008089 203.850189 0.068189
0.029320 0.706699 0.087576 204.186416 0.068111
0.029360 0.704120 0.187958 204.530299 0.068051
0.029400 0.731396 0.284281 204.874080 0.068018
0.029440 0.785552 0.367321 205.208803 0.068010
0.029480 0.859235 0.429077 205.528015 0.068019
0.029520 0.944308 0.463527 205.829076 0.068032
0.029560 1.032182 0.466620 206.111990 0.068034
0.029600 1.113291 0.437361 206.378052 0.068003
0.029640 1.179945 0.378569 206.628756 0.067933
0.029680 1.228443 0.294321 206.865896 0.067829
0.029720 1.258037 0.188331 207.091438 0.067704
0.029760 1.270497 0.065983 207.308058 0.067604
0.029800 1.268438 -0.062274 207.521482 0.067620
0.029840 1.251677 -0.182751 207.739750 0.067747
0.029880 1.217837 -0.285316 207.968274 0.067900
0.029920 1.166092 -0.364565 208.209720 0.068034
0.029960 1.098362 -0.416442 208.466075 0.068135
0.030000 1.019813 -0.437037 208.738803 0.068193
0.030040 0.939125 -0.425114 209.028684 0.068216
0.030080 0.865904 -0.383589 209.335729 0.068218
0.030120 0.808750 -0.317989 209.657908 0.068212
0.030160 0.775083 -0.235710 209.990145 0.068210
0.030200 0.769789 -0.145740 210.324973 0.068219
0.030240 0.792911 -0.057930 210.654828 0.068233
0.030280 0.839546 0.018259 210.974643 0.068241
0.030320 0.902050 0.074466 211.282402 0.068250
0.030360 0.969337 0.105687 211.577918 0.068254
0.030400 1.029832 0.114140 211.861266 0.068262
0.030440 1.078067 0.107084 212.132381 0.068279
0.030480 1.114569 0.090622 212.392046 0.068311
0.030520 1.141705 0.067904 212.641499 0.068371
0.030560 1.161345 0.041110 212.882068 0.068459
0.030600 1.174762 0.012901 213.115524 0.068556
0.030640 1.182890 -0.013595 213.344242 0.068627
0.030680 1.185633 -0.036126 213.571082 0.068627
0.030720 1.181806 -0.055765 213.798222 0.068572
0.030760 1.171089 -0.076323 214.027388 0.068484
0.030800 1.154312 -0.099045 214.260819 0.068347
0.030840 1.131451 -0.122081 214.501264 0.068199
0.030880 1.101187 -0.142301 214.750823 0.068084
0.030920 1.061814 -0.156153 215.011006 0.068006
0.030960 1.012047 -0.159200 215.282900 0.067952
0.031000 0.952127 -0.146079 215.567049 0.067908
0.031040 0.886263 -0.111639 215.863177 0.067871
0.031080 0.823540 -0.054052 216.171368 0.067835
0.031120 0.773935 0.023220 216.491895 0.067799
0.031160 0.745428 0.113308 216.823453 0.067760
0.031200 0.744343 0.207768 217.161786 0.067729
0.031240 0.772652 0.297058 217.499353 0.067716
0.031280 0.826496 0.371937 217.827985 0.067717
0.031320 0.898652 0.424616 218.141760 0.067722
0.031360 0.980884 0.449176 218.438097 0.067719
0.031400 1.064051 0.441811 218.716865 0.067690
0.031440 1.138718 0.402362 218.978989 0.067622
0.031480 1.198319 0.334233 219.225814 0.067516
0.031520 1.239960 0.241476 219.459206 0.067382
0.031560 1.263522 0.128296 219.681333 0.067244
0.031600 1.271212 0.002076 219.895928 0.067174
0.031640 1.264754 -0.124565 220.110225 0.067235
0.031680 1.242555 -0.238833 220.331604 0.067368
0.031720 1.202245 -0.333119 220.563937 0.067497
0.031760 1.143667 -0.403205 220.809401 0.067599
0.031800 1.069381 -0.445100 221.069896 0.067664
0.031840 0.985573 -0.455177 221.346871 0.067690
0.031880 0.901556 -0.433109 221.641429 0.067690
0.031920 0.826519 -0.382323 221.953780 0.067684
0.031960 0.768734 -0.308432 222.281853 0.067683
0.032000 0.735760 -0.218953 222.620188 0.067698
0.032040 0.732134 -0.122958 222.960612 0.067734
0.032080 0.756499 -0.029908 223.295121 0.067783
0.032120 0.802649 0.051870 223.618911 0.067832
0.032160 0.862915 0.115638 223.930409 0.067883
0.032200 0.928295 0.157351 224.229804 0.067937
0.032240 0.990142 0.177303 224.517284 0.067998
0.032280 1.043418 0.179401 224.792450 0.068068
0.032320 1.086636 0.169116 225.055613 0.068158
0.032360 1.120412 0.151712 225.307769 0.068281
0.032400 1.146404 0.131344 225.550422 0.068432
0.032440 1.165949 0.111171 225.785671 0.068576
0.032480 1.178985 0.092508 226.016192 0.068690
0.032520 1.184993 0.073329 226.244045 0.068780
0.032560 1.184875 0.049855 226.470885 0.068805
0.032600 1.179772 0.021878 226.699000 0.068774
0.032640 1.169423 -0.007937 226.931212 0.068719
0.032680 1.152955 -0.036416 227.169839 0.068662
0.032720 1.129351 -0.061146 227.416683 0.068621
0.032760 1.096779 -0.080677 227.673121 0.068604
0.032800 1.052494 -0.092744 227.940539 0.068604
0.032840 0.994996 -0.091436 228.220124 0.068613
0.032880 0.928223 -0.068352 228.512064 0.068626
0.032920 0.863505 -0.019234 228.816213 0.068631
0.032960 0.813219 0.051825 229.132401 0.068635
0.033000 0.785641 0.136272 229.458945 0.068635
0.033040 0.785906 0.224455 229.791360 0.068634
0.033080 0.814610 0.306390 230.122521 0.068641
0.033120 0.867536 0.372869 230.444975 0.068648
0.033160 0.937642 0.416175 230.753206 0.068645
0.033200 1.016413 0.430432 231.044676 0.068620
0.033240 1.094248 0.412277 231.319048 0.068557
0.033280 1.162255 0.362463 231.576894 0.068451
0.033320 1.214878 0.284747 231.819540 0.068311
0.033360 1.249868 0.183244 232.048944 0.068152
0.033400 1.267791 0.063360 232.267748 0.068018
0.033440 1.270954 -0.064896 232.481246 0.067993
0.033480 1.259680 -0.187838 232.697461 0.068085
0.033520 1.231334 -0.294850 232.922248 0.068205
0.033560 1.183920 -0.380474 233.158313 0.068302
0.033600 1.117915 -0.441071 233.407599 0.068365
0.033640 1.036668 -0.472609 233.671927 0.068389
0.033680 0.947557 -0.471986 233.952897 0.068380
0.033720 0.860129 -0.439696 234.252040 0.068361
0.033760 0.782974 -0.379412 234.569783 0.068347
0.033800 0.724211 -0.296818 234.904127 0.068354
0.033840 0.691612 -0.199656 235.249196 0.068389
0.033880 0.688945 -0.097044 235.595959 0.068453
0.033920 0.713175 0.002330 235.936001 0.068544
0.033960 0.757046 0.091523 236.264871 0.068648
0.034000 0.813517 0.165200 236.581399 0.068770
0.034040 0.876815 0.219396 236.885547 0.068905
0.034080 0.941578 0.252095 237.177133 0.069046
0.034120 1.001922 0.265077 237.456052 0.069188
0.034160 1.053531 0.264147 237.722656 0.069328
0.034200 1.095639 0.256047 237.978154 0.069472
0.034240 1.129229 0.245578 238.224439 0.069621
0.034280 1.154921 0.233858 238.463845 0.069776
0.034320 1.173997 0.217853 238.697858 0.069924
0.034360 1.188405 0.194623 238.927978 0.070070
0.034400 1.197647 0.165176 239.156445 0.070200
0.034440 1.200342 0.131753 239.385396 0.070294
0.034480 1.196303 0.097016 239.616834 0.070357
0.034520 1.185717 0.062881 239.852877 0.070405
0.034560 1.167836 0.029932 240.095431 0.070461
0.034600 1.140893 -0.000180 240.346351 0.070537
0.034640 1.103451 -0.022462 240.607581 0.070631
0.034680 1.055066 -0.030483 240.880800 0.070740
0.034720 0.996676 -0.018142 241.166330 0.070855
0.034760 0.935844 0.019362 241.463072 0.070954
0.034800 0.886541 0.079533 241.770200 0.071026
0.034840 0.858652 0.153313 242.086303 0.071082
0.034880 0.856620 0.230505 242.407654 0.071123
0.034920 0.880754 0.301118 242.728320 0.071150
0.034960 0.927717 0.355846 243.041737 0.071156
0.035000 0.991108 0.386625 243.342572 0.071130
0.035040 1.062093 0.387331 243.627901 0.071062
0.035080 1.130912 0.355136 243.896659 0.070941
0.035120 1.189475 0.291556 244.148889 0.070777
0.035160 1.232940 0.200592 244.385908 0.070590
0.035200 1.259697 0.087551 244.610033 0.070413
0.035240 1.271078 -0.038691 244.825491 0.070320
0.035280 1.268513 -0.164844 245.039703 0.070352
0.035320 1.250111 -0.278779 245.259679 0.070435
0.035360 1.212680 -0.373807 245.488832 0.070494
0.035400 1.154906 -0.446566 245.728949 0.070512
0.035440 1.077990 -0.493790 245.981750 0.070485
0.035480 0.986662 -0.511628 246.249047 0.070418
0.035520 0.889534 -0.497652 246.533071 0.070337
0.035560 0.795547 -0.452517 246.836085 0.070269
0.035600 0.712489 -0.379429 247.159302 0.070228
0.035640 0.648531 -0.283918 247.501752 0.070226
0.035680 0.611560 -0.174260 247.858020 0.070271
0.035720 0.604122 -0.059457 248.218165 0.070368
0.035760 0.622543 0.053466 248.572353 0.070526
0.035800 0.660278 0.159154 248.914773 0.070730
0.035840 0.713610 0.252357 249.242847 0.070973
0.035880 0.780531 0.327266 249.555111 0.071249
0.035920 0.855965 0.379722 249.852039 0.071536
0.035960 0.932507 0.409372 250.134775 0.071822
0.036000 1.003294 0.420960 250.404682 0.072087
0.036040 1.065429 0.420263 250.663293 0.072342
0.036080 1.120161 0.408928 250.911891 0.072598
0.036120 1.168114 0.385659 251.152098 0.072839
0.036160 1.205653 0.350368 251.386315 0.073054
0.036200 1.229985 0.303850 251.616288 0.073233
0.036240 1.241678 0.246493 251.843120 0.073361
0.036280 1.242829 0.178484 252.068401 0.073453
0.036320 1.234703 0.102437 252.295248 0.073559
0.036360 1.216717 0.026166 252.527786 0.073709
0.036400 1.188287 -0.039492 252.769574 0.073900
0.036440 1.151770 -0.084440 253.023150 0.074121
0.036480 1.112528 -0.102146 253.289445 0.074352
0.036520 1.076211 -0.091695 253.567105 0.074563
0.036560 1.045875 -0.056703 253.853175 0.074736
0.036600 1.021065 -0.002928 254.144547 0.074873
0.036640 1.000377 0.060578 254.439561 0.074971
0.036680 0.987551 0.125018 254.737978 0.075033
0.036720 0.988753 0.185008 255.038637 0.075058
0.036760 1.007122 0.234352 255.338222 0.075036
0.036800 1.042453 0.264966 255.632095 0.074960
0.036840 1.090568 0.268582 255.915612 0.074824
0.036880 1.143567 0.239794 256.185176 0.074627
0.036920 1.192574 0.178224 256.438957 0.074399
0.036960 1.230663 0.088630 256.677506 0.074178
0.037000 1.254700 -0.019852 256.903712 0.073999
0.037040 1.265306 -0.134499 257.122718 0.073900
0.037080 1.263246 -0.242249 257.341184 0.073868
0.037120 1.246450 -0.335035 257.564038 0.073828
0.037160 1.211775 -0.410433 257.793208 0.073730
0.037200 1.157677 -0.467717 258.029690 0.073559
0.037240 1.085517 -0.505255 258.274972 0.073321
0.037280 1.000023 -0.520922 258.531337 0.073034
0.037320 0.906765 -0.512582 258.801120 0.072714
0.037360 0.810812 -0.477945 259.086026 0.072381
0.037400 0.719091 -0.415508 259.388200 0.072064
0.037440 0.639921 -0.326570 259.709839 0.071788
0.037480 0.580187 -0.217104 260.051327 0.071567
0.037520 0.543822 -0.095787 260.411061 0.071410
0.037560 0.533121 0.029981 260.782806 0.071335
0.037600 0.549840 0.155458 261.154569 0.071333
0.037640 0.594307 0.274806 261.514360 0.071405
0.037680 0.663712 0.379031 261.855181 0.071540
0.037720 0.751596 0.459385 262.174856 0.071725
0.037760 0.849817 0.511081 262.474183 0.071950
0.037800 0.950501 0.532770 262.755445 0.072187
0.037840 1.046238 0.525272 263.021050 0.072410
0.037880 1.129452 0.490946 263.273432 0.072594
0.037920 1.194231 0.432923 263.514784 0.072717
0.037960 1.238421 0.353870 263.746736 0.072774
0.038000 1.262740 0.255566 263.970572 0.072775
0.038040 1.270102 0.140957 264.188037 0.072761
0.038080 1.263548 0.017976 264.403684 0.072813
0.038120 1.243173 -0.100312 264.624825 0.072969
0.038160 1.207515 -0.201061 264.857551 0.073178
0.038200 1.157788 -0.275414 265.105267 0.073392
0.038240 1.098993 -0.318101 265.369420 0.073575
0.038280 1.039192 -0.327385 265.649499 0.073700
0.038320 0.987829 -0.306201 265.943303 0.073765
0.038360 0.952906 -0.261391 266.247004 0.073783
0.038400 0.938750 -0.201717 266.555361 0.073761
0.038440 0.946049 -0.136083 266.862987 0.073698
0.038480 0.972266 -0.072672 267.166025 0.073596
0.038520 1.010553 -0.018593 267.462883 0.073464
0.038560 1.051469 0.020481 267.752835 0.073298
0.038600 1.091696 0.039424 268.034173 0.073103
0.038640 1.130863 0.034955 268.304744 0.072898
0.038680 1.166329 0.007656 268.563552 0.072705
0.038720 1.194606 -0.037555 268.811343 0.072540
0.038760 1.213800 -0.092504 269.050055 0.072408
0.038800 1.224318 -0.148659 269.282228 0.072301
0.038840 1.227001 -0.200597 269.510868 0.072197
0.038880 1.221389 -0.246529 269.738721 0.072065
0.038920 1.206115 -0.285593 269.967796 0.071898
0.038960 1.180765 -0.316679 270.199514 0.071709
0.039000 1.147624 -0.338739 270.435572 0.071503
0.039040 1.109264 -0.351590 270.678148 0.071311
0.039080 1.064099 -0.357653 270.928781 0.071137
0.039120 1.009795 -0.357819 271.188811 0.070959
0.039160 0.946307 -0.347655 271.460212 0.070755
0.039200 0.876778 -0.320135 271.744341 0.070547
0.039240 0.807515 -0.270982 272.041900 0.070340
0.039280 0.745327 -0.200576 272.353531 0.070136
0.039320 0.694220 -0.112752 272.679058 0.069950
0.039360 0.657122 -0.012413 273.017323 0.069793
0.039400 0.640032 0.095447 273.366439 0.069668
0.039440 0.650101 0.204640 273.720816 0.069590
0.039480 0.690058 0.307082 274.070881 0.069550
0.039520 0.755647 0.393707 274.407358 0.069548
0.039560 0.838598 0.456930 274.725282 0.069576
0.039600 0.930917 0.491526 275.023685 0.069619
0.039640 1.024341 0.494387 275.303682 0.069663
0.039680 1.109439 0.465385 275.567322 0.069679
0.039720 1.178622 0.407651 275.816480 0.069654
0.039760 1.228496 0.325104 276.052952 0.069590
0.039800 1.258619 0.221095 276.278547 0.069495
0.039840 1.271018 0.100231 276.495558 0.069407
0.039880 1.268712 -0.028106 276.709049 0.069417
0.039920 1.252046 -0.150321 276.926980 0.069550
0.039960 1.218921 -0.255078 277.155403 0.069726
0.040000 1.168763 -0.335919 277.397358 0.069891
