 sig=    1.000000000000000      inputfile=
 /home/rjrj524/Finished/vmec_gc_tracer/revised_251128/nc/wout_pwO_nfp2_A6.nc                                                                                                                             
 dt=   2.0000000000000000E-008
 steps=      2000000
 x0=   7.0000000000000007E-002  -0.1260000000000000      
   -3.140000000000000     
 u=   -6310.000000000000     
 v_perp=    53100.00000000000     
 
time(s)         x0(1)       x0(2)        x0(3)      r
0.000040 0.541469 -0.082372 2.868305 0.068876
0.000080 0.560495 -0.157652 2.656964 0.066853
0.000120 0.578649 -0.201735 2.535026 0.064350
0.000160 0.586891 -0.212387 2.511941 0.061820
0.000200 0.583298 -0.191983 2.583656 0.059628
0.000240 0.572744 -0.146045 2.733492 0.058091
0.000280 0.563241 -0.085276 2.927981 0.057427
0.000320 0.559797 -0.023462 3.125403 0.057655
0.000360 0.561488 0.026572 3.287287 0.058721
0.000400 0.563440 0.053352 3.378949 0.060508
0.000440 0.561438 0.048669 3.375781 0.062706
0.000480 0.556387 0.009691 3.269702 0.064868
0.000520 0.555275 -0.059587 3.072639 0.066581
0.000560 0.567594 -0.149069 2.813167 0.067604
0.000600 0.600250 -0.244942 2.527352 0.067755
0.000640 0.650372 -0.328755 2.260677 0.067028
0.000680 0.705363 -0.388914 2.044606 0.065758
0.000720 0.751220 -0.423573 1.897533 0.064244
0.000760 0.778172 -0.436327 1.830156 0.062692
0.000800 0.782121 -0.431074 1.846471 0.061274
0.000840 0.765042 -0.409234 1.942255 0.060112
0.000880 0.734233 -0.370690 2.104273 0.059303
0.000920 0.700323 -0.317644 2.309690 0.058949
0.000960 0.673782 -0.258693 2.523014 0.059141
0.001000 0.659582 -0.207830 2.700546 0.059826
0.001040 0.655571 -0.178455 2.803452 0.060822
0.001080 0.657831 -0.178688 2.807904 0.061944
0.001120 0.666790 -0.209448 2.710131 0.062996
0.001160 0.688178 -0.263940 2.527088 0.063794
0.001200 0.727664 -0.328602 2.291734 0.064165
0.001240 0.782758 -0.386544 2.047343 0.064067
0.001280 0.841445 -0.425752 1.835627 0.063680
0.001320 0.888613 -0.444115 1.689715 0.063237
0.001360 0.912112 -0.446657 1.633571 0.062871
0.001400 0.907297 -0.438048 1.677243 0.062602
0.001440 0.878408 -0.417002 1.813831 0.062383
0.001480 0.837175 -0.379939 2.019179 0.062184
0.001520 0.798789 -0.329226 2.254180 0.062038
0.001560 0.774069 -0.276915 2.468973 0.062008
0.001600 0.763995 -0.238555 2.616988 0.062092
0.001640 0.763435 -0.224918 2.668561 0.062236
0.001680 0.769781 -0.239399 2.613502 0.062350
0.001720 0.786822 -0.277652 2.462061 0.062351
0.001760 0.820135 -0.327532 2.244732 0.062224
0.001800 0.868253 -0.371971 2.009973 0.062067
0.001840 0.918749 -0.398596 1.810904 0.062058
0.001880 0.954919 -0.407031 1.690719 0.062309
0.001920 0.965179 -0.404004 1.676403 0.062765
0.001960 0.948025 -0.391919 1.773459 0.063227
0.002000 0.912743 -0.365595 1.963317 0.063480
0.002040 0.875758 -0.322261 2.205885 0.063420
0.002080 0.851232 -0.270778 2.445876 0.063078
0.002120 0.841821 -0.227573 2.628354 0.062553
0.002160 0.840954 -0.205750 2.715655 0.061931
0.002200 0.843382 -0.210529 2.692166 0.061281
0.002240 0.851266 -0.239649 2.564172 0.060676
0.002280 0.871579 -0.283240 2.359555 0.060205
0.002320 0.906946 -0.325158 2.126550 0.060004
0.002360 0.948308 -0.351415 1.923679 0.060204
0.002400 0.979304 -0.359907 1.801178 0.060837
0.002440 0.987650 -0.356859 1.789910 0.061742
0.002480 0.971964 -0.344189 1.895501 0.062601
0.002520 0.942530 -0.316462 2.095747 0.063112
0.002560 0.915876 -0.272433 2.343924 0.063151
0.002600 0.902731 -0.222763 2.581582 0.062738
0.002640 0.901155 -0.182543 2.758931 0.061947
0.002680 0.903112 -0.161814 2.845292 0.060920
0.002720 0.903583 -0.164103 2.828701 0.059839
0.002760 0.904553 -0.187927 2.714522 0.058897
0.002800 0.912971 -0.226518 2.525078 0.058267
0.002840 0.934258 -0.267436 2.299307 0.058087
0.002880 0.964975 -0.296890 2.090298 0.058434
0.002920 0.992105 -0.309091 1.952261 0.059308
0.002960 1.002571 -0.307972 1.922749 0.060535
0.003000 0.993011 -0.296183 2.012151 0.061760
0.003040 0.971968 -0.269782 2.199984 0.062626
0.003080 0.953705 -0.227790 2.440633 0.062919
0.003120 0.946537 -0.178576 2.682922 0.062552
0.003160 0.948769 -0.133916 2.886039 0.061577
0.003200 0.953768 -0.102645 3.021945 0.060205
0.003240 0.955885 -0.089010 3.075229 0.058679
0.003280 0.953365 -0.094072 3.041553 0.057194
0.003320 0.948796 -0.116490 2.927448 0.055919
0.003360 0.947859 -0.151624 2.751294 0.055034
0.003400 0.955813 -0.190861 2.543010 0.054695
0.003440 0.973008 -0.223882 2.340820 0.054987
0.003480 0.993077 -0.243197 2.187381 0.055887
0.003520 1.005970 -0.247874 2.120702 0.057235
0.003560 1.005682 -0.240019 2.159976 0.058728
0.003600 0.995013 -0.218755 2.297829 0.060005
0.003640 0.982948 -0.182541 2.504483 0.060788
0.003680 0.977156 -0.134713 2.742196 0.060984
0.003720 0.979215 -0.083400 2.974243 0.060645
0.003760 0.985140 -0.037896 3.169009 0.059827
0.003800 0.990385 -0.003530 3.311841 0.058547
0.003840 0.993121 0.018790 3.401735 0.056999
0.003880 0.992686 0.028939 3.436161 0.055394
0.003920 0.989021 0.026904 3.413316 0.053860
0.003960 0.983145 0.013202 3.337213 0.052501
0.004000 0.977007 -0.010918 3.216470 0.051439
0.004040 0.972994 -0.043286 3.060586 0.050821
0.004080 0.973513 -0.079674 2.882945 0.050741
0.004120 0.979723 -0.113495 2.706661 0.051209
0.004160 0.989886 -0.138666 2.559179 0.052182
0.004200 0.999801 -0.151804 2.465808 0.053557
0.004240 1.005203 -0.152107 2.445126 0.055174
0.004280 1.004593 -0.139539 2.503148 0.056820
0.004320 1.000043 -0.113674 2.631634 0.058271
0.004360 0.995137 -0.074761 2.812610 0.059327
0.004400 0.992188 -0.025478 3.024323 0.059877
0.004440 0.991653 0.028247 3.246917 0.059961
0.004480 0.993739 0.078955 3.464804 0.059545
0.004520 0.998577 0.120308 3.658169 0.058583
0.004560 1.004082 0.148851 3.803101 0.057197
0.004600 1.006115 0.163869 3.878094 0.055576
0.004640 1.001603 0.165855 3.871077 0.053945
0.004680 0.991410 0.154796 3.785557 0.052532
0.004720 0.979995 0.131088 3.639979 0.051510
0.004760 0.972315 0.097762 3.461252 0.050986
0.004800 0.970755 0.061003 3.278873 0.051003
0.004840 0.974261 0.028171 3.119864 0.051557
0.004880 0.980024 0.004330 3.000907 0.052584
0.004920 0.985430 -0.008496 2.929892 0.053944
0.004960 0.988609 -0.009547 2.912168 0.055488
0.005000 0.988579 0.001597 2.950820 0.057076
0.005040 0.985205 0.025386 3.046955 0.058530
0.005080 0.979322 0.062187 3.201962 0.059643
0.005120 0.974211 0.109591 3.409741 0.060334
0.005160 0.975104 0.160013 3.645967 0.060556
0.005200 0.984242 0.203964 3.876027 0.060202
0.005240 0.997496 0.234594 4.062163 0.059263
0.005280 1.005607 0.250572 4.167012 0.057913
0.005320 1.000889 0.254003 4.167238 0.056475
0.005360 0.983825 0.244394 4.065355 0.055302
0.005400 0.962953 0.219773 3.889161 0.054646
0.005440 0.948001 0.183578 3.680794 0.054610
0.005480 0.942983 0.145139 3.482611 0.055174
0.005520 0.945331 0.114656 3.330309 0.056225
0.005560 0.949088 0.099313 3.249492 0.057594
0.005600 0.949518 0.102305 3.253572 0.059098
0.005640 0.945883 0.123953 3.344459 0.060548
0.005680 0.941976 0.161920 3.513054 0.061718
0.005720 0.944559 0.209712 3.737802 0.062377
0.005760 0.958573 0.256327 3.983575 0.062405
0.005800 0.980569 0.290517 4.202274 0.061831
0.005840 0.997635 0.308605 4.342519 0.060790
0.005880 0.997179 0.314690 4.370664 0.059569
0.005920 0.976644 0.309686 4.282424 0.058540
0.005960 0.945115 0.288718 4.102661 0.057969
0.006000 0.917223 0.251972 3.878846 0.057920
0.006040 0.901909 0.210481 3.667168 0.058338
0.006080 0.897529 0.178495 3.514759 0.059114
0.006120 0.896990 0.165792 3.452137 0.060095
0.006160 0.895535 0.176263 3.492567 0.061106
0.006200 0.895174 0.208672 3.631723 0.061973
0.006240 0.903409 0.255776 3.846858 0.062541
0.006280 0.925727 0.303804 4.095463 0.062712
0.006320 0.956444 0.338825 4.320514 0.062430
0.006360 0.979957 0.357154 4.469024 0.061742
0.006400 0.982452 0.364026 4.508424 0.060876
0.006440 0.960186 0.361280 4.432577 0.060151
0.006480 0.920988 0.343285 4.261535 0.059796
0.006520 0.880444 0.307234 4.036903 0.059852
0.006560 0.852158 0.262298 3.814576 0.060211
0.006600 0.838681 0.225013 3.648962 0.060733
0.006640 0.834031 0.208557 3.577213 0.061313
0.006680 0.833240 0.218581 3.615163 0.061890
0.006720 0.838412 0.253233 3.756890 0.062414
0.006760 0.856448 0.302823 3.974599 0.062819
0.006800 0.889508 0.351446 4.220185 0.063016
0.006840 0.927850 0.385808 4.437087 0.062936
0.006880 0.954971 0.403818 4.578428 0.062613
0.006920 0.957831 0.410865 4.616101 0.062206
0.006960 0.932910 0.408453 4.544504 0.061918
0.007000 0.887124 0.390853 4.380502 0.061862
0.007040 0.835289 0.353914 4.158912 0.061987
0.007080 0.792992 0.304173 3.927548 0.062122
0.007120 0.767568 0.257482 3.738082 0.062121
0.007160 0.756063 0.229058 3.630041 0.061962
0.007200 0.752868 0.227225 3.623744 0.061716
0.007240 0.757136 0.252669 3.719754 0.061491
0.007280 0.773229 0.298694 3.899185 0.061380
0.007320 0.804287 0.352103 4.124917 0.061432
0.007360 0.844872 0.398103 4.348162 0.061629
0.007400 0.881861 0.428702 4.524608 0.061903
0.007440 0.901306 0.444537 4.622582 0.062236
0.007480 0.894445 0.448766 4.625578 0.062654
0.007520 0.860788 0.439985 4.533375 0.063163
0.007560 0.807858 0.412810 4.360985 0.063685
0.007600 0.749066 0.364459 4.134457 0.064033
0.007640 0.698720 0.300466 3.887768 0.063970
0.007680 0.666020 0.235352 3.663537 0.063395
0.007720 0.649949 0.185606 3.502538 0.062423
0.007760 0.643825 0.162954 3.433950 0.061241
0.007800 0.643175 0.171755 3.468563 0.060053
0.007840 0.649171 0.208757 3.596078 0.059069
0.007880 0.665882 0.263918 3.787100 0.058489
0.007920 0.693651 0.322880 3.999313 0.058483
0.007960 0.725705 0.372754 4.190811 0.059048
0.008000 0.751449 0.406829 4.330835 0.060071
0.008040 0.761404 0.423629 4.400491 0.061448
0.008080 0.750074 0.422724 4.389839 0.063069
0.008120 0.717388 0.401748 4.296983 0.064784
0.008160 0.669204 0.356685 4.127171 0.066409
0.008200 0.616922 0.285538 3.892480 0.067702
0.008240 0.574558 0.192916 3.612286 0.068281
0.008280 0.552077 0.094211 3.325060 0.067910
0.008320 0.548257 0.006318 3.073491 0.066703
0.008360 0.554827 -0.058199 2.892229 0.064796
0.008400 0.562087 -0.090811 2.805690 0.062483
0.008440 0.563964 -0.089873 2.819372 0.060230
0.008480 0.560760 -0.059326 2.922239 0.058455
0.008520 0.557362 -0.007727 3.088630 0.057448
0.008560 0.558650 0.053495 3.283757 0.057302
0.008600 0.565387 0.111953 3.470770 0.058039
0.008640 0.573137 0.154900 3.610980 0.059624
0.008680 0.574946 0.171776 3.672084 0.061838
0.008720 0.566939 0.156718 3.636972 0.064345
0.008760 0.552008 0.108164 3.503281 0.066744
0.008800 0.539377 0.029925 3.283356 0.068558
0.008840 0.539812 -0.068039 3.005069 0.069482
0.008880 0.560229 -0.172487 2.705462 0.069474
0.008920 0.599684 -0.266914 2.427079 0.068475
0.008960 0.646827 -0.336964 2.206088 0.066763
0.009000 0.688337 -0.379904 2.055955 0.064759
0.009040 0.714274 -0.398220 1.984333 0.062736
0.009080 0.720180 -0.395271 1.993970 0.060881
0.009120 0.707472 -0.373073 2.080599 0.059345
0.009160 0.682540 -0.332828 2.232300 0.058245
0.009200 0.654818 -0.277993 2.428163 0.057717
0.009240 0.633395 -0.217610 2.635051 0.057884
0.009280 0.622515 -0.166160 2.808360 0.058677
0.009320 0.619825 -0.137183 2.908111 0.059893
0.009360 0.621609 -0.138526 2.910920 0.061298
0.009400 0.628521 -0.171531 2.811918 0.062624
0.009440 0.646536 -0.230258 2.626280 0.063642
0.009480 0.682199 -0.301279 2.387767 0.064167
0.009520 0.734638 -0.367473 2.139221 0.064117
0.009560 0.793143 -0.415803 1.920208 0.063630
0.009600 0.843769 -0.442568 1.759717 0.062945
0.009640 0.874511 -0.450999 1.679469 0.062249
0.009680 0.878996 -0.445875 1.691204 0.061637
0.009720 0.858751 -0.428096 1.792861 0.061135
0.009760 0.822530 -0.395303 1.967617 0.060751
0.009800 0.783445 -0.347953 2.185345 0.060533
0.009840 0.753584 -0.294338 2.404259 0.060554
0.009880 0.737978 -0.248749 2.577961 0.060810
0.009920 0.733808 -0.223784 2.670874 0.061218
0.009960 0.737108 -0.225962 2.664434 0.061660
0.010000 0.748769 -0.254758 2.558676 0.062007
0.010040 0.774223 -0.302301 2.372493 0.062157
0.010080 0.816644 -0.353974 2.142956 0.062090
0.010120 0.869443 -0.393926 1.919223 0.061929
0.010160 0.917757 -0.414626 1.747513 0.061866
0.010200 0.946669 -0.419107 1.662539 0.061996
0.010240 0.948212 -0.413337 1.682864 0.062258
0.010280 0.924325 -0.397131 1.806415 0.062492
0.010320 0.886274 -0.365475 2.009586 0.062552
0.010360 0.850176 -0.318669 2.250155 0.062395
0.010400 0.827871 -0.268044 2.473818 0.062074
0.010440 0.819716 -0.229681 2.630387 0.061667
0.010480 0.819480 -0.214759 2.688148 0.061221
0.010520 0.823858 -0.226676 2.636840 0.060757
0.010560 0.836533 -0.261169 2.487939 0.060303
0.010600 0.863620 -0.306294 2.274276 0.059936
0.010640 0.904282 -0.345489 2.047139 0.059791
0.010680 0.946426 -0.367488 1.862396 0.059998
0.010720 0.974086 -0.373019 1.764018 0.060570
0.010760 0.977408 -0.368157 1.776501 0.061337
0.010800 0.957440 -0.353061 1.899923 0.062009
0.010840 0.925806 -0.322302 2.108583 0.062339
0.010880 0.898773 -0.276507 2.354771 0.062245
0.010920 0.885656 -0.227771 2.580785 0.061775
0.010960 0.883615 -0.191124 2.738615 0.061025
0.011000 0.884939 -0.175846 2.800090 0.060119
0.011040 0.886097 -0.184499 2.756660 0.059209
0.011080 0.890688 -0.214026 2.618372 0.058449
0.011120 0.905806 -0.255236 2.413514 0.057980
0.011160 0.934089 -0.293734 2.188170 0.057923
0.011200 0.967544 -0.317224 1.998941 0.058354
0.011240 0.991381 -0.324148 1.895072 0.059248
0.011280 0.995117 -0.319621 1.904734 0.060378
0.011320 0.979443 -0.303908 2.028437 0.061392
0.011360 0.955865 -0.272497 2.237467 0.061990
0.011400 0.938596 -0.227341 2.481667 0.062040
0.011440 0.933271 -0.179465 2.709326 0.061500
0.011480 0.935791 -0.140788 2.881743 0.060454
0.011520 0.939101 -0.118664 2.975110 0.059099
0.011560 0.938966 -0.115765 2.979456 0.057663
0.011600 0.936106 -0.131687 2.896915 0.056357
0.011640 0.935529 -0.162838 2.741842 0.055375
0.011680 0.943191 -0.201404 2.541309 0.054880
0.011720 0.961085 -0.236558 2.333075 0.054976
0.011760 0.983828 -0.259020 2.162347 0.055669
0.011800 1.000611 -0.266394 2.072139 0.056845
0.011840 1.003288 -0.261254 2.087932 0.058239
0.011880 0.992826 -0.243531 2.208265 0.059493
0.011920 0.978278 -0.210958 2.405580 0.060294
0.011960 0.969138 -0.165890 2.639634 0.060477
0.012000 0.968776 -0.116194 2.871913 0.060063
0.012040 0.974235 -0.071505 3.068546 0.059204
0.012080 0.979914 -0.039260 3.204765 0.058025
0.012120 0.982205 -0.022153 3.271358 0.056611
0.012160 0.980407 -0.019983 3.269278 0.055147
0.012200 0.975524 -0.032245 3.201607 0.053848
0.012240 0.969943 -0.058043 3.073440 0.052899
0.012280 0.967446 -0.093820 2.897866 0.052415
0.012320 0.971654 -0.132127 2.700901 0.052457
0.012360 0.982848 -0.164404 2.515695 0.053051
0.012400 0.996708 -0.184685 2.376052 0.054159
0.012440 1.006645 -0.191106 2.311350 0.055654
0.012480 1.008289 -0.184249 2.337639 0.057302
0.012520 1.002806 -0.163803 2.451306 0.058832
0.012560 0.995573 -0.129136 2.631698 0.060023
0.012600 0.991501 -0.082340 2.850264 0.060730
0.012640 0.991609 -0.028966 3.078737 0.060837
0.012680 0.994360 0.023936 3.298067 0.060390
0.012720 0.998777 0.069361 3.493894 0.059537
0.012760 1.003496 0.102422 3.646303 0.058276
0.012800 1.005931 0.121854 3.737228 0.056714
0.012840 1.003690 0.128058 3.755572 0.055056
0.012880 0.996626 0.121370 3.700702 0.053527
0.012920 0.987397 0.102051 3.583496 0.052317
0.012960 0.979894 0.071818 3.423283 0.051567
0.013000 0.976906 0.035022 3.243906 0.051343
0.013040 0.978863 -0.002154 3.067814 0.051645
0.013080 0.984516 -0.034230 2.911846 0.052394
0.013120 0.991692 -0.056769 2.793153 0.053486
0.013160 0.997667 -0.066961 2.729164 0.054841
0.013200 1.000242 -0.063775 2.730874 0.056340
0.013240 0.998896 -0.046965 2.799541 0.057842
0.013280 0.994787 -0.016973 2.926410 0.059237
0.013320 0.989485 0.024230 3.098245 0.060385
0.013360 0.984581 0.073795 3.308221 0.061020
0.013400 0.983650 0.126183 3.543988 0.061086
0.013440 0.989771 0.172611 3.775448 0.060616
0.013480 1.000528 0.206202 3.966911 0.059615
0.013520 1.008374 0.224962 4.083751 0.058197
0.013560 1.005971 0.230445 4.101711 0.056643
0.013600 0.992423 0.222814 4.018819 0.055298
0.013640 0.974360 0.200467 3.857202 0.054433
0.013680 0.960581 0.165668 3.653840 0.054180
0.013720 0.955882 0.126147 3.448406 0.054536
0.013760 0.958898 0.091799 3.277062 0.055406
0.013800 0.964284 0.070584 3.168355 0.056632
0.013840 0.966907 0.066637 3.139299 0.058053
0.013880 0.964596 0.081033 3.195466 0.059517
0.013920 0.958954 0.112625 3.331998 0.060866
0.013960 0.955142 0.157209 3.533108 0.061883
0.014000 0.959420 0.206582 3.772042 0.062326
0.014040 0.974189 0.249937 4.011809 0.062087
0.014080 0.993293 0.278829 4.206034 0.061236
0.014120 1.003903 0.292686 4.309169 0.059981
0.014160 0.996691 0.295179 4.296818 0.058670
0.014200 0.973276 0.284838 4.174969 0.057669
0.014240 0.945154 0.257937 3.977462 0.057190
0.014280 0.924904 0.218851 3.755407 0.057276
0.014320 0.916789 0.179912 3.559799 0.057876
0.014360 0.916492 0.153177 3.429621 0.058860
0.014400 0.917074 0.145878 3.389240 0.060050
0.014440 0.915095 0.160375 3.447708 0.061238
0.014480 0.913494 0.194921 3.598722 0.062211
0.014520 0.919859 0.242410 3.819491 0.062792
0.014560 0.939655 0.289768 4.069119 0.062886
0.014600 0.967601 0.323819 4.291925 0.062477
0.014640 0.988435 0.341299 4.434555 0.061639
0.014680 0.988750 0.347434 4.464675 0.060629
0.014720 0.965721 0.343403 4.378100 0.059796
0.014760 0.928338 0.323417 4.198043 0.059383
0.014800 0.892487 0.286043 3.969902 0.059432
0.014840 0.869914 0.242092 3.751665 0.059841
0.014880 0.860719 0.207806 3.595876 0.060480
0.014920 0.857973 0.194885 3.536519 0.061230
0.014960 0.857127 0.207787 3.586895 0.061984
0.015000 0.861183 0.244135 3.739405 0.062642
0.015040 0.877723 0.293973 3.964890 0.063102
0.015080 0.909036 0.341295 4.213681 0.063262
0.015120 0.944964 0.373387 4.427723 0.063052
0.015160 0.968669 0.389373 4.559509 0.062538
0.015200 0.967720 0.395093 4.582203 0.061931
0.015240 0.940028 0.391079 4.493516 0.061485
0.015280 0.894402 0.370945 4.314941 0.061340
0.015320 0.846886 0.332090 4.086752 0.061462
0.015360 0.811847 0.283942 3.862086 0.061697
0.015400 0.793203 0.243429 3.693590 0.061905
0.015440 0.785875 0.224354 3.617535 0.062042
0.015480 0.785091 0.232818 3.649320 0.062140
0.015520 0.792400 0.267012 3.783050 0.062252
0.015560 0.813483 0.317363 3.992143 0.062401
0.015600 0.849650 0.368306 4.231049 0.062562
0.015640 0.891156 0.406405 4.447029 0.062678
0.015680 0.922425 0.428107 4.596505 0.062725
0.015720 0.930339 0.437433 4.651724 0.062765
0.015760 0.909718 0.436613 4.603625 0.062895
0.015800 0.864751 0.421211 4.462135 0.063148
0.015840 0.807747 0.385729 4.252956 0.063431
0.015880 0.754325 0.332243 4.012824 0.063530
0.015920 0.716342 0.273080 3.786467 0.063263
0.015960 0.695831 0.224887 3.617369 0.062641
0.016000 0.687266 0.200198 3.535636 0.061804
0.016040 0.685708 0.204676 3.554832 0.060917
0.016080 0.691619 0.236610 3.668961 0.060144
0.016120 0.709085 0.287525 3.853681 0.059645
0.016160 0.739441 0.344053 4.070467 0.059559
0.016200 0.776307 0.392822 4.275444 0.059903
0.016240 0.808265 0.426749 4.433502 0.060586
0.016280 0.824199 0.444977 4.521024 0.061521
0.016320 0.816860 0.448317 4.524554 0.062637
0.016360 0.785296 0.435159 4.442058 0.063841
0.016400 0.735183 0.401258 4.281750 0.064977
0.016440 0.677364 0.343347 4.058380 0.065832
0.016480 0.625946 0.264653 3.795204 0.066152
0.016520 0.592453 0.178164 3.528292 0.065694
0.016560 0.578000 0.102354 3.303422 0.064494
0.016600 0.574973 0.050360 3.154093 0.062753
0.016640 0.575280 0.029322 3.099783 0.060777
0.016680 0.575065 0.040680 3.144492 0.058945
0.016720 0.575951 0.079406 3.272866 0.057589
0.016760 0.582212 0.135977 3.456199 0.056923
0.016800 0.595849 0.197806 3.656964 0.057105
0.016840 0.612581 0.250183 3.830228 0.058173
0.016880 0.623902 0.282777 3.941827 0.059957
0.016920 0.622986 0.291449 3.976165 0.062217
0.016960 0.607434 0.273595 3.926010 0.064710
0.017000 0.580266 0.225876 3.787211 0.067139
0.017040 0.550947 0.147674 3.563976 0.069100
0.017080 0.532636 0.047913 3.281709 0.070169
0.017120 0.533483 -0.059142 2.978589 0.070200
0.017160 0.553780 -0.159839 2.693184 0.069194
0.017200 0.585566 -0.239398 2.464627 0.067290
0.017240 0.615517 -0.288987 2.318009 0.064908
0.017280 0.634007 -0.309748 2.256650 0.062443
0.017320 0.637493 -0.305221 2.276842 0.060176
0.017360 0.627572 -0.277892 2.372512 0.058326
0.017400 0.610084 -0.230531 2.532035 0.057107
0.017440 0.593448 -0.170620 2.728863 0.056718
0.017480 0.583878 -0.112104 2.919380 0.057186
0.017520 0.581094 -0.068701 3.062516 0.058365
0.017560 0.581113 -0.050425 3.128247 0.060044
0.017600 0.581488 -0.063246 3.098429 0.061929
0.017640 0.584649 -0.107287 2.972228 0.063659
0.017680 0.597832 -0.176818 2.765116 0.064920
0.017720 0.628934 -0.259705 2.508130 0.065506
0.017760 0.678410 -0.337859 2.246284 0.065344
0.017800 0.736058 -0.397182 2.017853 0.064627
0.017840 0.787881 -0.433079 1.848413 0.063605
0.017880 0.822448 -0.448134 1.754472 0.062492
0.017920 0.833123 -0.446692 1.746088 0.061445
0.017960 0.819888 -0.430771 1.823034 0.060556
0.018000 0.789300 -0.399575 1.973130 0.059887
0.018040 0.752278 -0.353345 2.173508 0.059515
0.018080 0.720503 -0.298121 2.390226 0.059533
0.018120 0.701273 -0.246640 2.579825 0.059945
0.018160 0.694096 -0.212448 2.702876 0.060631
0.018200 0.694905 -0.204532 2.733752 0.061441
0.018240 0.702648 -0.225359 2.664422 0.062217
0.018280 0.721553 -0.270163 2.506060 0.062800
0.018320 0.757299 -0.327270 2.286732 0.063060
0.018360 0.808797 -0.380353 2.048914 0.062976
0.018400 0.864995 -0.416471 1.838125 0.062721
0.018440 0.910451 -0.432677 1.692377 0.062503
0.018480 0.932478 -0.434070 1.638610 0.062417
0.018520 0.926279 -0.425344 1.688002 0.062423
0.018560 0.896519 -0.404598 1.832616 0.062417
0.018600 0.855843 -0.367724 2.045502 0.062323
0.018640 0.819907 -0.317697 2.283520 0.062153
0.018680 0.798601 -0.267582 2.493878 0.061965
0.018720 0.791095 -0.232889 2.630552 0.061795
0.018760 0.791670 -0.223407 2.666269 0.061631
0.018800 0.798500 -0.241188 2.594504 0.061434
0.018840 0.816133 -0.280442 2.430035 0.061180
0.018880 0.849709 -0.327741 2.208512 0.060922
0.018920 0.895776 -0.366349 1.982171 0.060796
0.018960 0.940420 -0.386654 1.804245 0.060949
0.019000 0.967774 -0.390919 1.715182 0.061410
0.019040 0.969037 -0.385297 1.736645 0.062032
0.019080 0.946145 -0.369361 1.866630 0.062561
0.019120 0.911285 -0.337494 2.078650 0.062782
0.019160 0.881003 -0.290624 2.325509 0.062628
0.019200 0.865228 -0.241274 2.549566 0.062163
0.019240 0.861529 -0.205164 2.701741 0.061491
0.019280 0.862429 -0.192029 2.753246 0.060715
0.019320 0.864919 -0.204241 2.696437 0.059943
0.019360 0.873351 -0.237587 2.544070 0.059290
0.019400 0.894612 -0.280849 2.329068 0.058876
0.019440 0.929008 -0.318175 2.102810 0.058828
0.019480 0.965435 -0.338592 1.922882 0.059240
0.019520 0.988316 -0.343040 1.834871 0.060074
0.019560 0.988587 -0.337071 1.862372 0.061090
0.019600 0.968771 -0.319740 2.001775 0.061943
0.019640 0.941879 -0.286089 2.221402 0.062374
0.019680 0.922810 -0.239269 2.468681 0.062300
0.019720 0.916734 -0.192038 2.688975 0.061726
0.019760 0.918460 -0.157114 2.842135 0.060745
0.019800 0.920576 -0.141553 2.905433 0.059534
0.019840 0.919970 -0.147235 2.872023 0.058309
0.019880 0.919592 -0.172171 2.749791 0.057279
0.019920 0.926090 -0.209804 2.561340 0.056628
0.019960 0.944140 -0.248879 2.343270 0.056488
0.020000 0.970684 -0.277219 2.144081 0.056915
0.020040 0.994298 -0.289343 2.014403 0.057872
0.020080 1.003300 -0.288125 1.989900 0.059164
0.020120 0.994888 -0.275528 2.079657 0.060444
0.020160 0.977065 -0.248413 2.262853 0.061359
0.020200 0.962234 -0.206637 2.496672 0.061681
0.020240 0.957191 -0.157666 2.735739 0.061330
0.020280 0.960504 -0.111942 2.942833 0.060402
0.020320 0.966334 -0.078051 3.089849 0.059128
0.020360 0.969350 -0.060742 3.159305 0.057714
0.020400 0.967489 -0.061484 3.144985 0.056313
0.020440 0.962268 -0.079614 3.050607 0.055085
0.020480 0.958158 -0.111803 2.890461 0.054181
0.020520 0.960600 -0.150881 2.690766 0.053754
0.020560 0.972000 -0.187240 2.486104 0.053911
0.020600 0.988998 -0.212576 2.314794 0.054673
0.020640 1.003626 -0.223400 2.214032 0.055945
0.020680 1.008581 -0.220718 2.209327 0.057489
0.020720 1.002973 -0.204980 2.304160 0.058976
0.020760 0.992800 -0.174694 2.479156 0.060114
0.020800 0.985705 -0.130802 2.701993 0.060755
0.020840 0.985205 -0.079064 2.937720 0.060865
0.020880 0.989256 -0.027891 3.155358 0.060393
0.020920 0.994399 0.016426 3.340083 0.059381
0.020960 0.998973 0.050174 3.483780 0.058085
0.021000 1.001279 0.070759 3.571385 0.056634
0.021040 0.999727 0.077604 3.591739 0.055128
0.021080 0.994314 0.070927 3.543591 0.053729
0.021120 0.986993 0.051341 3.435667 0.052586
0.021160 0.980642 0.021007 3.284838 0.051787
0.021200 0.977627 -0.015721 3.110695 0.051400
0.021240 0.979255 -0.053391 2.930638 0.051500
0.021280 0.985471 -0.085922 2.764808 0.052110
0.021320 0.994150 -0.108346 2.636520 0.053192
0.021360 1.001700 -0.118354 2.565754 0.054631
0.021400 1.005124 -0.115454 2.565180 0.056245
0.021440 1.003805 -0.099367 2.637164 0.057821
0.021480 0.999518 -0.069620 2.773584 0.059149
0.021520 0.994796 -0.027001 2.958242 0.060117
0.021560 0.991303 0.024328 3.171446 0.060710
0.021600 0.990161 0.077890 3.399227 0.060761
0.021640 0.993321 0.126642 3.624161 0.060202
0.021680 1.000602 0.164213 3.817663 0.059137
0.021720 1.007415 0.187603 3.949434 0.057691
0.021760 1.007690 0.197166 3.995441 0.056064
0.021800 0.998967 0.193534 3.947701 0.054537
0.021840 0.984801 0.175990 3.818940 0.053367
0.021880 0.972089 0.145542 3.637574 0.052707
0.021920 0.966101 0.107561 3.438083 0.052605
0.021960 0.967494 0.070548 3.254921 0.053035
0.022000 0.972816 0.042765 3.117365 0.053922
0.022040 0.977786 0.028885 3.042549 0.055162
0.022080 0.979573 0.030312 3.037369 0.056575
0.022120 0.977061 0.047543 3.104954 0.057949
0.022160 0.971255 0.080365 3.244551 0.059112
0.022200 0.966256 0.125344 3.443900 0.059970
0.022240 0.967669 0.174657 3.676759 0.060362
0.022280 0.977955 0.218649 3.908859 0.060139
0.022320 0.993007 0.249696 4.100842 0.059306
0.022360 1.002786 0.266016 4.212266 0.058046
0.022400 0.998604 0.270034 4.217471 0.056681
0.022440 0.980443 0.261376 4.117743 0.055564
0.022480 0.957196 0.237495 3.940953 0.054943
0.022520 0.939642 0.201542 3.731508 0.054913
0.022560 0.932512 0.163379 3.534809 0.055456
0.022600 0.933182 0.133809 3.387953 0.056461
0.022640 0.935557 0.120262 3.316788 0.057761
0.022680 0.935040 0.125942 3.334201 0.059159
0.022720 0.931673 0.150857 3.440611 0.060438
0.022760 0.930442 0.191595 3.623679 0.061375
0.022800 0.938387 0.239736 3.856632 0.061795
0.022840 0.958118 0.282788 4.097420 0.061647
0.022880 0.981660 0.310917 4.292671 0.060979
0.022920 0.994345 0.324120 4.395407 0.059949
0.022960 0.986421 0.326753 4.382635 0.058873
0.023000 0.959491 0.317092 4.260368 0.058086
0.023040 0.925514 0.290367 4.060995 0.057770
0.023080 0.898850 0.250246 3.836071 0.057921
0.023120 0.885584 0.210250 3.641484 0.058447
0.023160 0.881747 0.184217 3.520383 0.059224
0.023200 0.880470 0.180207 3.497642 0.060114
0.023240 0.879509 0.200193 3.579633 0.060970
0.023280 0.883686 0.240283 3.753771 0.061653
0.023320 0.900416 0.289608 3.987389 0.062049
0.023360 0.930001 0.332802 4.228993 0.062068
0.023400 0.960696 0.359938 4.421857 0.061678
0.023440 0.976525 0.372540 4.522906 0.060997
0.023480 0.967880 0.375589 4.511948 0.060287
0.023520 0.936074 0.367193 4.394258 0.059812
0.023560 0.892605 0.341456 4.198255 0.059699
0.023600 0.853449 0.299884 3.970407 0.059901
0.023640 0.828833 0.255521 3.766604 0.060275
0.023680 0.817804 0.224548 3.634884 0.060698
0.023720 0.814204 0.217493 3.603858 0.061114
0.023760 0.815608 0.237171 3.680811 0.061509
0.023800 0.826302 0.278727 3.851470 0.061870
0.023840 0.851826 0.329733 4.080512 0.062150
0.023880 0.889489 0.374326 4.316110 0.062276
0.023920 0.926088 0.403106 4.506017 0.062209
0.023960 0.946058 0.417291 4.611761 0.062006
0.024000 0.939673 0.421518 4.613719 0.061810
0.024040 0.906720 0.414630 4.513410 0.061759
0.024080 0.856472 0.390539 4.331852 0.061879
0.024120 0.804147 0.347650 4.105011 0.062045
0.024160 0.763695 0.295025 3.879233 0.062060
0.024200 0.740196 0.248764 3.702012 0.061831
0.024240 0.729696 0.222599 3.607600 0.061404
0.024280 0.727134 0.223419 3.612398 0.060896
0.024320 0.732251 0.250894 3.714161 0.060441
0.024360 0.749085 0.297844 3.892503 0.060162
0.024400 0.779741 0.351402 4.110712 0.060147
0.024440 0.818389 0.397793 4.323058 0.060396
0.024480 0.852956 0.429555 4.489890 0.060832
0.024520 0.870891 0.446489 4.583111 0.061404
0.024560 0.864210 0.450537 4.587423 0.062095
0.024600 0.831965 0.440392 4.501743 0.062862
0.024640 0.780848 0.411398 4.338034 0.063597
0.024680 0.722749 0.360719 4.117192 0.064100
0.024720 0.671406 0.292493 3.867598 0.064141
0.024760 0.637122 0.220074 3.628603 0.063584
0.024800 0.620253 0.160661 3.443198 0.062515
0.024840 0.614009 0.127351 3.344531 0.061121
0.024880 0.612399 0.125639 3.346646 0.059646
0.024920 0.614702 0.154066 3.444385 0.058377
0.024960 0.624536 0.205058 3.615073 0.057558
0.025000 0.644366 0.265387 3.819570 0.057394
0.025040 0.670247 0.320393 4.012801 0.057961
0.025080 0.693491 0.360838 4.161831 0.059133
0.025120 0.705111 0.383038 4.246522 0.060758
0.025160 0.698973 0.385479 4.255202 0.062713
0.025200 0.673792 0.366056 4.183571 0.064844
0.025240 0.634038 0.321576 4.033901 0.066955
0.025280 0.589376 0.249520 3.811931 0.068746
0.025320 0.553043 0.153179 3.531253 0.069782
0.025360 0.535965 0.047517 3.229632 0.069813
0.025400 0.538758 -0.051644 2.948679 0.068886
0.025440 0.554507 -0.131120 2.725357 0.067035
0.025480 0.572001 -0.180829 2.587709 0.064606
0.025520 0.581494 -0.197034 2.548474 0.062071
0.025560 0.579791 -0.181339 2.605819 0.059817
0.025600 0.570746 -0.139007 2.744435 0.058173
0.025640 0.561912 -0.080212 2.932736 0.057376
0.025680 0.558595 -0.018267 3.130299 0.057469
0.025720 0.560556 0.034070 3.299053 0.058413
0.025760 0.563191 0.065206 3.403815 0.060118
0.025800 0.561752 0.066352 3.418161 0.062303
0.025840 0.556025 0.033557 3.330843 0.064539
0.025880 0.552039 -0.030904 3.148886 0.066378
0.025920 0.559271 -0.117969 2.898267 0.067551
0.025960 0.585674 -0.214893 2.613325 0.067886
0.026000 0.631312 -0.303988 2.338213 0.067298
0.026040 0.685310 -0.371054 2.109064 0.066061
0.026080 0.733505 -0.412312 1.945510 0.064525
0.026120 0.764953 -0.430355 1.859586 0.062909
0.026160 0.774289 -0.429287 1.856419 0.061395
0.026200 0.762093 -0.411190 1.933674 0.060121
0.026240 0.734423 -0.376207 2.080434 0.059190
0.026280 0.701170 -0.325797 2.276648 0.058703
0.026320 0.673075 -0.267035 2.490126 0.058765
0.026360 0.656585 -0.213095 2.678290 0.059363
0.026400 0.650902 -0.178044 2.799943 0.060328
0.026440 0.651941 -0.171425 2.827219 0.061467
0.026480 0.658883 -0.195881 2.751525 0.062583
0.026520 0.676526 -0.246381 2.585359 0.063481
0.026560 0.711277 -0.310744 2.358685 0.063981
0.026600 0.763154 -0.372361 2.112887 0.063991
0.026640 0.822055 -0.417365 1.890665 0.063636
0.026680 0.873295 -0.441246 1.726232 0.063157
0.026720 0.903673 -0.447620 1.645553 0.062722
0.026760 0.906523 -0.441832 1.662335 0.062385
0.026800 0.883598 -0.424368 1.774236 0.062119
0.026840 0.844719 -0.391692 1.962001 0.061889
0.026880 0.804550 -0.343969 2.191073 0.061716
0.026920 0.775669 -0.290694 2.414572 0.061665
0.026960 0.761910 -0.247211 2.583810 0.061750
0.027000 0.759135 -0.225973 2.664140 0.061922
0.027040 0.763441 -0.232489 2.639803 0.062094
0.027080 0.776757 -0.264720 2.514996 0.062168
0.027120 0.804964 -0.312875 2.313933 0.062099
0.027160 0.849569 -0.360783 2.079948 0.061940
0.027200 0.901132 -0.393626 1.865936 0.061855
0.027240 0.943346 -0.407293 1.718332 0.061996
0.027280 0.962466 -0.407306 1.669184 0.062368
0.027320 0.953641 -0.398354 1.731083 0.062819
0.027360 0.922753 -0.377211 1.893218 0.063131
0.027400 0.884486 -0.339083 2.122464 0.063162
0.027440 0.854827 -0.288771 2.367984 0.062905
0.027480 0.840702 -0.241285 2.572999 0.062443
0.027520 0.837714 -0.211638 2.693379 0.061868
0.027560 0.839250 -0.207663 2.706340 0.061247
0.027600 0.844922 -0.229499 2.610993 0.060641
0.027640 0.860808 -0.269807 2.428089 0.060127
0.027680 0.891915 -0.314035 2.199441 0.059821
0.027720 0.933102 -0.346267 1.981797 0.059867
0.027760 0.969283 -0.360140 1.829279 0.060344
0.027800 0.985912 -0.360307 1.779410 0.061160
0.027840 0.977715 -0.351203 1.846556 0.062043
0.027880 0.951195 -0.329185 2.017958 0.062673
0.027920 0.921748 -0.290143 2.254842 0.062861
0.027960 0.903385 -0.240843 2.500999 0.062593
0.028000 0.898426 -0.196166 2.701814 0.061929
0.028040 0.899858 -0.168409 2.819874 0.060985
0.028080 0.900977 -0.163146 2.837102 0.059929
0.028120 0.901425 -0.180454 2.753219 0.058948
0.028160 0.907026 -0.215346 2.585127 0.058217
0.028200 0.924447 -0.256995 2.366591 0.057887
0.028240 0.953499 -0.291131 2.147118 0.058054
0.028280 0.983519 -0.308598 1.982483 0.058751
0.028320 1.000193 -0.311079 1.916635 0.059874
0.028360 0.996557 -0.302857 1.969011 0.061116
0.028400 0.977590 -0.281625 2.128980 0.062104
0.028440 0.956890 -0.244186 2.357671 0.062579
0.028480 0.945737 -0.196211 2.603178 0.062423
0.028520 0.945360 -0.149320 2.820511 0.061634
0.028560 0.949989 -0.113674 2.977529 0.060374
0.028600 0.953219 -0.094838 3.055159 0.058885
0.028640 0.952018 -0.094641 3.046047 0.057381
0.028680 0.947788 -0.112429 2.953644 0.056039
0.028720 0.945601 -0.144574 2.792976 0.055037
0.028760 0.951257 -0.183441 2.591025 0.054542
0.028800 0.966650 -0.218811 2.384189 0.054659
0.028840 0.987098 -0.241917 2.214650 0.055395
0.028880 1.002810 -0.250094 2.123107 0.056631
0.028920 1.006013 -0.245388 2.134751 0.058097
0.028960 0.997200 -0.227868 2.249177 0.059439
0.029000 0.984421 -0.195563 2.441189 0.060346
0.029040 0.976422 -0.150360 2.673555 0.060669
0.029080 0.976540 -0.099451 2.909053 0.060435
0.029120 0.981959 -0.052293 3.113796 0.059730
0.029160 0.987635 -0.015754 3.266775 0.058570
0.029200 0.990906 0.008437 3.364725 0.057078
0.029240 0.991035 0.020448 3.407554 0.055477
0.029280 0.987961 0.020424 3.394328 0.053923
0.029320 0.982523 0.008775 3.327927 0.052531
0.029360 0.976491 -0.013559 3.215153 0.051428
0.029400 0.972224 -0.044779 3.064173 0.050762
0.029440 0.972292 -0.080875 2.887934 0.050626
0.029480 0.978183 -0.115167 2.709646 0.051036
0.029520 0.988405 -0.141312 2.557377 0.051955
0.029560 0.998781 -0.155570 2.457433 0.053289
0.029600 1.004779 -0.156979 2.429786 0.054883
0.029640 1.004560 -0.145519 2.481841 0.056527
0.029680 1.000040 -0.120802 2.606107 0.057995
0.029720 0.994978 -0.082987 2.784501 0.059087
0.029760 0.991946 -0.034575 2.994818 0.059667
0.029800 0.991422 0.018859 3.216461 0.059758
0.029840 0.993414 0.069896 3.433637 0.059379
0.029880 0.997949 0.112044 3.627499 0.058465
0.029920 1.003255 0.141657 3.775169 0.057112
0.029960 1.005547 0.157861 3.855755 0.055508
0.030000 1.001744 0.161076 3.856719 0.053872
0.030040 0.992292 0.151384 3.779994 0.052428
0.030080 0.981192 0.129110 3.642117 0.051354
0.030120 0.973242 0.096937 3.468423 0.050764
0.030160 0.971090 0.060582 3.287399 0.050712
0.030200 0.974121 0.027126 3.125732 0.051201
0.030240 0.979773 0.001829 3.000467 0.052171
0.030280 0.985489 -0.013017 2.920259 0.053488
0.030320 0.989291 -0.016410 2.891586 0.055006
0.030360 0.990045 -0.007847 2.918372 0.056602
0.030400 0.987526 0.012967 3.001113 0.058126
0.030440 0.982242 0.046382 3.140288 0.059364
0.030480 0.976391 0.091385 3.334283 0.060170
0.030520 0.974870 0.142046 3.565311 0.060524
0.030560 0.981383 0.188989 3.800898 0.060337
0.030600 0.993926 0.224207 4.004230 0.059558
0.030640 1.004466 0.244602 4.137289 0.058296
0.030680 1.004095 0.251794 4.170959 0.056838
0.030720 0.990438 0.246479 4.099259 0.055542
0.030760 0.969924 0.226498 3.942697 0.054699
0.030800 0.952684 0.193134 3.740154 0.054459
0.030840 0.944794 0.154256 3.534614 0.054838
0.030880 0.945612 0.120190 3.364014 0.055750
0.030920 0.949735 0.099339 3.257471 0.057036
0.030960 0.951661 0.096064 3.232365 0.058518
0.031000 0.949176 0.111509 3.294265 0.060015
0.031040 0.944541 0.144353 3.437834 0.061320
0.031080 0.943797 0.189774 3.646161 0.062193
0.031120 0.953217 0.238274 3.889197 0.062455
0.031160 0.973085 0.277988 4.123715 0.062084
0.031200 0.993457 0.301750 4.297694 0.061178
0.031240 1.000249 0.311737 4.368865 0.059968
0.031280 0.986656 0.311168 4.321737 0.058817
0.031320 0.957793 0.296508 4.171022 0.058051
0.031360 0.927408 0.264778 3.957133 0.057806
0.031400 0.907549 0.223408 3.735094 0.058061
0.031440 0.900154 0.186577 3.556578 0.058728
0.031480 0.899209 0.166027 3.458136 0.059666
0.031520 0.898306 0.167683 3.459379 0.060704
0.031560 0.896724 0.192213 3.562672 0.061661
0.031600 0.900417 0.234937 3.752604 0.062366
0.031640 0.916866 0.284460 3.994568 0.062697
0.031680 0.945518 0.325666 4.235800 0.062586
0.031720 0.973599 0.350091 4.419185 0.062027
0.031760 0.985186 0.360722 4.502910 0.061179
0.031800 0.972183 0.362031 4.470306 0.060350
0.031840 0.938114 0.350653 4.331782 0.059826
0.031880 0.896453 0.321146 4.121494 0.059725
0.031920 0.862920 0.277874 3.891339 0.059986
0.031960 0.844600 0.235896 3.698725 0.060469
0.032000 0.837656 0.210551 3.588350 0.061052
0.032040 0.835624 0.210372 3.584203 0.061657
0.032080 0.837697 0.236345 3.688698 0.062226
0.032120 0.849806 0.281858 3.882408 0.062699
0.032160 0.877356 0.332772 4.124370 0.062991
0.032200 0.915265 0.373412 4.358864 0.063013
0.032240 0.948399 0.397080 4.533450 0.062755
0.032280 0.961326 0.407610 4.612169 0.062334
0.032320 0.946603 0.409129 4.580609 0.061959
0.032360 0.907350 0.398087 4.447674 0.061795
0.032400 0.856080 0.368354 4.242330 0.061860
0.032440 0.809199 0.322040 4.008560 0.062017
0.032480 0.777876 0.272550 3.798687 0.062094
0.032520 0.762283 0.236501 3.658440 0.062018
0.032560 0.756643 0.224952 3.615286 0.061828
0.032600 0.757986 0.241282 3.676919 0.061620
0.032640 0.769326 0.281340 3.831123 0.061491
0.032680 0.795306 0.333899 4.046816 0.061502
0.032720 0.833917 0.383677 4.277322 0.061657
0.032760 0.873934 0.419598 4.474762 0.061895
0.032800 0.900740 0.439825 4.602406 0.062177
0.032840 0.903213 0.447756 4.638177 0.062528
0.032880 0.878031 0.443958 4.576406 0.062975
0.032920 0.830180 0.423757 4.427602 0.063479
0.032960 0.771742 0.382655 4.215250 0.063892
0.033000 0.717395 0.323163 3.971254 0.063978
0.033040 0.678748 0.257409 3.736421 0.063572
0.033080 0.657998 0.202157 3.553460 0.062728
0.033120 0.649387 0.170928 3.455527 0.061623
0.033160 0.647185 0.170430 3.459514 0.060447
0.033200 0.650915 0.199677 3.561491 0.059408
0.033240 0.664395 0.250554 3.737513 0.058701
0.033280 0.689713 0.309610 3.948362 0.058512
0.033320 0.722083 0.362902 4.150583 0.058898
0.033360 0.751368 0.401755 4.309354 0.059762
0.033400 0.767274 0.423659 4.402396 0.061000
0.033440 0.762818 0.428421 4.417077 0.062510
0.033480 0.736156 0.414468 4.349171 0.064159
0.033520 0.691338 0.377999 4.202058 0.065773
0.033560 0.638160 0.315787 3.986001 0.067143
0.033600 0.590410 0.229866 3.718170 0.067941
0.033640 0.560338 0.132214 3.430195 0.067832
0.033680 0.550357 0.040923 3.167038 0.066845
0.033720 0.553600 -0.030455 2.964745 0.065139
0.033760 0.560447 -0.071750 2.852217 0.062937
0.033800 0.563517 -0.079198 2.840790 0.060668
0.033840 0.561459 -0.055363 2.923448 0.058778
0.033880 0.558258 -0.007829 3.077657 0.057599
0.033920 0.559124 0.052396 3.269923 0.057265
0.033960 0.565860 0.112973 3.463411 0.057806
0.034000 0.574866 0.160834 3.618632 0.059221
0.034040 0.578933 0.184505 3.700335 0.061327
0.034080 0.572830 0.177259 3.688272 0.063810
0.034120 0.557724 0.136514 3.576987 0.066294
0.034160 0.541782 0.064491 3.375186 0.068320
0.034200 0.536238 -0.030231 3.107080 0.069484
0.034240 0.549366 -0.134969 2.808258 0.069710
0.034280 0.582849 -0.234616 2.519084 0.068938
0.034320 0.627839 -0.312686 2.280867 0.067327
0.034360 0.670768 -0.363334 2.112091 0.065309
0.034400 0.700774 -0.388324 2.019976 0.063212
0.034440 0.711900 -0.390942 2.008492 0.061243
0.034480 0.704046 -0.373634 2.075196 0.059563
0.034520 0.682341 -0.337754 2.210273 0.058298
0.034560 0.655467 -0.285998 2.395686 0.057581
0.034600 0.632735 -0.225845 2.602133 0.057560
0.034640 0.619853 -0.170908 2.786727 0.058219
0.034680 0.615809 -0.135547 2.906810 0.059372
0.034720 0.616605 -0.129002 2.934964 0.060789
0.034760 0.621523 -0.154333 2.861441 0.062197
0.034800 0.635407 -0.207759 2.695675 0.063340
0.034840 0.665463 -0.277850 2.466759 0.064026
0.034880 0.713596 -0.347800 2.216467 0.064125
0.034920 0.771464 -0.402650 1.986158 0.063723
0.034960 0.825444 -0.436063 1.807099 0.063044
0.035000 0.862808 -0.449713 1.702177 0.062300
0.035040 0.875317 -0.448431 1.686152 0.061618
0.035080 0.862165 -0.434526 1.761128 0.061046
0.035120 0.829985 -0.406311 1.914797 0.060598
0.035160 0.790826 -0.362860 2.121348 0.060310
0.035200 0.757511 -0.309862 2.343074 0.060259
0.035240 0.737645 -0.260324 2.534033 0.060470
0.035280 0.730448 -0.227965 2.654383 0.060872
0.035320 0.731588 -0.221323 2.680159 0.061352
0.035360 0.740144 -0.242176 2.605279 0.061777
0.035400 0.760500 -0.285083 2.442517 0.062029
0.035440 0.797537 -0.337495 2.222794 0.062045
0.035480 0.848304 -0.383026 1.992273 0.061893
0.035520 0.900026 -0.410632 1.798941 0.061763
0.035560 0.937024 -0.420125 1.681412 0.061798
0.035600 0.948481 -0.417581 1.664036 0.061997
0.035640 0.932784 -0.405496 1.752209 0.062231
0.035680 0.898131 -0.379712 1.929918 0.062344
0.035720 0.859557 -0.337600 2.161556 0.062255
0.035760 0.831517 -0.286617 2.396346 0.061991
0.035800 0.818665 -0.242305 2.580770 0.061626
0.035840 0.816177 -0.218221 2.675929 0.061217
0.035880 0.818884 -0.220572 2.663820 0.060783
0.035920 0.828022 -0.247872 2.548014 0.060343
0.035960 0.849700 -0.290921 2.353532 0.059943
0.036000 0.886513 -0.334082 2.125587 0.059700
0.036040 0.930139 -0.362930 1.920241 0.059758
0.036080 0.964813 -0.373884 1.786637 0.060187
0.036120 0.977689 -0.372385 1.756754 0.060888
0.036160 0.965564 -0.361616 1.840073 0.061607
0.036200 0.936409 -0.337234 2.020495 0.062068
0.036240 0.905781 -0.296290 2.258148 0.062123
0.036280 0.886887 -0.246911 2.497283 0.061784
0.036320 0.881300 -0.204357 2.684274 0.061136
0.036360 0.882001 -0.180566 2.783190 0.060289
0.036400 0.883225 -0.180472 2.778281 0.059382
0.036440 0.886021 -0.203070 2.672765 0.058565
0.036480 0.896915 -0.241453 2.488290 0.057983
0.036520 0.921054 -0.282641 2.264767 0.057762
0.036560 0.954422 -0.312334 2.056724 0.057999
0.036600 0.983502 -0.324754 1.917894 0.058722
0.036640 0.995142 -0.323925 1.884808 0.059782
0.036680 0.985674 -0.312774 1.968429 0.060858
0.036720 0.963115 -0.287477 2.150637 0.061615
0.036760 0.942062 -0.246509 2.387596 0.061864
0.036800 0.932217 -0.198270 2.625614 0.061541
0.036840 0.932481 -0.155362 2.820362 0.060676
0.036880 0.936053 -0.127076 2.942565 0.059428
0.036920 0.937276 -0.117588 2.977467 0.058019
0.036960 0.935115 -0.127447 2.923155 0.056670
0.037000 0.933389 -0.154205 2.789896 0.055579
0.037040 0.938237 -0.191394 2.600839 0.054923
0.037080 0.953413 -0.228749 2.390757 0.054826
0.037120 0.975948 -0.255771 2.203356 0.055329
0.037160 0.995959 -0.267602 2.084220 0.056362
0.037200 1.003456 -0.266123 2.065790 0.057709
0.037240 0.996288 -0.252637 2.155447 0.059030
0.037280 0.981631 -0.224822 2.332872 0.059983
0.037320 0.969904 -0.183109 2.559554 0.060353
0.037360 0.966712 -0.134051 2.795467 0.060097
0.037400 0.970831 -0.087173 3.005209 0.059340
0.037440 0.976931 -0.050998 3.160295 0.058245
0.037480 0.980383 -0.029848 3.245716 0.056903
0.037520 0.979622 -0.024251 3.259582 0.055462
0.037560 0.975306 -0.033732 3.204564 0.054139
0.037600 0.969667 -0.057458 3.085570 0.053129
0.037640 0.966503 -0.092198 2.915003 0.052557
0.037680 0.969795 -0.130772 2.718105 0.052499
0.037720 0.980472 -0.164390 2.528034 0.052995
0.037760 0.994668 -0.186492 2.379275 0.054020
0.037800 1.005680 -0.194680 2.302808 0.055461
0.037840 1.008446 -0.189508 2.317267 0.057093
0.037880 1.003400 -0.170879 2.421595 0.058637
0.037920 0.995804 -0.137963 2.596427 0.059860
0.037960 0.991095 -0.092437 2.813080 0.060617
0.038000 0.990896 -0.039643 3.042015 0.060788
0.038040 0.993598 0.013386 3.262040 0.060372
0.038080 0.997950 0.059794 3.459771 0.059547
0.038120 1.002684 0.094276 3.616263 0.058337
0.038160 1.005393 0.115133 3.713140 0.056816
0.038200 1.003710 0.122672 3.738874 0.055177
0.038240 0.997255 0.117280 3.691816 0.053641
0.038280 0.988362 0.099197 3.581426 0.052406
0.038320 0.980758 0.069915 3.425790 0.051613
0.038360 0.977339 0.033468 3.247982 0.051334
0.038400 0.978803 -0.004099 3.070304 0.051568
0.038440 0.984165 -0.037132 2.910134 0.052247
0.038480 0.991385 -0.060899 2.785548 0.053286
0.038520 0.997698 -0.072360 2.714884 0.054609
0.038560 1.000706 -0.070448 2.710091 0.056094
0.038600 0.999682 -0.054870 2.773534 0.057585
0.038640 0.995731 -0.025846 2.897347 0.058964
0.038680 0.990587 0.014749 3.067093 0.060124
0.038720 0.985717 0.063799 3.273406 0.060813
0.038760 0.984161 0.116245 3.506343 0.060914
0.038800 0.989225 0.163721 3.738497 0.060476
0.038840 0.999352 0.199027 3.934886 0.059517
0.038880 1.007653 0.219575 4.061090 0.058130
0.038920 1.006656 0.226612 4.091464 0.056572
0.038960 0.994549 0.220637 4.021079 0.055180
0.039000 0.977036 0.200143 3.868999 0.054236
0.039040 0.962768 0.166718 3.670331 0.053886
0.039080 0.957121 0.127403 3.464221 0.054142
0.039120 0.959493 0.091914 3.287130 0.054923
0.039160 0.964928 0.068590 3.168770 0.056081
0.039200 0.968183 0.062034 3.127627 0.057458
0.039240 0.966648 0.073646 3.170710 0.058899
0.039280 0.961261 0.102675 3.294940 0.060252
0.039320 0.956580 0.145504 3.486307 0.061326
0.039360 0.958843 0.194636 3.719848 0.061875
0.039400 0.971386 0.239684 3.960730 0.061755
0.039440 0.989933 0.271505 4.165039 0.061001
0.039480 1.002630 0.287922 4.286482 0.059799
0.039520 0.998970 0.292413 4.296000 0.058472
0.039560 0.978401 0.284734 4.193862 0.057390
0.039600 0.950806 0.261008 4.008938 0.056803
0.039640 0.929072 0.223750 3.789624 0.056781
0.039680 0.919163 0.184148 3.587255 0.057293
0.039720 0.918116 0.154537 3.442721 0.058223
0.039760 0.919089 0.143042 3.382977 0.059401
0.039800 0.917652 0.152847 3.420100 0.060623
0.039840 0.915294 0.183154 3.551226 0.061673
0.039880 0.918821 0.228359 3.757758 0.062361
0.039920 0.934900 0.276827 4.003706 0.062568
0.039960 0.961415 0.314693 4.236639 0.062270
0.040000 0.984893 0.335811 4.401094 0.061513
