 sig=    1.000000000000000      inputfile=
 /home/rjrj524/Finished/vmec_gc_tracer/revised_251128/nc/wout_pwO_nfp2_A6.nc                                                                                                                             
 dt=   2.0000000000000000E-008
 steps=      2000000
 x0=   5.0000000000000003E-002   -1.630000000000000      
   -3.140000000000000     
 u=    6030.000000000000     
 v_perp=    40200.00000000000     
 
time(s)         x0(1)       x0(2)        x0(3)      r
0.000040 0.819580 0.165174 3.437596 0.050336
0.000080 0.834095 0.253454 3.799708 0.050607
0.000120 0.881642 0.332900 4.182234 0.050771
0.000160 0.949988 0.382046 4.530679 0.050706
0.000200 1.014643 0.397572 4.801713 0.050345
0.000240 1.054599 0.395781 4.963712 0.049725
0.000280 1.060193 0.397062 4.997880 0.049008
0.000320 1.029762 0.405705 4.901648 0.048411
0.000360 0.967497 0.405755 4.687729 0.048094
0.000400 0.888304 0.375980 4.381374 0.048064
0.000440 0.815989 0.309042 4.016146 0.048195
0.000480 0.772599 0.217884 3.637858 0.048295
0.000520 0.763782 0.127235 3.298474 0.048247
0.000560 0.776445 0.058825 3.043762 0.048117
0.000600 0.790838 0.022391 2.902692 0.048001
0.000640 0.794235 0.018174 2.885199 0.047909
0.000680 0.784585 0.045555 2.991873 0.047824
0.000720 0.770506 0.104722 3.215602 0.047733
0.000760 0.769678 0.189973 3.533986 0.047682
0.000800 0.798634 0.283833 3.905704 0.047750
0.000840 0.858483 0.362648 4.280581 0.047898
0.000880 0.932215 0.409492 4.610053 0.047993
0.000920 0.996691 0.425296 4.859162 0.047959
0.000960 1.034467 0.426038 5.003389 0.047778
0.001000 1.038052 0.428510 5.029183 0.047551
0.001040 1.006199 0.435293 4.935441 0.047439
0.001080 0.942546 0.432397 4.732468 0.047546
0.001120 0.859691 0.400772 4.439252 0.047805
0.001160 0.778954 0.331713 4.081970 0.048045
0.001200 0.723025 0.234079 3.697132 0.048042
0.001240 0.703154 0.130638 3.333316 0.047714
0.001280 0.710519 0.045523 3.040974 0.047105
0.001320 0.725305 -0.006392 2.859235 0.046337
0.001360 0.732254 -0.021936 2.804105 0.045540
0.001400 0.726551 -0.001792 2.878063 0.044768
0.001440 0.713548 0.053586 3.075647 0.044072
0.001480 0.708341 0.139499 3.376604 0.043563
0.001520 0.728772 0.240533 3.739458 0.043327
0.001560 0.780573 0.334367 4.114308 0.043399
0.001600 0.851569 0.402172 4.454905 0.043720
0.001640 0.921481 0.438517 4.728656 0.044156
0.001680 0.972508 0.451813 4.914271 0.044625
0.001720 0.994628 0.456116 4.999952 0.045088
0.001760 0.984384 0.459902 4.981350 0.045602
0.001800 0.941956 0.459844 4.860483 0.046239
0.001840 0.871968 0.442655 4.644238 0.046969
0.001880 0.787037 0.393663 4.344950 0.047648
0.001920 0.707197 0.307615 3.982534 0.048088
0.001960 0.654024 0.194330 3.586977 0.048072
0.002000 0.637650 0.077210 3.206847 0.047518
0.002040 0.648305 -0.020520 2.893194 0.046453
0.002080 0.666748 -0.084165 2.685282 0.045067
0.002120 0.678247 -0.110764 2.597195 0.043569
0.002160 0.676923 -0.101948 2.629510 0.042090
0.002200 0.664380 -0.058045 2.780525 0.040744
0.002240 0.649992 0.020059 3.042078 0.039665
0.002280 0.650003 0.123289 3.384142 0.039025
0.002320 0.677620 0.233726 3.760212 0.038896
0.002360 0.731543 0.330187 4.119450 0.039297
0.002400 0.796738 0.399194 4.425390 0.040081
0.002440 0.855323 0.439768 4.656863 0.041142
0.002480 0.893562 0.459460 4.800597 0.042394
0.002520 0.904398 0.467135 4.851236 0.043770
0.002560 0.885547 0.466025 4.807638 0.045253
0.002600 0.838019 0.451225 4.670465 0.046814
0.002640 0.768046 0.411878 4.443440 0.048352
0.002680 0.689649 0.338036 4.136268 0.049682
0.002720 0.622676 0.228622 3.763536 0.050605
0.002760 0.585973 0.095877 3.350186 0.050789
0.002800 0.585913 -0.037218 2.945271 0.050163
0.002840 0.612890 -0.150147 2.598409 0.048715
0.002880 0.649707 -0.230795 2.340323 0.046767
0.002920 0.681288 -0.278191 2.178460 0.044614
0.002960 0.698379 -0.296550 2.111883 0.042403
0.003000 0.697211 -0.289097 2.139601 0.040262
0.003040 0.679211 -0.255950 2.260459 0.038308
0.003080 0.650734 -0.194856 2.472812 0.036647
0.003120 0.623102 -0.105249 2.769584 0.035416
0.003160 0.610232 0.005257 3.125500 0.034846
0.003200 0.621315 0.120738 3.497026 0.034984
0.003240 0.653896 0.223017 3.836615 0.035790
0.003280 0.695204 0.299763 4.108926 0.037121
0.003320 0.731704 0.349690 4.302585 0.038843
0.003360 0.752814 0.375768 4.410824 0.040856
0.003400 0.752094 0.380670 4.428089 0.043055
0.003440 0.728385 0.363919 4.352787 0.045326
0.003480 0.686199 0.321285 4.187040 0.047534
0.003520 0.635615 0.247468 3.934678 0.049521
0.003560 0.590886 0.139827 3.597761 0.051096
0.003600 0.569577 0.006807 3.196164 0.051923
0.003640 0.583418 -0.133117 2.774248 0.051853
0.003680 0.631202 -0.258668 2.382351 0.050945
0.003720 0.697975 -0.352540 2.056266 0.049431
0.003760 0.765211 -0.411353 1.806924 0.047586
0.003800 0.816767 -0.440505 1.644203 0.045602
0.003840 0.843398 -0.449256 1.573107 0.043645
0.003880 0.842189 -0.443706 1.594814 0.041797
0.003920 0.814464 -0.423432 1.708624 0.040106
0.003960 0.766078 -0.382562 1.910564 0.038649
0.004000 0.708926 -0.314996 2.189875 0.037511
0.004040 0.658855 -0.220300 2.530684 0.036793
0.004080 0.630559 -0.108308 2.904471 0.036695
0.004120 0.629032 0.001711 3.262792 0.037236
0.004160 0.644936 0.091178 3.557058 0.038361
0.004200 0.662770 0.149505 3.754370 0.039920
0.004240 0.671437 0.175585 3.845637 0.041717
0.004280 0.666061 0.169946 3.828504 0.043620
0.004320 0.647877 0.131321 3.701780 0.045508
0.004360 0.624574 0.057294 3.465306 0.047201
0.004400 0.611213 -0.049730 3.130270 0.048429
0.004440 0.626265 -0.174675 2.736494 0.049009
0.004480 0.678324 -0.294610 2.335372 0.048896
0.004520 0.756867 -0.386672 1.973906 0.048247
0.004560 0.840492 -0.441657 1.678278 0.047315
0.004600 0.909732 -0.464508 1.465648 0.046277
0.004640 0.952439 -0.468528 1.345952 0.045286
0.004680 0.964271 -0.465649 1.323436 0.044395
0.004720 0.945050 -0.459332 1.399309 0.043579
0.004760 0.897743 -0.443050 1.571069 0.042818
0.004800 0.831000 -0.404742 1.830293 0.042163
0.004840 0.760882 -0.336131 2.159331 0.041703
0.004880 0.706913 -0.240675 2.530436 0.041564
0.004920 0.682860 -0.135288 2.900368 0.041813
0.004960 0.685783 -0.042208 3.218240 0.042410
0.005000 0.699139 0.021827 3.440119 0.043303
0.005040 0.707128 0.050323 3.541668 0.044341
0.005080 0.702753 0.042494 3.515672 0.045429
0.005120 0.688297 -0.002437 3.362387 0.046488
0.005160 0.675904 -0.083184 3.092464 0.047374
0.005200 0.685233 -0.188603 2.738503 0.047914
0.005240 0.730261 -0.296634 2.349859 0.048078
0.005280 0.806006 -0.382464 1.977355 0.047857
0.005320 0.891965 -0.431919 1.659127 0.047447
0.005360 0.966061 -0.447483 1.421187 0.047051
0.005400 1.012762 -0.444611 1.281808 0.046816
0.005440 1.025696 -0.439825 1.252841 0.046740
0.005480 1.004222 -0.438311 1.338082 0.046702
0.005520 0.951945 -0.430095 1.531318 0.046590
0.005560 0.880220 -0.398292 1.816241 0.046399
0.005600 0.808912 -0.333489 2.166953 0.046199
0.005640 0.759509 -0.242686 2.545366 0.046111
0.005680 0.742612 -0.146677 2.902072 0.046228
0.005720 0.750128 -0.067773 3.188633 0.046517
0.005760 0.763344 -0.019558 3.367812 0.046867
0.005800 0.767702 -0.004945 3.423373 0.047231
0.005840 0.759066 -0.024005 3.351449 0.047613
0.005880 0.744042 -0.077508 3.155893 0.048004
0.005920 0.739578 -0.161480 2.855029 0.048320
0.005960 0.764701 -0.259470 2.489276 0.048432
0.006000 0.824941 -0.346782 2.108466 0.048328
0.006040 0.905891 -0.402058 1.762138 0.048174
0.006080 0.983390 -0.420446 1.488122 0.048166
0.006120 1.036751 -0.415641 1.314635 0.048419
0.006160 1.055713 -0.408750 1.261493 0.048898
0.006200 1.038593 -0.409462 1.336041 0.049429
0.006240 0.988737 -0.407443 1.531247 0.049822
0.006280 0.918670 -0.382050 1.825471 0.049983
0.006320 0.850936 -0.321944 2.186228 0.049926
0.006360 0.808315 -0.235815 2.568316 0.049749
0.006400 0.798768 -0.146887 2.918196 0.049568
0.006440 0.811052 -0.076711 3.190761 0.049380
0.006480 0.826070 -0.035569 3.356470 0.049170
0.006520 0.830157 -0.024098 3.403026 0.048962
0.006560 0.819879 -0.041769 3.327671 0.048766
0.006600 0.802353 -0.089912 3.134736 0.048591
0.006640 0.794369 -0.166070 2.840396 0.048442
0.006680 0.814618 -0.255748 2.479889 0.048270
0.006720 0.869222 -0.334601 2.102007 0.048108
0.006760 0.944123 -0.380976 1.760283 0.048128
0.006800 1.014233 -0.391652 1.496722 0.048468
0.006840 1.058752 -0.383435 1.343124 0.049160
0.006880 1.068542 -0.378140 1.320045 0.050071
0.006920 1.042955 -0.381187 1.431876 0.050969
0.006960 0.988024 -0.376248 1.665481 0.051625
0.007000 0.921330 -0.341969 1.991630 0.051914
0.007040 0.868267 -0.273519 2.369450 0.051859
0.007080 0.846572 -0.187915 2.744889 0.051567
0.007120 0.853764 -0.109582 3.067301 0.051113
0.007160 0.873171 -0.054676 3.300395 0.050544
0.007200 0.887260 -0.026932 3.424782 0.049904
0.007240 0.886706 -0.024169 3.434131 0.049242
0.007280 0.871447 -0.046419 3.328059 0.048625
0.007320 0.850495 -0.096164 3.111873 0.048089
0.007360 0.841247 -0.170573 2.803536 0.047654
0.007400 0.860832 -0.254292 2.438727 0.047358
0.007440 0.912809 -0.323058 2.066617 0.047271
0.007480 0.981113 -0.357762 1.741821 0.047533
0.007520 1.040440 -0.360423 1.506660 0.048232
0.007560 1.072250 -0.351546 1.392536 0.049306
0.007600 1.069953 -0.349863 1.416263 0.050534
0.007640 1.035000 -0.352624 1.576111 0.051645
0.007680 0.978129 -0.338518 1.851080 0.052388
0.007720 0.921933 -0.290788 2.204785 0.052668
0.007760 0.889915 -0.215123 2.587136 0.052542
0.007800 0.888882 -0.134015 2.944010 0.052066
0.007840 0.907953 -0.067836 3.234781 0.051285
0.007880 0.929907 -0.025115 3.436059 0.050238
0.007920 0.942483 -0.004166 3.540496 0.049043
0.007960 0.940822 -0.001705 3.546108 0.047822
0.008000 0.925266 -0.017896 3.452854 0.046667
0.008040 0.901373 -0.056270 3.262830 0.045685
0.008080 0.881611 -0.118612 2.983552 0.044966
0.008120 0.882653 -0.196330 2.639158 0.044527
0.008160 0.914156 -0.269562 2.270241 0.044401
0.008200 0.969562 -0.316425 1.928687 0.044660
0.008240 1.027057 -0.329905 1.663626 0.045384
0.008280 1.065026 -0.324342 1.510778 0.046543
0.008320 1.072743 -0.320109 1.492258 0.047933
0.008360 1.049313 -0.321596 1.612036 0.049285
0.008400 1.002777 -0.312253 1.854593 0.050322
0.008440 0.952690 -0.273237 2.186893 0.050874
0.008480 0.921819 -0.204920 2.561128 0.050919
0.008520 0.919134 -0.125913 2.925995 0.050467
0.008560 0.937338 -0.055849 3.242813 0.049584
0.008600 0.961838 -0.005253 3.488423 0.048430
0.008640 0.980863 0.025147 3.652306 0.047112
0.008680 0.988820 0.038867 3.728310 0.045686
0.008720 0.983875 0.038276 3.712482 0.044256
0.008760 0.966813 0.022361 3.605713 0.042929
0.008800 0.941618 -0.012412 3.413362 0.041779
0.008840 0.917250 -0.068310 3.143787 0.040840
0.008880 0.907622 -0.140452 2.813676 0.040226
0.008920 0.923699 -0.213572 2.455218 0.040020
0.008960 0.964535 -0.267944 2.112012 0.040283
0.009000 1.014650 -0.291813 1.833029 0.041039
0.009040 1.053127 -0.292722 1.656923 0.042239
0.009080 1.066723 -0.288555 1.608118 0.043705
0.009120 1.052365 -0.287387 1.694426 0.045196
0.009160 1.015953 -0.278271 1.905341 0.046454
0.009200 0.973674 -0.243858 2.212572 0.047261
0.009240 0.945581 -0.181099 2.572561 0.047517
0.009280 0.941395 -0.103995 2.938685 0.047238
0.009320 0.956818 -0.030302 3.273711 0.046540
0.009360 0.979669 0.027878 3.554350 0.045446
0.009400 1.000977 0.067027 3.771274 0.043999
0.009440 1.015189 0.088381 3.908380 0.042403
0.009480 1.017778 0.095786 3.950618 0.040762
0.009520 1.007198 0.090851 3.893347 0.039167
0.009560 0.985886 0.070741 3.743318 0.037702
0.009600 0.959830 0.031596 3.516818 0.036466
0.009640 0.937098 -0.026870 3.230281 0.035620
0.009680 0.927693 -0.098583 2.897990 0.035197
0.009720 0.940190 -0.169255 2.548722 0.035191
0.009760 0.973278 -0.222302 2.221592 0.035645
0.009800 1.014138 -0.248246 1.960372 0.036574
0.009840 1.045393 -0.253092 1.800618 0.037891
0.009880 1.055651 -0.250719 1.763308 0.039422
0.009920 1.042505 -0.246440 1.854120 0.040963
0.009960 1.012140 -0.230836 2.062513 0.042297
0.010000 0.978980 -0.191049 2.361316 0.043233
0.010040 0.958604 -0.126546 2.709687 0.043693
0.010080 0.957147 -0.049078 3.067580 0.043663
0.010120 0.969796 0.026357 3.406000 0.043083
0.010160 0.990253 0.086839 3.708114 0.042108
0.010200 1.012968 0.125544 3.949150 0.040845
0.010240 1.029809 0.144969 4.103268 0.039337
0.010280 1.033661 0.151675 4.152526 0.037734
0.010320 1.022044 0.148461 4.091368 0.036182
0.010360 0.998268 0.130965 3.927480 0.034814
0.010400 0.970678 0.092822 3.680369 0.033752
0.010440 0.948954 0.033459 3.376877 0.033029
0.010480 0.940218 -0.038751 3.043908 0.032693
0.010520 0.949032 -0.109651 2.705238 0.032851
0.010560 0.974742 -0.165106 2.390546 0.033494
0.010600 1.008169 -0.196850 2.135463 0.034558
0.010640 1.035465 -0.207510 1.974022 0.035945
0.010680 1.046257 -0.207179 1.927361 0.037519
0.010720 1.037636 -0.200848 2.001865 0.039122
0.010760 1.014288 -0.182374 2.188968 0.040585
0.010800 0.987400 -0.142266 2.464164 0.041738
0.010840 0.968637 -0.079161 2.792723 0.042433
0.010880 0.962826 -0.001122 3.143796 0.042629
0.010920 0.969653 0.076611 3.493709 0.042384
0.010960 0.988835 0.138864 3.818772 0.041659
0.011000 1.015286 0.178126 4.088665 0.040479
0.011040 1.037631 0.196235 4.269727 0.039000
0.011080 1.045203 0.202449 4.338336 0.037391
0.011120 1.033734 0.202281 4.286620 0.035818
0.011160 1.006431 0.190467 4.121571 0.034435
0.011200 0.973726 0.157379 3.864874 0.033375
0.011240 0.949050 0.100993 3.550287 0.032743
0.011280 0.940973 0.029670 3.212115 0.032597
0.011320 0.950028 -0.042427 2.879073 0.032927
0.011360 0.972091 -0.101021 2.575608 0.033632
0.011400 1.000051 -0.138048 2.329562 0.034698
0.011440 1.023880 -0.154512 2.168054 0.036076
0.011480 1.035090 -0.157110 2.110673 0.037636
0.011520 1.030514 -0.150130 2.164767 0.039240
0.011560 1.012951 -0.130375 2.324142 0.040743
0.011600 0.989932 -0.091058 2.569962 0.041985
0.011640 0.969818 -0.029801 2.875882 0.042913
0.011680 0.958027 0.046231 3.216288 0.043457
0.011720 0.960195 0.123599 3.573576 0.043448
0.011760 0.980683 0.187456 3.919402 0.042942
0.011800 1.013239 0.226654 4.214293 0.041971
0.011840 1.042547 0.242156 4.418029 0.040615
0.011880 1.054670 0.246575 4.504154 0.039065
0.011920 1.043774 0.248702 4.462777 0.037532
0.011960 1.012530 0.242904 4.300014 0.036215
0.012000 0.972497 0.215646 4.037135 0.035284
0.012040 0.940701 0.161717 3.709956 0.034820
0.012080 0.929365 0.090826 3.361739 0.034809
0.012120 0.939308 0.019343 3.030678 0.035225
0.012160 0.962118 -0.038814 2.744018 0.036092
0.012200 0.988257 -0.077604 2.516237 0.037333
0.012240 1.009606 -0.097219 2.365963 0.038790
0.012280 1.020013 -0.101765 2.310049 0.040379
0.012320 1.017038 -0.094167 2.355111 0.042011
0.012360 1.002404 -0.072584 2.496203 0.043595
0.012400 0.980978 -0.032889 2.717539 0.045034
0.012440 0.958485 0.025895 3.001012 0.046131
0.012480 0.943323 0.099841 3.336786 0.046803
0.012520 0.947340 0.176865 3.702380 0.047054
0.012560 0.974834 0.239440 4.060893 0.046778
0.012600 1.016189 0.273962 4.366249 0.045952
0.012640 1.051755 0.283482 4.575321 0.044680
0.012680 1.065628 0.284936 4.660185 0.043182
0.012720 1.051992 0.288910 4.610581 0.041710
0.012760 1.013993 0.287382 4.434370 0.040503
0.012800 0.964887 0.262866 4.155861 0.039737
0.012840 0.925250 0.208276 3.813657 0.039467
0.012880 0.910092 0.135351 3.456206 0.039672
0.012920 0.920196 0.063477 3.126432 0.040287
0.012960 0.944652 0.007664 2.856077 0.041218
0.013000 0.969873 -0.027222 2.661686 0.042372
0.013040 0.987241 -0.043416 2.551651 0.043724
0.013080 0.992773 -0.044498 2.531839 0.045191
0.013120 0.985583 -0.031628 2.603496 0.046660
0.013160 0.967330 -0.002611 2.762422 0.048012
0.013200 0.942929 0.046139 3.002389 0.049182
0.013240 0.923270 0.114557 3.313765 0.050104
0.013280 0.922869 0.193233 3.675112 0.050609
0.013320 0.950123 0.263448 4.049764 0.050609
0.013360 0.998202 0.305966 4.387905 0.050094
0.013400 1.045402 0.317968 4.640587 0.049084
0.013440 1.071309 0.316855 4.773232 0.047736
0.013480 1.066767 0.320295 4.768474 0.046323
0.013520 1.031873 0.326203 4.628375 0.045114
0.013560 0.976279 0.315134 4.373363 0.044327
0.013600 0.920694 0.271490 4.037996 0.044012
0.013640 0.887371 0.200242 3.670244 0.044098
0.013680 0.884305 0.122464 3.322184 0.044519
0.013720 0.903160 0.058424 3.035026 0.045238
0.013760 0.927670 0.017731 2.834056 0.046234
0.013800 0.944932 -0.000827 2.727615 0.047411
0.013840 0.948844 -0.000953 2.718425 0.048663
0.013880 0.938428 0.016589 2.806807 0.049907
0.013920 0.917343 0.054697 2.990863 0.051037
0.013960 0.895950 0.116090 3.265178 0.051913
0.014000 0.890899 0.195089 3.611118 0.052471
0.014040 0.915386 0.273611 3.991941 0.052672
0.014080 0.967202 0.328335 4.356024 0.052469
0.014120 1.025373 0.348681 4.650587 0.051800
0.014160 1.065718 0.347495 4.836279 0.050723
0.014200 1.074889 0.347256 4.888368 0.049470
0.014240 1.049907 0.355592 4.801177 0.048319
0.014280 0.995477 0.357060 4.587978 0.047509
0.014320 0.927821 0.329578 4.277969 0.047147
0.014360 0.871915 0.266725 3.911299 0.047167
0.014400 0.846711 0.184409 3.541306 0.047433
0.014440 0.852142 0.107211 3.219143 0.047864
0.014480 0.872796 0.052619 2.983072 0.048415
0.014520 0.890487 0.025380 2.854044 0.049068
0.014560 0.894545 0.023065 2.838690 0.049787
0.014600 0.883169 0.044782 2.937533 0.050495
0.014640 0.863304 0.092875 3.146416 0.051125
0.014680 0.850855 0.166148 3.450329 0.051638
0.014720 0.863887 0.251630 3.817139 0.051983
0.014760 0.909518 0.326001 4.199716 0.052099
0.014800 0.974603 0.368541 4.542515 0.051880
0.014840 1.033830 0.378594 4.801015 0.051275
0.014880 1.066820 0.375273 4.942808 0.050379
0.014920 1.065174 0.378265 4.950478 0.049412
0.014960 1.028233 0.387473 4.824553 0.048618
0.015000 0.962814 0.383042 4.582402 0.048168
0.015040 0.887550 0.345163 4.254250 0.048069
0.015080 0.827757 0.272332 3.879798 0.048205
0.015120 0.801023 0.183437 3.511648 0.048404
0.015160 0.805078 0.103570 3.200534 0.048592
0.015200 0.822669 0.049674 2.984802 0.048808
0.015240 0.835634 0.026032 2.884099 0.049047
0.015280 0.834671 0.031286 2.904611 0.049300
0.015320 0.820951 0.065555 3.045095 0.049558
0.015360 0.806020 0.129273 3.295978 0.049798
0.015400 0.808697 0.215047 3.632254 0.050011
0.015440 0.843337 0.303418 4.011979 0.050208
0.015480 0.906708 0.370088 4.382291 0.050293
0.015520 0.977957 0.402020 4.694343 0.050154
0.015560 1.033186 0.406793 4.912870 0.049762
0.015600 1.057283 0.405000 5.013127 0.049196
0.015640 1.045486 0.410590 4.984807 0.048640
0.015680 0.998466 0.417601 4.832597 0.048286
0.015720 0.924537 0.405462 4.574644 0.048213
0.015760 0.842981 0.357688 4.238470 0.048330
0.015800 0.778301 0.275616 3.860440 0.048462
0.015840 0.747601 0.178651 3.489344 0.048420
0.015880 0.748565 0.091886 3.175559 0.048179
0.015920 0.763413 0.033577 2.961633 0.047857
0.015960 0.773946 0.009236 2.869084 0.047548
0.016000 0.771720 0.018196 2.903330 0.047256
0.016040 0.759090 0.060333 3.061908 0.046973
0.016080 0.748996 0.133976 3.331761 0.046721
0.016120 0.760529 0.227800 3.679665 0.046606
0.016160 0.804587 0.320358 4.058442 0.046677
0.016200 0.873677 0.389471 4.417684 0.046856
0.016240 0.946820 0.425277 4.716196 0.047014
0.016280 1.003029 0.435126 4.925627 0.047081
0.016320 1.029242 0.436198 5.027436 0.047054
0.016360 1.020957 0.440582 5.013529 0.047042
0.016400 0.978283 0.445075 4.886551 0.047184
0.016440 0.906804 0.433527 4.658159 0.047508
0.016480 0.821250 0.389302 4.346770 0.047886
0.016520 0.743557 0.308135 3.978331 0.048122
0.016560 0.694976 0.202703 3.590247 0.048005
0.016600 0.682507 0.097354 3.232580 0.047526
0.016640 0.693540 0.014947 2.955398 0.046716
0.016680 0.708184 -0.032248 2.793408 0.045730
0.016720 0.713325 -0.042419 2.758845 0.044711
0.016760 0.705990 -0.016317 2.852569 0.043735
0.016800 0.692751 0.045359 3.067799 0.042884
0.016840 0.689226 0.136588 3.381287 0.042303
0.016880 0.712374 0.240920 3.749607 0.042050
0.016920 0.765956 0.336045 4.122043 0.042164
0.016960 0.836488 0.404513 4.454481 0.042582
0.017000 0.904261 0.442351 4.717912 0.043178
0.017040 0.952761 0.457885 4.893776 0.043861
0.017080 0.972987 0.463713 4.972861 0.044584
0.017120 0.961840 0.466908 4.952226 0.045375
0.017160 0.919472 0.464133 4.833277 0.046272
0.017200 0.850190 0.443179 4.620801 0.047228
0.017240 0.766102 0.390316 4.325130 0.048091
0.017280 0.686739 0.300315 3.963989 0.048684
0.017320 0.633640 0.182300 3.564350 0.048766
0.017360 0.617552 0.059222 3.173495 0.048194
0.017400 0.629745 -0.045813 2.842819 0.047006
0.017440 0.651513 -0.117568 2.612584 0.045392
0.017480 0.667771 -0.153383 2.495009 0.043599
0.017520 0.671283 -0.155572 2.489763 0.041797
0.017560 0.661473 -0.125136 2.595530 0.040111
0.017600 0.644065 -0.061479 2.809762 0.038679
0.017640 0.631641 0.032708 3.119093 0.037687
0.017680 0.639861 0.144140 3.484404 0.037264
0.017720 0.675668 0.253357 3.856418 0.037470
0.017760 0.731080 0.341837 4.188744 0.038234
0.017800 0.790068 0.402170 4.456428 0.039368
0.017840 0.836786 0.436704 4.643476 0.040793
0.017880 0.860567 0.452777 4.740720 0.042417
0.017920 0.856674 0.455970 4.745184 0.044179
0.017960 0.824471 0.445476 4.656570 0.046043
0.018000 0.767649 0.413858 4.476588 0.047925
0.018040 0.696621 0.351295 4.211268 0.049650
0.018080 0.628639 0.253100 3.871582 0.051026
0.018120 0.582733 0.124669 3.471251 0.051757
0.018160 0.572233 -0.014821 3.050206 0.051648
0.018200 0.595578 -0.144006 2.659064 0.050648
0.018240 0.639102 -0.245598 2.339537 0.048954
0.018280 0.685440 -0.313334 2.107772 0.046903
0.018320 0.721492 -0.350684 1.964660 0.044670
0.018360 0.738723 -0.362652 1.912667 0.042407
0.018400 0.734033 -0.352365 1.952853 0.040241
0.018440 0.709881 -0.319487 2.082648 0.038286
0.018480 0.673636 -0.261296 2.296869 0.036650
0.018520 0.636428 -0.175486 2.590132 0.035436
0.018560 0.612417 -0.066929 2.943623 0.034806
0.018600 0.611829 0.049151 3.315455 0.034872
0.018640 0.633359 0.154828 3.658615 0.035654
0.018680 0.665548 0.236240 3.933914 0.037010
0.018720 0.694569 0.289190 4.123714 0.038751
0.018760 0.710471 0.315931 4.224248 0.040769
0.018800 0.707878 0.318492 4.233249 0.042954
0.018840 0.686314 0.296074 4.149560 0.045190
0.018880 0.650561 0.244930 3.973057 0.047343
0.018920 0.610621 0.160563 3.702940 0.049263
0.018960 0.582054 0.044335 3.347023 0.050661
0.019000 0.581782 -0.090851 2.937415 0.051211
0.019040 0.618197 -0.224491 2.523554 0.050934
0.019080 0.684106 -0.334065 2.153957 0.049915
0.019120 0.760761 -0.408098 1.851715 0.048479
0.019160 0.828688 -0.447961 1.630310 0.046833
0.019200 0.874224 -0.463351 1.498838 0.045162
0.019240 0.891337 -0.464514 1.460701 0.043572
0.019280 0.879132 -0.455778 1.516423 0.042094
0.019320 0.840172 -0.433693 1.664679 0.040756
0.019360 0.781973 -0.389761 1.899743 0.039632
0.019400 0.718587 -0.317327 2.208048 0.038807
0.019440 0.667628 -0.218254 2.568665 0.038394
0.019480 0.643156 -0.106737 2.944153 0.038549
0.019520 0.645368 -0.003690 3.283847 0.039245
0.019560 0.660722 0.073450 3.541521 0.040396
0.019600 0.673435 0.116522 3.689466 0.041830
0.019640 0.674648 0.125153 3.721154 0.043406
0.019680 0.662843 0.099044 3.635069 0.045005
0.019720 0.643571 0.036297 3.430954 0.046487
0.019760 0.630891 -0.061106 3.120187 0.047642
0.019800 0.644043 -0.179314 2.740487 0.048259
0.019840 0.693975 -0.295705 2.342387 0.048303
0.019880 0.772183 -0.386310 1.975487 0.047851
0.019920 0.857407 -0.440032 1.670340 0.047130
0.019960 0.929344 -0.460885 1.446764 0.046326
0.020000 0.974718 -0.462800 1.317063 0.045593
0.020040 0.988427 -0.459281 1.287784 0.044980
0.020080 0.969985 -0.454788 1.361240 0.044429
0.020120 0.922284 -0.442301 1.534191 0.043890
0.020160 0.854209 -0.408345 1.796559 0.043394
0.020200 0.782471 -0.343512 2.129004 0.043025
0.020240 0.727283 -0.251227 2.501434 0.042910
0.020280 0.702655 -0.148812 2.869513 0.043125
0.020320 0.705360 -0.058756 3.182912 0.043634
0.020360 0.718412 0.002116 3.397881 0.044371
0.020400 0.725743 0.027746 3.490963 0.045209
0.020440 0.720605 0.017467 3.455224 0.046082
0.020480 0.706175 -0.029417 3.291823 0.046932
0.020520 0.696091 -0.110904 3.013745 0.047630
0.020560 0.710366 -0.214182 2.656657 0.048038
0.020600 0.760719 -0.316002 2.270614 0.048111
0.020640 0.839082 -0.392391 1.905243 0.047885
0.020680 0.923710 -0.431564 1.598607 0.047580
0.020720 0.992551 -0.439207 1.377594 0.047381
0.020760 1.031307 -0.433189 1.261715 0.047392
0.020800 1.035015 -0.429423 1.262794 0.047547
0.020840 1.004062 -0.429025 1.382183 0.047691
0.020880 0.944115 -0.417558 1.609341 0.047710
0.020920 0.870243 -0.377707 1.922619 0.047608
0.020960 0.804856 -0.304563 2.290407 0.047453
0.021000 0.767617 -0.211354 2.667543 0.047377
0.021040 0.762201 -0.121400 3.003054 0.047446
0.021080 0.774695 -0.054583 3.252255 0.047594
0.021120 0.786350 -0.019447 3.387278 0.047744
0.021160 0.786120 -0.016502 3.398243 0.047899
0.021200 0.773622 -0.046026 3.284123 0.048074
0.021240 0.759238 -0.108484 3.052152 0.048268
0.021280 0.762099 -0.196733 2.726878 0.048390
0.021320 0.798174 -0.290970 2.352114 0.048345
0.021360 0.866318 -0.366007 1.978988 0.048201
0.021400 0.946966 -0.405005 1.655564 0.048158
0.021440 1.015588 -0.410640 1.417173 0.048364
0.021480 1.054714 -0.402133 1.290779 0.048863
0.021520 1.058070 -0.398535 1.292331 0.049529
0.021560 1.026067 -0.400999 1.423151 0.050153
0.021600 0.965688 -0.391770 1.668695 0.050555
0.021640 0.895160 -0.351595 2.000445 0.050673
0.021680 0.839346 -0.278069 2.379100 0.050553
0.021720 0.815325 -0.189066 2.751934 0.050316
0.021760 0.820401 -0.108907 3.068430 0.050029
0.021800 0.837457 -0.053755 3.291399 0.049697
0.021840 0.848923 -0.027708 3.401121 0.049352
0.021880 0.845967 -0.029548 3.390779 0.049014
0.021920 0.830080 -0.059804 3.260886 0.048693
0.021960 0.812996 -0.119581 3.020072 0.048402
0.022000 0.813837 -0.202205 2.692104 0.048150
0.022040 0.847407 -0.288304 2.318197 0.047932
0.022080 0.911380 -0.352700 1.951104 0.047852
0.022120 0.984932 -0.380611 1.641595 0.048075
0.022160 1.043246 -0.379061 1.427248 0.048682
0.022200 1.070610 -0.370193 1.336075 0.049608
0.022240 1.062583 -0.370003 1.381280 0.050645
0.022280 1.021544 -0.372059 1.558463 0.051538
0.022320 0.959308 -0.354210 1.845020 0.052082
0.022360 0.899149 -0.301700 2.204731 0.052222
0.022400 0.864510 -0.222168 2.588138 0.052033
0.022440 0.861883 -0.139131 2.940411 0.051608
0.022480 0.879436 -0.073316 3.219417 0.050998
0.022520 0.898718 -0.033423 3.399034 0.050246
0.022560 0.906615 -0.018131 3.469555 0.049405
0.022600 0.898853 -0.025356 3.428934 0.048571
0.022640 0.878932 -0.056958 3.278283 0.047839
0.022680 0.858703 -0.115229 3.025019 0.047248
0.022720 0.856404 -0.193722 2.692346 0.046815
0.022760 0.885513 -0.273473 2.320247 0.046585
0.022800 0.943111 -0.330311 1.961010 0.046647
0.022840 1.008380 -0.351667 1.666424 0.047123
0.022880 1.057256 -0.347571 1.474933 0.048051
0.022920 1.075679 -0.340476 1.413386 0.049284
0.022960 1.060460 -0.342018 1.491638 0.050567
0.023000 1.016237 -0.340454 1.700254 0.051619
0.023040 0.958892 -0.313497 2.011234 0.052230
0.023080 0.913286 -0.252792 2.382147 0.052370
0.023120 0.896741 -0.172996 2.758704 0.052093
0.023160 0.907275 -0.097010 3.093080 0.051434
0.023200 0.930304 -0.040191 3.353168 0.050437
0.023240 0.950574 -0.005760 3.524853 0.049220
0.023280 0.959535 0.009488 3.603264 0.047925
0.023320 0.954393 0.008107 3.586011 0.046634
0.023360 0.936312 -0.010941 3.473822 0.045414
0.023400 0.911222 -0.051331 3.270385 0.044358
0.023440 0.891436 -0.114380 2.983922 0.043586
0.023480 0.892667 -0.191159 2.637946 0.043141
0.023520 0.923367 -0.262145 2.272266 0.043056
0.023560 0.976468 -0.306616 1.937617 0.043389
0.023600 1.030588 -0.318943 1.682201 0.044198
0.023640 1.065107 -0.313872 1.540728 0.045425
0.023680 1.070122 -0.310395 1.533697 0.046859
0.023720 1.045376 -0.310908 1.663454 0.048234
0.023760 0.999903 -0.298439 1.913112 0.049279
0.023800 0.953696 -0.256035 2.248470 0.049830
0.023840 0.927759 -0.186373 2.621070 0.049848
0.023880 0.928619 -0.108018 2.982405 0.049348
0.023920 0.948254 -0.039221 3.296545 0.048440
0.023960 0.972547 0.010450 3.542094 0.047280
0.024000 0.991226 0.040754 3.709875 0.045881
0.024040 0.999561 0.055107 3.792600 0.044342
0.024080 0.995528 0.055950 3.784249 0.042794
0.024120 0.979646 0.042557 3.685516 0.041349
0.024160 0.955402 0.011542 3.503273 0.040122
0.024200 0.929878 -0.039933 3.245910 0.039161
0.024240 0.915071 -0.108952 2.926784 0.038488
0.024280 0.923043 -0.182807 2.573856 0.038202
0.024320 0.956074 -0.242914 2.226896 0.038382
0.024360 1.002730 -0.274975 1.933007 0.039064
0.024400 1.043210 -0.281350 1.733310 0.040204
0.024440 1.062328 -0.277962 1.654836 0.041646
0.024480 1.054851 -0.275854 1.709044 0.043168
0.024520 1.024476 -0.268616 1.889947 0.044527
0.024560 0.984584 -0.239800 2.174007 0.045494
0.024600 0.954340 -0.182581 2.521707 0.045933
0.024640 0.945690 -0.107416 2.887271 0.045849
0.024680 0.957130 -0.031225 3.232456 0.045321
0.024720 0.978107 0.032403 3.532515 0.044325
0.024760 1.000290 0.077223 3.776258 0.042971
0.024800 1.017583 0.102662 3.943291 0.041449
0.024840 1.024062 0.113114 4.014862 0.039843
0.024880 1.016792 0.111831 3.983044 0.038255
0.024920 0.997273 0.096732 3.851696 0.036789
0.024960 0.971283 0.062903 3.635987 0.035520
0.025000 0.946994 0.008925 3.358211 0.034544
0.025040 0.933104 -0.060289 3.036111 0.034032
0.025080 0.938092 -0.132758 2.691029 0.033986
0.025120 0.963967 -0.192534 2.357393 0.034387
0.025160 1.001764 -0.227638 2.076423 0.035240
0.025200 1.035422 -0.238905 1.886620 0.036491
0.025240 1.051752 -0.238352 1.812784 0.037997
0.025280 1.045872 -0.234485 1.864839 0.039572
0.025320 1.021246 -0.222282 2.037296 0.041017
0.025360 0.989532 -0.189252 2.308406 0.042140
0.025400 0.965915 -0.130965 2.641208 0.042827
0.025440 0.958941 -0.055623 2.996254 0.043016
0.025480 0.966633 0.022699 3.344083 0.042655
0.025520 0.984413 0.089199 3.665270 0.041887
0.025560 1.007821 0.134247 3.934378 0.040759
0.025600 1.028579 0.158131 4.123350 0.039313
0.025640 1.037731 0.167587 4.209362 0.037718
0.025680 1.030610 0.167983 4.182108 0.036129
0.025720 1.008786 0.156755 4.045416 0.034685
0.025760 0.979989 0.126433 3.816595 0.033528
0.025800 0.955125 0.073640 3.522734 0.032766
0.025840 0.942551 0.003926 3.193158 0.032393
0.025880 0.946118 -0.069379 2.854568 0.032438
0.025920 0.966141 -0.131206 2.533578 0.032948
0.025960 0.996597 -0.171551 2.261148 0.033912
0.026000 1.025490 -0.189403 2.070429 0.035228
0.026040 1.041492 -0.192540 1.986515 0.036766
0.026080 1.039453 -0.188040 2.020388 0.038382
0.026120 1.021431 -0.173530 2.168484 0.039921
0.026160 0.996042 -0.140309 2.411961 0.041214
0.026200 0.974371 -0.084018 2.720374 0.042091
0.026240 0.963201 -0.009318 3.063522 0.042519
0.026280 0.964319 0.070147 3.416740 0.042513
0.026320 0.979521 0.138482 3.757607 0.041987
0.026360 1.006167 0.185093 4.055708 0.040978
0.026400 1.033133 0.208105 4.274071 0.039611
0.026440 1.047468 0.216182 4.383566 0.038044
0.026480 1.042116 0.218356 4.371128 0.036457
0.026520 1.017822 0.212661 4.239062 0.035019
0.026560 0.983303 0.188412 4.004414 0.033884
0.026600 0.952900 0.139364 3.698831 0.033150
0.026640 0.938561 0.071493 3.360915 0.032876
0.026680 0.943274 -0.001574 3.024338 0.033104
0.026720 0.962464 -0.065332 2.714088 0.033801
0.026760 0.988995 -0.109849 2.452872 0.034815
0.026800 1.014011 -0.133089 2.267407 0.036119
0.026840 1.028974 -0.140031 2.178885 0.037630
0.026880 1.029366 -0.135909 2.197882 0.039226
0.026920 1.016049 -0.119972 2.322502 0.040771
0.026960 0.994647 -0.086432 2.538568 0.042131
0.027000 0.972855 -0.031476 2.822399 0.043249
0.027040 0.956768 0.040468 3.149776 0.043992
0.027080 0.953437 0.118556 3.505750 0.044201
0.027120 0.969919 0.187724 3.862853 0.043929
0.027160 1.002715 0.233925 4.181562 0.043163
0.027200 1.037006 0.253746 4.418702 0.041945
0.027240 1.056373 0.258759 4.542573 0.040454
0.027280 1.052169 0.261575 4.538100 0.038915
0.027320 1.024596 0.260719 4.406950 0.037545
0.027360 0.982929 0.242313 4.166705 0.036536
0.027400 0.944395 0.196236 3.849655 0.036004
0.027440 0.924841 0.128376 3.499686 0.035955
0.027480 0.928963 0.055150 3.158905 0.036330
0.027520 0.949717 -0.007368 2.861022 0.037073
0.027560 0.975719 -0.050941 2.624315 0.038200
0.027600 0.998305 -0.075199 2.460479 0.039620
0.027640 1.011342 -0.083400 2.384009 0.041198
0.027680 1.011780 -0.078682 2.403390 0.042839
0.027720 1.000190 -0.060563 2.516613 0.044457
0.027760 0.980058 -0.025761 2.711923 0.045932
0.027800 0.956452 0.028033 2.976242 0.047081
0.027840 0.938382 0.099178 3.301008 0.047886
0.027880 0.938884 0.177058 3.664640 0.048292
0.027920 0.964448 0.243868 4.031227 0.048169
0.027960 1.007536 0.283306 4.354125 0.047489
0.028000 1.048108 0.294932 4.587164 0.046328
0.028040 1.067967 0.295579 4.698632 0.044881
0.028080 1.059371 0.299449 4.674408 0.043411
0.028120 1.023721 0.301720 4.519091 0.042170
0.028160 0.972361 0.284064 4.254649 0.041356
0.028200 0.926033 0.235094 3.917352 0.041026
0.028240 0.903152 0.163426 3.556008 0.041155
0.028280 0.907715 0.089103 3.217348 0.041689
0.028320 0.930196 0.029429 2.936998 0.042576
0.028360 0.955926 -0.008772 2.734448 0.043698
0.028400 0.974278 -0.027125 2.618568 0.044966
0.028440 0.980350 -0.029222 2.594645 0.046324
0.028480 0.973034 -0.016346 2.663906 0.047690
0.028520 0.954156 0.013708 2.823172 0.048983
0.028560 0.929804 0.064418 3.066564 0.050131
0.028600 0.912415 0.135024 3.383565 0.050982
0.028640 0.916990 0.214541 3.749982 0.051409
0.028680 0.950506 0.282575 4.125418 0.051364
0.028720 1.002822 0.320365 4.457202 0.050830
0.028760 1.050339 0.328495 4.697972 0.049816
0.028800 1.073675 0.326552 4.815090 0.048493
0.028840 1.065135 0.331091 4.793432 0.047138
0.028880 1.025741 0.337123 4.637418 0.046021
0.028920 0.966383 0.323662 4.369584 0.045340
0.028960 0.908971 0.276244 4.025747 0.045118
0.029000 0.875808 0.202025 3.655000 0.045258
0.029040 0.873781 0.123370 3.310124 0.045682
0.029080 0.892946 0.060587 3.032605 0.046347
0.029120 0.916028 0.022562 2.847862 0.047245
0.029160 0.930134 0.007608 2.763959 0.048310
0.029200 0.929754 0.012405 2.782567 0.049436
0.029240 0.915209 0.037321 2.903437 0.050511
0.029280 0.893159 0.085779 3.124048 0.051412
0.029320 0.878304 0.157495 3.432939 0.052069
0.029360 0.887860 0.240275 3.800624 0.052450
0.029400 0.929079 0.311484 4.181740 0.052502
0.029440 0.989532 0.350919 4.520737 0.052149
0.029480 1.044022 0.358904 4.771561 0.051353
0.029520 1.072482 0.355571 4.901348 0.050247
0.029560 1.066959 0.359594 4.893600 0.049090
0.029600 1.027546 0.368168 4.750847 0.048140
0.029640 0.963048 0.359980 4.493434 0.047584
0.029680 0.894222 0.317180 4.154582 0.047438
0.029720 0.846109 0.242482 3.778744 0.047588
0.029760 0.831537 0.157641 3.420991 0.047893
0.029800 0.843600 0.086207 3.128551 0.048298
0.029840 0.863839 0.041303 2.934376 0.048772
0.029880 0.875923 0.024269 2.853817 0.049297
0.029920 0.872639 0.033015 2.891096 0.049845
0.029960 0.856377 0.068312 3.044428 0.050373
0.030000 0.839284 0.131320 3.304070 0.050849
0.030040 0.840077 0.214753 3.645180 0.051222
0.030080 0.872662 0.299069 4.026754 0.051456
0.030120 0.933382 0.359893 4.395021 0.051451
0.030160 1.000493 0.385579 4.699686 0.051113
0.030200 1.049760 0.386548 4.903918 0.050448
0.030240 1.067038 0.384889 4.982619 0.049603
0.030280 1.048433 0.392218 4.927362 0.048805
0.030320 0.996021 0.397947 4.746382 0.048264
0.030360 0.921467 0.379611 4.462825 0.048060
0.030400 0.847252 0.324270 4.109468 0.048120
0.030440 0.797530 0.239691 3.730266 0.048280
0.030480 0.782679 0.149384 3.378495 0.048382
0.030520 0.793254 0.076636 3.101313 0.048435
0.030560 0.809747 0.033720 2.931122 0.048509
0.030600 0.817016 0.021844 2.881106 0.048606
0.030640 0.810161 0.039954 2.953886 0.048714
0.030680 0.794887 0.088695 3.145040 0.048817
0.030720 0.786827 0.165650 3.438672 0.048907
0.030760 0.804598 0.257303 3.800041 0.049036
0.030800 0.855356 0.340584 4.181177 0.049191
0.030840 0.926610 0.394471 4.529580 0.049245
0.030880 0.994756 0.414747 4.804464 0.049113
0.030920 1.039276 0.415505 4.976601 0.048782
0.030960 1.050056 0.416238 5.027903 0.048355
0.031000 1.024834 0.423633 4.954276 0.048014
0.031040 0.966267 0.425384 4.764927 0.047905
0.031080 0.885970 0.400956 4.480010 0.048019
0.031120 0.805257 0.339146 4.127317 0.048212
0.031160 0.747653 0.247161 3.744755 0.048272
0.031200 0.725698 0.147286 3.381567 0.048066
0.031240 0.731923 0.063883 3.087595 0.047631
0.031280 0.746756 0.012408 2.902344 0.047096
0.031320 0.754160 -0.003805 2.842573 0.046558
0.031360 0.748702 0.014508 2.911218 0.046040
0.031400 0.735545 0.067131 3.103369 0.045555
0.031440 0.729941 0.150024 3.400172 0.045182
0.031480 0.750122 0.248168 3.761516 0.045024
0.031520 0.802274 0.339032 4.138180 0.045113
0.031560 0.874264 0.403080 4.482373 0.045360
0.031600 0.944876 0.434848 4.758841 0.045640
0.031640 0.995402 0.444057 4.944029 0.045880
0.031680 1.015471 0.446502 5.023845 0.046072
0.031720 1.001792 0.450990 4.993197 0.046311
0.031760 0.955020 0.452377 4.855619 0.046699
0.031800 0.881238 0.435051 4.621337 0.047216
0.031840 0.795237 0.384123 4.306624 0.047711
0.031880 0.718513 0.296679 3.935451 0.047984
0.031920 0.671849 0.185993 3.543678 0.047834
0.031960 0.661275 0.076735 3.182119 0.047260
0.032000 0.673606 -0.008847 2.900477 0.046285
0.032040 0.689236 -0.058781 2.732903 0.045098
0.032080 0.695435 -0.071447 2.690739 0.043864
0.032120 0.688931 -0.047819 2.774550 0.042679
0.032160 0.675108 0.011670 2.979238 0.041639
0.032200 0.668099 0.102139 3.284670 0.040904
0.032240 0.685000 0.208838 3.649765 0.040566
0.032280 0.732274 0.310311 4.024116 0.040655
0.032320 0.798976 0.387759 4.361767 0.041133
0.032360 0.866300 0.434979 4.633934 0.041868
0.032400 0.917465 0.457670 4.822156 0.042770
0.032440 0.942428 0.466938 4.917196 0.043767
0.032480 0.937316 0.470323 4.916185 0.044846
0.032520 0.901635 0.466618 4.819349 0.046021
0.032560 0.838482 0.446021 4.629241 0.047249
0.032600 0.757996 0.395515 4.353348 0.048389
0.032640 0.678153 0.308047 4.006226 0.049266
0.032680 0.620376 0.189219 3.608993 0.049634
0.032720 0.598864 0.059240 3.202630 0.049250
0.032760 0.609546 -0.058323 2.839323 0.048137
0.032800 0.635859 -0.146118 2.562948 0.046412
0.032840 0.661128 -0.199249 2.389561 0.044405
0.032880 0.674955 -0.219789 2.320835 0.042330
0.032920 0.673120 -0.210135 2.356142 0.040315
0.032960 0.657445 -0.170501 2.493915 0.038473
0.033000 0.635499 -0.100059 2.730067 0.036940
0.033040 0.619900 -0.001621 3.050852 0.035954
0.033080 0.624825 0.112166 3.419046 0.035631
0.033120 0.655535 0.222351 3.785438 0.035980
0.033160 0.703582 0.311715 4.105199 0.036935
0.033200 0.754308 0.373962 4.357012 0.038310
0.033240 0.793601 0.410890 4.528509 0.040012
0.033280 0.811364 0.427670 4.610838 0.041947
0.033320 0.803158 0.427889 4.600981 0.044033
0.033360 0.769131 0.409696 4.498672 0.046190
0.033400 0.714655 0.366212 4.306214 0.048284
0.033440 0.651915 0.290428 4.030665 0.050137
0.033480 0.597353 0.180324 3.678494 0.051537
0.033520 0.568677 0.045032 3.268712 0.052192
0.033560 0.575965 -0.095316 2.847373 0.051952
0.033600 0.615570 -0.220522 2.463411 0.050840
0.033640 0.672028 -0.314448 2.152733 0.049134
0.033680 0.728318 -0.374605 1.923392 0.047084
0.033720 0.770366 -0.405566 1.781214 0.044874
0.033760 0.789487 -0.414078 1.730929 0.042666
0.033800 0.783192 -0.404196 1.773293 0.040573
0.033840 0.753964 -0.374780 1.906364 0.038685
0.033880 0.709612 -0.321558 2.123474 0.037101
0.033920 0.662506 -0.241491 2.414419 0.035913
0.033960 0.626919 -0.136936 2.765184 0.035270
0.034000 0.614788 -0.021622 3.138135 0.035301
0.034040 0.626294 0.085506 3.484330 0.036014
0.034080 0.650012 0.168918 3.760723 0.037373
0.034120 0.672083 0.222590 3.945663 0.039126
0.034160 0.682447 0.246890 4.032586 0.041118
0.034200 0.676393 0.242896 4.019684 0.043239
0.034240 0.654828 0.209189 3.905824 0.045368
0.034280 0.624477 0.142491 3.690407 0.047370
0.034320 0.598225 0.041901 3.377638 0.048980
0.034360 0.593668 -0.083968 2.991322 0.049868
0.034400 0.624364 -0.215583 2.579322 0.049986
0.034440 0.688816 -0.329103 2.193237 0.049354
0.034480 0.769496 -0.408309 1.865880 0.048281
0.034520 0.845494 -0.451528 1.614829 0.046979
0.034560 0.900854 -0.467961 1.452207 0.045629
0.034600 0.927714 -0.470002 1.383350 0.044348
0.034640 0.924225 -0.464993 1.409705 0.043162
0.034680 0.891723 -0.451562 1.530770 0.042072
0.034720 0.835577 -0.420922 1.742573 0.041114
0.034760 0.767826 -0.363233 2.033695 0.040374
0.034800 0.706238 -0.276068 2.383914 0.039944
0.034840 0.668305 -0.169456 2.760854 0.039966
0.034880 0.660251 -0.064178 3.115010 0.040436
0.034920 0.671474 0.019912 3.397919 0.041328
0.034960 0.684760 0.070838 3.573309 0.042492
0.035000 0.688391 0.085884 3.627194 0.043787
0.035040 0.679207 0.064767 3.556614 0.045113
0.035080 0.662279 0.006304 3.362861 0.046361
0.035120 0.651989 -0.086629 3.060288 0.047338
0.035160 0.667852 -0.199924 2.686984 0.047867
0.035200 0.720379 -0.310311 2.293859 0.047931
0.035240 0.800085 -0.394114 1.930070 0.047570
0.035280 0.885387 -0.440866 1.627763 0.047000
0.035320 0.955755 -0.455734 1.408585 0.046410
0.035360 0.998062 -0.454080 1.286603 0.045944
0.035400 1.007426 -0.450019 1.270267 0.045611
0.035440 0.983692 -0.446764 1.361860 0.045316
0.035480 0.930668 -0.434647 1.555815 0.044986
0.035520 0.859342 -0.398568 1.838170 0.044649
0.035560 0.788590 -0.330363 2.185382 0.044385
0.035600 0.739009 -0.236892 2.562013 0.044327
0.035640 0.721410 -0.138157 2.920244 0.044540
0.035680 0.728255 -0.056348 3.210845 0.044985
0.035720 0.741137 -0.005689 3.394626 0.045559
0.035760 0.745610 0.010200 3.453877 0.046178
0.035800 0.737343 -0.008971 3.384253 0.046815
0.035840 0.722517 -0.063854 3.189357 0.047435
0.035880 0.717727 -0.150326 2.887634 0.047918
0.035920 0.742228 -0.251946 2.520344 0.048144
0.035960 0.802241 -0.344092 2.137773 0.048083
0.036000 0.884083 -0.405186 1.788148 0.047866
0.036040 0.964270 -0.429085 1.507661 0.047708
0.036080 1.022103 -0.427466 1.322782 0.047758
0.036120 1.046558 -0.420429 1.252526 0.048029
0.036160 1.035206 -0.419565 1.305511 0.048383
0.036200 0.990317 -0.418123 1.477603 0.048645
0.036240 0.921916 -0.397056 1.751289 0.048727
0.036280 0.850171 -0.342609 2.098217 0.048649
0.036320 0.798448 -0.258826 2.478541 0.048500
0.036360 0.779540 -0.166356 2.840458 0.048405
0.036400 0.786789 -0.088286 3.135722 0.048376
0.036440 0.801699 -0.038557 3.328600 0.048344
0.036480 0.808529 -0.019931 3.402624 0.048305
0.036520 0.801471 -0.031879 3.353235 0.048278
0.036560 0.785351 -0.075401 3.182951 0.048275
0.036600 0.775319 -0.149108 2.905094 0.048287
0.036640 0.790926 -0.240438 2.552737 0.048227
0.036680 0.841491 -0.326007 2.173318 0.048079
0.036720 0.916532 -0.382390 1.819651 0.048000
0.036760 0.992005 -0.401693 1.535106 0.048162
0.036800 1.045491 -0.396473 1.351975 0.048647
0.036840 1.065208 -0.389013 1.293224 0.049387
0.036880 1.048974 -0.390322 1.367402 0.050182
0.036920 1.000363 -0.389598 1.566806 0.050810
0.036960 0.932906 -0.364948 1.867311 0.051130
0.037000 0.870394 -0.305225 2.233130 0.051133
0.037040 0.835118 -0.220964 2.615186 0.050912
0.037080 0.832094 -0.136298 2.959388 0.050571
0.037120 0.848152 -0.071417 3.223644 0.050143
0.037160 0.864437 -0.034452 3.381865 0.049672
0.037200 0.868245 -0.024681 3.423417 0.049189
0.037240 0.856751 -0.041296 3.346153 0.048725
0.037280 0.837008 -0.086196 3.154322 0.048298
0.037320 0.825336 -0.157968 2.863271 0.047928
0.037360 0.840319 -0.243513 2.505957 0.047639
0.037400 0.889034 -0.319241 2.129692 0.047480
0.037440 0.958746 -0.363214 1.789395 0.047597
0.037480 1.024455 -0.372255 1.529334 0.048109
0.037520 1.065228 -0.363798 1.382662 0.049010
0.037560 1.072018 -0.359394 1.370048 0.050125
0.037600 1.044522 -0.362693 1.494652 0.051199
0.037640 0.990184 -0.355634 1.740859 0.051978
0.037680 0.928466 -0.317664 2.076648 0.052328
0.037720 0.884747 -0.247257 2.457116 0.052281
0.037760 0.872731 -0.163966 2.826718 0.051923
0.037800 0.886153 -0.090899 3.138834 0.051309
0.037840 0.907829 -0.041168 3.362293 0.050476
0.037880 0.922368 -0.015713 3.483988 0.049479
0.037920 0.922578 -0.011245 3.500959 0.048428
0.037960 0.908180 -0.027474 3.412953 0.047442
0.038000 0.885289 -0.067710 3.221926 0.046620
0.038040 0.867767 -0.132894 2.937694 0.046007
0.038080 0.873101 -0.212733 2.588212 0.045615
0.038120 0.910112 -0.285972 2.216587 0.045493
0.038160 0.970007 -0.330575 1.876609 0.045731
0.038200 1.029446 -0.341415 1.616038 0.046427
0.038240 1.067145 -0.334507 1.469640 0.047547
0.038280 1.073222 -0.330543 1.458695 0.048886
0.038320 1.047287 -0.332752 1.586159 0.050172
0.038360 0.997766 -0.323307 1.835440 0.051131
0.038400 0.944871 -0.283158 2.172832 0.051608
0.038440 0.912161 -0.213305 2.550156 0.051610
0.038480 0.908832 -0.133469 2.914528 0.051161
0.038520 0.926929 -0.063979 3.225818 0.050304
0.038560 0.951032 -0.015104 3.460535 0.049151
0.038600 0.968855 0.013061 3.609055 0.047861
0.038640 0.974555 0.024040 3.666055 0.046519
0.038680 0.966587 0.019641 3.629049 0.045196
0.038720 0.946616 -0.001873 3.499849 0.043961
0.038760 0.920684 -0.044140 3.283928 0.042878
0.038800 0.900889 -0.107794 2.990968 0.042069
0.038840 0.902048 -0.183615 2.644136 0.041620
0.038880 0.931533 -0.252608 2.282224 0.041573
0.038920 0.981994 -0.295290 1.954481 0.041979
0.038960 1.032744 -0.307120 1.708060 0.042866
0.039000 1.064165 -0.302805 1.576595 0.044153
0.039040 1.067055 -0.299839 1.579063 0.045625
0.039080 1.041713 -0.299031 1.716462 0.047021
0.039120 0.997952 -0.283512 1.970947 0.048080
0.039160 0.955723 -0.238266 2.307498 0.048636
0.039200 0.934046 -0.167686 2.677908 0.048638
0.039240 0.937624 -0.089810 3.036554 0.048124
0.039280 0.957939 -0.021759 3.349430 0.047238
0.039320 0.981623 0.027704 3.597449 0.046035
0.039360 1.000210 0.058417 3.772588 0.044541
0.039400 1.009143 0.073319 3.863264 0.042923
0.039440 1.005754 0.075146 3.860476 0.041299
0.039480 0.990316 0.063427 3.764641 0.039762
0.039520 0.966472 0.034768 3.585302 0.038422
0.039560 0.940770 -0.013673 3.334613 0.037410
0.039600 0.923128 -0.080127 3.023671 0.036740
0.039640 0.925337 -0.153815 2.676122 0.036437
0.039680 0.951720 -0.217472 2.328913 0.036579
0.039720 0.994069 -0.255882 2.026437 0.037219
0.039760 1.034460 -0.267628 1.810888 0.038320
0.039800 1.056898 -0.266024 1.711042 0.039742
0.039840 1.054526 -0.263301 1.740700 0.041280
0.039880 1.029381 -0.256551 1.897174 0.042710
0.039920 0.992662 -0.231082 2.160782 0.043803
0.039960 0.962052 -0.178148 2.495577 0.044407
0.040000 0.950487 -0.105138 2.857263 0.044513
