 sig=    1.000000000000000      inputfile=
 /home/rjrj524/Finished/vmec_gc_tracer/revised_251128/nc/wout_pwO_nfp2_A6.nc                                                                                                                             
 dt=   2.0000000000000000E-008
 steps=      2000000
 x0=   4.0000000000000001E-002    2.870000000000000      
   -3.140000000000000     
 u=   -8720.000000000000     
 v_perp=    31400.00000000000     
 
time(s)         x0(1)       x0(2)        x0(3)      r
0.000040 0.955173 -0.097920 2.800624 0.039963
0.000080 0.974461 -0.161268 2.463694 0.040273
0.000120 1.008909 -0.203455 2.157045 0.040907
0.000160 1.048009 -0.220383 1.908536 0.041844
0.000200 1.079337 -0.219525 1.740656 0.043015
0.000240 1.094891 -0.214473 1.667182 0.044315
0.000280 1.092060 -0.213968 1.693753 0.045656
0.000320 1.071869 -0.215327 1.818992 0.046963
0.000360 1.039685 -0.206298 2.033664 0.048124
0.000400 1.006194 -0.174797 2.318876 0.049023
0.000440 0.982732 -0.118829 2.647754 0.049596
0.000480 0.974300 -0.045531 2.994808 0.049807
0.000520 0.978708 0.033224 3.342183 0.049664
0.000560 0.994141 0.102361 3.677176 0.049231
0.000600 1.019886 0.151253 3.982093 0.048461
0.000640 1.050174 0.176829 4.234242 0.047397
0.000680 1.075405 0.184424 4.410893 0.046143
0.000720 1.087852 0.185271 4.497385 0.044807
0.000760 1.084164 0.187389 4.487829 0.043469
0.000800 1.064555 0.189342 4.383238 0.042193
0.000840 1.033093 0.181370 4.191551 0.041059
0.000880 0.998484 0.153034 3.928998 0.040157
0.000920 0.971120 0.101531 3.618796 0.039562
0.000960 0.957643 0.032483 3.283821 0.039300
0.001000 0.959240 -0.042452 2.942730 0.039335
0.001040 0.975686 -0.108992 2.611541 0.039666
0.001080 1.004892 -0.156451 2.309511 0.040328
0.001120 1.039356 -0.180698 2.059689 0.041283
0.001160 1.068791 -0.186243 1.884150 0.042452
0.001200 1.085405 -0.183938 1.797438 0.043746
0.001240 1.085988 -0.182246 1.806054 0.045088
0.001280 1.070947 -0.180685 1.909780 0.046416
0.001320 1.044387 -0.170125 2.101252 0.047644
0.001360 1.014587 -0.140039 2.364112 0.048664
0.001400 0.990599 -0.086771 2.675226 0.049374
0.001440 0.976962 -0.014709 3.013057 0.049766
0.001480 0.974280 0.064025 3.361316 0.049862
0.001520 0.985432 0.134717 3.707253 0.049589
0.001560 1.011707 0.186308 4.031032 0.048962
0.001600 1.046357 0.212737 4.305711 0.048015
0.001640 1.077339 0.218287 4.505270 0.046820
0.001680 1.094698 0.216244 4.612630 0.045501
0.001720 1.094037 0.217765 4.620163 0.044163
0.001760 1.074973 0.223243 4.527804 0.042882
0.001800 1.040996 0.222126 4.342685 0.041750
0.001840 1.001309 0.200925 4.080324 0.040875
0.001880 0.968747 0.154185 3.764815 0.040314
0.001920 0.952894 0.087958 3.424314 0.040078
0.001960 0.955697 0.013950 3.082625 0.040190
0.002000 0.972997 -0.054697 2.756260 0.040649
0.002040 1.000053 -0.106668 2.459451 0.041346
0.002080 1.031194 -0.136955 2.211913 0.042293
0.002120 1.058590 -0.148511 2.032828 0.043450
0.002160 1.075463 -0.149675 1.936571 0.044728
0.002200 1.078467 -0.147930 1.930375 0.046060
0.002240 1.067499 -0.144160 2.014915 0.047391
0.002280 1.045522 -0.131959 2.184227 0.048652
0.002320 1.018590 -0.102607 2.424732 0.049740
0.002360 0.993533 -0.051497 2.717524 0.050592
0.002400 0.974612 0.017889 3.042931 0.051219
0.002440 0.965742 0.094708 3.389415 0.051485
0.002480 0.974289 0.166373 3.743817 0.051407
0.002520 1.002313 0.220097 4.082359 0.050979
0.002560 1.042066 0.246847 4.375239 0.050174
0.002600 1.079121 0.249888 4.593986 0.049055
0.002640 1.101400 0.244328 4.718988 0.047766
0.002680 1.103688 0.244418 4.740796 0.046438
0.002720 1.085190 0.252526 4.658393 0.045162
0.002760 1.048667 0.257587 4.478373 0.044043
0.002800 1.003283 0.243301 4.216332 0.043211
0.002840 0.963913 0.201150 3.896521 0.042739
0.002880 0.943184 0.136678 3.549345 0.042622
0.002920 0.945037 0.063367 3.203326 0.042817
0.002960 0.964453 -0.004999 2.880943 0.043308
0.003000 0.992631 -0.058506 2.593876 0.044124
0.003040 1.022709 -0.092466 2.353699 0.045149
0.003080 1.048565 -0.108391 2.177649 0.046328
0.003120 1.064994 -0.112692 2.078986 0.047611
0.003160 1.069152 -0.111526 2.064785 0.048945
0.003200 1.060743 -0.106183 2.136136 0.050285
0.003240 1.041831 -0.092168 2.288181 0.051580
0.003280 1.016633 -0.062493 2.509664 0.052761
0.003320 0.989948 -0.013279 2.783788 0.053784
0.003360 0.966104 0.052604 3.096942 0.054507
0.003400 0.953733 0.127740 3.442430 0.054940
0.003440 0.962648 0.199989 3.802765 0.055051
0.003480 0.994697 0.254357 4.151802 0.054766
0.003520 1.040690 0.279531 4.457101 0.054070
0.003560 1.083545 0.278695 4.687968 0.053014
0.003600 1.109629 0.269156 4.822831 0.051748
0.003640 1.113571 0.267882 4.851128 0.050428
0.003680 1.094543 0.278461 4.771468 0.049158
0.003720 1.054710 0.288783 4.590285 0.048062
0.003760 1.003130 0.279808 4.323877 0.047284
0.003800 0.956426 0.240551 3.997532 0.046885
0.003840 0.930170 0.176232 3.643561 0.046854
0.003880 0.929813 0.102296 3.293683 0.047159
0.003920 0.950679 0.034095 2.972873 0.047734
0.003960 0.981390 -0.018428 2.696800 0.048520
0.004000 1.012030 -0.052375 2.472877 0.049550
0.004040 1.036787 -0.069815 2.310735 0.050751
0.004080 1.051975 -0.075747 2.221136 0.052041
0.004120 1.055705 -0.074756 2.210169 0.053373
0.004160 1.047837 -0.067711 2.278613 0.054713
0.004200 1.029798 -0.051194 2.421951 0.056018
0.004240 1.004224 -0.020143 2.630245 0.057214
0.004280 0.974558 0.028408 2.892700 0.058186
0.004320 0.948315 0.093835 3.203548 0.058946
0.004360 0.938143 0.169348 3.552330 0.059444
0.004400 0.953558 0.241193 3.918715 0.059573
0.004440 0.994632 0.291863 4.272573 0.059311
0.004480 1.048128 0.310091 4.578122 0.058639
0.004520 1.094361 0.302419 4.804431 0.057590
0.004560 1.120203 0.289609 4.930182 0.056327
0.004600 1.121671 0.289488 4.945954 0.055018
0.004640 1.098340 0.303856 4.851348 0.053777
0.004680 1.052322 0.317488 4.653890 0.052748
0.004720 0.993692 0.308893 4.371941 0.052079
0.004760 0.941122 0.267131 4.032602 0.051795
0.004800 0.912003 0.199301 3.670170 0.051839
0.004840 0.911877 0.123289 3.319255 0.052183
0.004880 0.934726 0.055928 3.006443 0.052802
0.004920 0.967762 0.006617 2.747093 0.053638
0.004960 0.998951 -0.023685 2.548139 0.054610
0.005000 1.021669 -0.038761 2.415384 0.055700
0.005040 1.033340 -0.043347 2.354604 0.056867
0.005080 1.033169 -0.040392 2.368892 0.058067
0.005120 1.021359 -0.029490 2.457401 0.059255
0.005160 0.998954 -0.007227 2.615583 0.060378
0.005200 0.968613 0.030970 2.837567 0.061392
0.005240 0.937790 0.088055 3.118311 0.062260
0.005280 0.919599 0.161133 3.450173 0.062870
0.005320 0.926711 0.238593 3.815958 0.063162
0.005360 0.963857 0.301625 4.186117 0.063119
0.005400 1.021407 0.333150 4.523341 0.062702
0.005440 1.078505 0.331627 4.793195 0.061868
0.005480 1.117320 0.314894 4.969306 0.060720
0.005520 1.130918 0.306148 5.036835 0.059450
0.005560 1.118467 0.315953 4.992129 0.058199
0.005600 1.079995 0.335863 4.838535 0.057094
0.005640 1.020382 0.343586 4.589122 0.056303
0.005680 0.955114 0.319542 4.267806 0.055910
0.005720 0.905560 0.261416 3.905366 0.055855
0.005760 0.886009 0.184089 3.539167 0.056059
0.005800 0.896367 0.107879 3.203429 0.056480
0.005840 0.925469 0.047868 2.922551 0.057112
0.005880 0.958701 0.009085 2.708022 0.057947
0.005920 0.985362 -0.011522 2.563048 0.058907
0.005960 1.000441 -0.019297 2.489857 0.059919
0.006000 1.002470 -0.017810 2.490381 0.060952
0.006040 0.991429 -0.007326 2.564525 0.061991
0.006080 0.968389 0.015235 2.710232 0.063007
0.006120 0.937274 0.054985 2.925340 0.063924
0.006160 0.907924 0.115359 3.207023 0.064642
0.006200 0.895209 0.192377 3.545453 0.065131
0.006240 0.911891 0.271683 3.918162 0.065374
0.006280 0.959930 0.332318 4.290784 0.065333
0.006320 1.025282 0.358210 4.624698 0.064926
0.006360 1.085341 0.351237 4.887136 0.064116
0.006400 1.123553 0.332176 5.052975 0.063014
0.006440 1.135022 0.324393 5.109391 0.061808
0.006480 1.119603 0.336718 5.053960 0.060633
0.006520 1.076920 0.358849 4.890369 0.059621
0.006560 1.011635 0.367054 4.632165 0.058935
0.006600 0.939886 0.341424 4.303721 0.058630
0.006640 0.884038 0.280227 3.935437 0.058635
0.006680 0.859736 0.199077 3.564993 0.058847
0.006720 0.867451 0.119471 3.228620 0.059201
0.006760 0.895102 0.057407 2.952903 0.059675
0.006800 0.926586 0.018306 2.752222 0.060272
0.006840 0.950077 -0.001026 2.630965 0.060995
0.006880 0.960056 -0.006054 2.589174 0.061796
0.006920 0.955056 0.000526 2.626415 0.062616
0.006960 0.935860 0.020402 2.742706 0.063394
0.007000 0.906755 0.058636 2.938060 0.064067
0.007040 0.878520 0.119210 3.209021 0.064612
0.007080 0.867135 0.198359 3.543317 0.065023
0.007120 0.886307 0.281498 3.916680 0.065271
0.007160 0.938155 0.347083 4.293581 0.065299
0.007200 1.008526 0.377985 4.635295 0.065013
0.007240 1.074542 0.374018 4.909722 0.064358
0.007280 1.118576 0.354352 5.091450 0.063403
0.007320 1.135158 0.343240 5.166528 0.062322
0.007360 1.124478 0.352336 5.131781 0.061251
0.007400 1.085791 0.374924 4.989461 0.060314
0.007440 1.021061 0.389137 4.749854 0.059661
0.007480 0.943294 0.372193 4.434554 0.059358
0.007520 0.874458 0.317224 4.071050 0.059337
0.007560 0.834217 0.235767 3.694023 0.059488
0.007600 0.828782 0.149313 3.341947 0.059712
0.007640 0.849254 0.077041 3.046383 0.059994
0.007680 0.878890 0.028253 2.827015 0.060320
0.007720 0.903031 0.002434 2.692903 0.060684
0.007760 0.913298 -0.004964 2.647220 0.061088
0.007800 0.907048 0.003404 2.690362 0.061507
0.007840 0.886128 0.029410 2.821656 0.061905
0.007880 0.858015 0.077488 3.038077 0.062273
0.007920 0.836702 0.148791 3.331143 0.062597
0.007960 0.838943 0.235204 3.682673 0.062851
0.008000 0.875042 0.318497 4.062422 0.063013
0.008040 0.940432 0.377247 4.432151 0.063000
0.008080 1.016397 0.399128 4.756399 0.062718
0.008120 1.080784 0.389832 5.007335 0.062127
0.008160 1.119828 0.371009 5.163505 0.061300
0.008200 1.130999 0.364112 5.215069 0.060387
0.008240 1.114773 0.376595 5.160514 0.059508
0.008280 1.070026 0.398983 5.002860 0.058783
0.008320 0.999319 0.408986 4.753229 0.058337
0.008360 0.916574 0.385873 4.432540 0.058178
0.008400 0.843468 0.324863 4.066352 0.058213
0.008440 0.799276 0.238069 3.687731 0.058315
0.008480 0.790519 0.146771 3.334451 0.058387
0.008520 0.808210 0.070318 3.039444 0.058449
0.008560 0.835200 0.018308 2.823581 0.058543
0.008600 0.856891 -0.009399 2.695591 0.058647
0.008640 0.864899 -0.016328 2.659280 0.058759
0.008680 0.856764 -0.004245 2.715487 0.058878
0.008720 0.835504 0.028731 2.862501 0.059006
0.008760 0.810273 0.085771 3.095568 0.059131
0.008800 0.796217 0.165768 3.404304 0.059229
0.008840 0.809643 0.257628 3.765772 0.059332
0.008880 0.857406 0.341688 4.146314 0.059434
0.008920 0.930674 0.398130 4.508260 0.059441
0.008960 1.009678 0.418021 4.820373 0.059262
0.009000 1.074039 0.409162 5.058645 0.058844
0.009040 1.112149 0.392457 5.204913 0.058229
0.009080 1.122418 0.387061 5.251115 0.057541
0.009120 1.105368 0.399127 5.196112 0.056891
0.009160 1.059754 0.419740 5.042830 0.056389
0.009200 0.987581 0.428391 4.801184 0.056133
0.009240 0.901265 0.405274 4.489110 0.056098
0.009280 0.820921 0.344232 4.128371 0.056170
0.009320 0.766317 0.254704 3.747543 0.056208
0.009360 0.747445 0.156461 3.382651 0.056115
0.009400 0.758363 0.069925 3.069235 0.055909
0.009440 0.782306 0.007802 2.834165 0.055696
0.009480 0.803775 -0.028000 2.688160 0.055507
0.009520 0.813661 -0.040062 2.635078 0.055333
0.009560 0.808691 -0.030237 2.676058 0.055169
0.009600 0.790878 0.002364 2.809746 0.055013
0.009640 0.767963 0.060093 3.032236 0.054848
0.009680 0.753962 0.142223 3.334244 0.054682
0.009720 0.765619 0.238563 3.691995 0.054599
0.009760 0.811215 0.330465 4.071283 0.054634
0.009800 0.883769 0.398563 4.436041 0.054718
0.009840 0.965574 0.432099 4.756600 0.054749
0.009880 1.037360 0.434401 5.011686 0.054644
0.009920 1.085701 0.421562 5.184762 0.054365
0.009960 1.106616 0.412493 5.266014 0.053981
0.010000 1.100589 0.417416 5.252565 0.053594
0.010040 1.067049 0.433754 5.145642 0.053305
0.010080 1.005649 0.447139 4.951128 0.053208
0.010120 0.922730 0.438056 4.680951 0.053304
0.010160 0.833480 0.393487 4.350560 0.053474
0.010200 0.757227 0.313548 3.979475 0.053578
0.010240 0.711241 0.211257 3.595772 0.053481
0.010280 0.701080 0.106976 3.235223 0.053164
0.010320 0.716406 0.019618 2.934086 0.052661
0.010360 0.739751 -0.040973 2.716355 0.052079
0.010400 0.757977 -0.074242 2.590018 0.051477
0.010440 0.764339 -0.082429 2.557450 0.050873
0.010480 0.757081 -0.066656 2.618903 0.050289
0.010520 0.738936 -0.025918 2.772815 0.049739
0.010560 0.717898 0.041313 3.015062 0.049233
0.010600 0.708106 0.132463 3.333501 0.048837
0.010640 0.725332 0.235420 3.699580 0.048627
0.010680 0.775475 0.331585 4.077344 0.048623
0.010720 0.849559 0.403618 4.433024 0.048789
0.010760 0.930750 0.443092 4.742151 0.049020
0.010800 1.002348 0.453436 4.988300 0.049229
0.010840 1.052834 0.447610 5.160184 0.049336
0.010880 1.077786 0.440977 5.250256 0.049353
0.010920 1.076940 0.443180 5.255291 0.049356
0.010960 1.050089 0.454173 5.175856 0.049437
0.011000 0.996947 0.464367 5.016060 0.049669
0.011040 0.920913 0.458406 4.783062 0.050046
0.011080 0.832116 0.422305 4.485529 0.050449
0.011120 0.746618 0.350418 4.135923 0.050746
0.011160 0.682483 0.248595 3.752625 0.050801
0.011200 0.652976 0.133546 3.365890 0.050539
0.011240 0.656132 0.025393 3.013440 0.049965
0.011280 0.677651 -0.060763 2.728156 0.049126
0.011320 0.702044 -0.119134 2.526562 0.048162
0.011360 0.719825 -0.151029 2.411080 0.047128
0.011400 0.726218 -0.158955 2.381470 0.046073
0.011440 0.719934 -0.144003 2.437399 0.045050
0.011480 0.702923 -0.105299 2.578321 0.044105
0.011520 0.680744 -0.040929 2.803162 0.043276
0.011560 0.663946 0.048700 3.105551 0.042618
0.011600 0.667286 0.155405 3.462875 0.042237
0.011640 0.701068 0.263690 3.841067 0.042140
0.011680 0.762537 0.355829 4.204292 0.042338
0.011720 0.838041 0.420167 4.527017 0.042749
0.011760 0.912033 0.455006 4.793813 0.043294
0.011800 0.972212 0.467401 4.995541 0.043891
0.011840 1.011944 0.468567 5.128201 0.044472
0.011880 1.028966 0.468378 5.189610 0.045033
0.011920 1.022861 0.471760 5.178919 0.045618
0.011960 0.993417 0.477199 5.096967 0.046284
0.012000 0.940933 0.477208 4.945684 0.047053
0.012040 0.868173 0.460418 4.726922 0.047882
0.012080 0.783252 0.415320 4.444009 0.048663
0.012120 0.700357 0.336067 4.105333 0.049275
0.012160 0.636609 0.226580 3.724055 0.049597
0.012200 0.605629 0.101390 3.324899 0.049459
0.012240 0.608181 -0.020668 2.944585 0.048844
0.012280 0.633423 -0.124226 2.617636 0.047780
0.012320 0.667429 -0.201756 2.361988 0.046437
0.012360 0.699654 -0.253122 2.180669 0.044956
0.012400 0.722690 -0.281181 2.073837 0.043399
0.012440 0.732215 -0.289215 2.040866 0.041831
0.012480 0.726905 -0.278812 2.081312 0.040308
0.012520 0.708232 -0.249171 2.194908 0.038882
0.012560 0.680480 -0.197859 2.381217 0.037603
0.012600 0.650844 -0.122850 2.638251 0.036515
0.012640 0.629167 -0.025073 2.959725 0.035736
0.012680 0.627239 0.087658 3.324743 0.035367
0.012720 0.652388 0.201199 3.699645 0.035419
0.012760 0.701667 0.300308 4.050497 0.035884
0.012800 0.764066 0.375168 4.355994 0.036637
0.012840 0.826403 0.423929 4.605040 0.037605
0.012880 0.877610 0.451141 4.790179 0.038718
0.012920 0.911492 0.464501 4.909578 0.039902
0.012960 0.925572 0.470490 4.963800 0.041131
0.013000 0.919057 0.472101 4.953454 0.042409
0.013040 0.891745 0.468159 4.878471 0.043749
0.013080 0.844334 0.453414 4.738071 0.045150
0.013120 0.780153 0.419544 4.531628 0.046557
0.013160 0.707520 0.358080 4.261004 0.047842
0.013200 0.639903 0.265585 3.932630 0.048884
0.013240 0.591680 0.146243 3.554173 0.049539
0.013280 0.574216 0.013214 3.148676 0.049670
0.013320 0.589726 -0.117442 2.751277 0.049235
0.013360 0.631520 -0.231193 2.394719 0.048275
0.013400 0.687176 -0.318276 2.097485 0.046986
0.013440 0.744428 -0.377271 1.863203 0.045476
0.013480 0.792407 -0.411633 1.695744 0.043845
0.013520 0.824211 -0.427788 1.596364 0.042189
0.013560 0.837156 -0.431328 1.563855 0.040565
0.013600 0.830775 -0.424616 1.597511 0.038997
0.013640 0.805906 -0.406333 1.697772 0.037504
0.013680 0.765357 -0.372070 1.865153 0.036131
0.013720 0.715600 -0.316633 2.097026 0.034949
0.013760 0.666506 -0.237267 2.387471 0.034023
0.013800 0.629113 -0.135438 2.729251 0.033419
0.013840 0.613701 -0.020195 3.100740 0.033231
0.013880 0.623837 0.094643 3.469491 0.033491
0.013920 0.654615 0.195819 3.803818 0.034194
0.013960 0.695728 0.274870 4.082381 0.035210
0.014000 0.736678 0.330523 4.298305 0.036463
0.014040 0.768896 0.365318 4.448227 0.037893
0.014080 0.786277 0.382923 4.529088 0.039440
0.014120 0.785850 0.386084 4.539951 0.041059
0.014160 0.767152 0.374732 4.480537 0.042716
0.014200 0.732197 0.345673 4.350751 0.044366
0.014240 0.686431 0.294208 4.152129 0.045942
0.014280 0.638544 0.216518 3.886677 0.047354
0.014320 0.599432 0.111997 3.556126 0.048506
0.014360 0.581788 -0.012786 3.173630 0.049177
0.014400 0.595650 -0.144555 2.769392 0.049300
0.014440 0.642684 -0.266677 2.379567 0.048897
0.014480 0.713346 -0.363479 2.032315 0.048083
0.014520 0.792321 -0.428141 1.739229 0.047028
0.014560 0.864740 -0.462862 1.508569 0.045845
0.014600 0.920707 -0.476398 1.343876 0.044665
0.014640 0.956049 -0.478645 1.245191 0.043548
0.014680 0.969882 -0.476785 1.212023 0.042501
0.014720 0.962327 -0.473704 1.244417 0.041505
0.014760 0.933785 -0.467547 1.342700 0.040537
0.014800 0.885602 -0.452121 1.507220 0.039601
0.014840 0.822049 -0.418558 1.737235 0.038747
0.014880 0.752391 -0.359203 2.027603 0.038052
0.014920 0.690203 -0.272467 2.367268 0.037575
0.014960 0.649245 -0.165142 2.738959 0.037425
0.015000 0.636935 -0.052112 3.111184 0.037666
0.015040 0.649066 0.050856 3.449094 0.038273
0.015080 0.673289 0.132226 3.723496 0.039179
0.015120 0.697982 0.188946 3.923601 0.040282
0.015160 0.715429 0.222370 4.047061 0.041519
0.015200 0.720861 0.234354 4.092357 0.042843
0.015240 0.712581 0.225576 4.058825 0.044205
0.015280 0.692060 0.194705 3.946231 0.045552
0.015320 0.663974 0.139167 3.754930 0.046826
0.015360 0.636090 0.056815 3.485431 0.047950
0.015400 0.620674 -0.050469 3.144600 0.048787
0.015440 0.632673 -0.171297 2.759600 0.049219
0.015480 0.679817 -0.288101 2.366726 0.049233
0.015520 0.755365 -0.381919 2.000620 0.048891
0.015560 0.842612 -0.442200 1.681578 0.048340
0.015600 0.924946 -0.469372 1.421945 0.047692
0.015640 0.990148 -0.472890 1.228956 0.047073
0.015680 1.032360 -0.465870 1.106626 0.046569
0.015720 1.050137 -0.459473 1.058674 0.046177
0.015760 1.043675 -0.459014 1.087340 0.045837
0.015800 1.013126 -0.462173 1.192359 0.045477
0.015840 0.959642 -0.459681 1.370887 0.045060
0.015880 0.888222 -0.438903 1.618006 0.044623
0.015920 0.809740 -0.389680 1.925380 0.044250
0.015960 0.739623 -0.310048 2.278619 0.044025
0.016000 0.693504 -0.208494 2.655213 0.044041
0.016040 0.679202 -0.101864 3.021611 0.044306
0.016080 0.690176 -0.007719 3.341958 0.044816
0.016120 0.711378 0.062629 3.588320 0.045504
0.016160 0.729839 0.106611 3.749070 0.046288
0.016200 0.738301 0.125757 3.821327 0.047143
0.016240 0.733975 0.121270 3.804203 0.048032
0.016280 0.717757 0.092349 3.697403 0.048908
0.016320 0.694409 0.036674 3.501353 0.049732
0.016360 0.673965 -0.046763 3.220051 0.050456
0.016400 0.672501 -0.151870 2.870958 0.050949
0.016440 0.704197 -0.262907 2.487539 0.051180
0.016480 0.770041 -0.359497 2.107111 0.051132
0.016520 0.856183 -0.425311 1.759909 0.050885
0.016560 0.944241 -0.455057 1.465402 0.050580
0.016600 1.017881 -0.455507 1.237269 0.050352
0.016640 1.067132 -0.442174 1.086055 0.050298
0.016680 1.089338 -0.431222 1.019663 0.050393
0.016720 1.085161 -0.431409 1.041709 0.050547
0.016760 1.054601 -0.440635 1.152047 0.050665
0.016800 0.998260 -0.446519 1.346141 0.050668
0.016840 0.922500 -0.432123 1.614016 0.050551
0.016880 0.841446 -0.385798 1.941288 0.050394
0.016920 0.773161 -0.307592 2.308051 0.050286
0.016960 0.733323 -0.209744 2.685217 0.050329
0.017000 0.726368 -0.111202 3.037482 0.050544
0.017040 0.742024 -0.029411 3.330362 0.050889
0.017080 0.763728 0.026979 3.541329 0.051273
0.017120 0.779029 0.057703 3.662155 0.051672
0.017160 0.781569 0.064634 3.689531 0.052090
0.017200 0.770220 0.048102 3.622493 0.052520
0.017240 0.748693 0.006233 3.462283 0.052957
0.017280 0.726384 -0.062925 3.212968 0.053388
0.017320 0.719130 -0.155995 2.887549 0.053738
0.017360 0.743025 -0.258785 2.516250 0.053914
0.017400 0.802233 -0.350808 2.135425 0.053899
0.017440 0.885231 -0.413539 1.779181 0.053779
0.017480 0.972703 -0.439016 1.472806 0.053698
0.017520 1.045902 -0.433509 1.235134 0.053786
0.017560 1.093134 -0.415212 1.081684 0.054096
0.017600 1.112132 -0.403196 1.021914 0.054554
0.017640 1.104023 -0.406516 1.059020 0.055058
0.017680 1.068483 -0.420633 1.192253 0.055503
0.017720 1.006526 -0.428899 1.415023 0.055784
0.017760 0.927667 -0.411476 1.712242 0.055874
0.017800 0.850184 -0.358702 2.063292 0.055836
0.017840 0.793798 -0.276115 2.441114 0.055759
0.017880 0.770585 -0.181210 2.810093 0.055738
0.017920 0.777617 -0.094045 3.135016 0.055791
0.017960 0.799990 -0.028473 3.387961 0.055844
0.018000 0.821764 0.012081 3.555674 0.055882
0.018040 0.832644 0.029806 3.632805 0.055923
0.018080 0.828406 0.026735 3.616990 0.055973
0.018120 0.810261 0.001992 3.508438 0.056033
0.018160 0.785006 -0.047396 3.310015 0.056111
0.018200 0.765693 -0.122435 3.028618 0.056217
0.018240 0.769688 -0.215521 2.683179 0.056284
0.018280 0.808503 -0.308667 2.306248 0.056248
0.018320 0.878757 -0.380656 1.934471 0.056175
0.018360 0.963430 -0.416773 1.601130 0.056197
0.018400 1.041288 -0.417010 1.330998 0.056431
0.018440 1.095977 -0.397441 1.144717 0.056932
0.018480 1.122119 -0.380598 1.055850 0.057624
0.018520 1.120682 -0.380348 1.069290 0.058389
0.018560 1.091741 -0.395426 1.185200 0.059117
0.018600 1.035487 -0.409681 1.398061 0.059678
0.018640 0.960285 -0.400531 1.691892 0.059982
0.018680 0.885132 -0.355216 2.043073 0.060048
0.018720 0.831187 -0.278419 2.421876 0.059956
0.018760 0.810748 -0.188310 2.790815 0.059802
0.018800 0.820460 -0.105588 3.114822 0.059628
0.018840 0.845495 -0.043799 3.368532 0.059418
0.018880 0.869751 -0.006016 3.539109 0.059200
0.018920 0.882406 0.010781 3.620753 0.058983
0.018960 0.878961 0.009540 3.611213 0.058772
0.019000 0.860277 -0.010509 3.510561 0.058574
0.019040 0.832763 -0.053108 3.321485 0.058387
0.019080 0.809120 -0.120394 3.050844 0.058222
0.019120 0.806380 -0.206614 2.714497 0.058087
0.019160 0.837238 -0.295204 2.341472 0.057951
0.019200 0.900643 -0.364474 1.968605 0.057883
0.019240 0.980612 -0.398225 1.632107 0.058005
0.019280 1.054998 -0.395837 1.359976 0.058415
0.019320 1.106646 -0.374402 1.175431 0.059132
0.019360 1.130007 -0.357786 1.092983 0.060041
0.019400 1.125893 -0.359779 1.117413 0.061014
0.019440 1.094237 -0.377228 1.248371 0.061933
0.019480 1.036242 -0.391122 1.478403 0.062646
0.019520 0.962967 -0.377988 1.787985 0.063039
0.019560 0.895677 -0.327740 2.149912 0.063125
0.019600 0.854758 -0.249345 2.529919 0.062986
0.019640 0.847755 -0.163405 2.889304 0.062712
0.019680 0.866728 -0.089404 3.196308 0.062339
0.019720 0.895629 -0.037492 3.430843 0.061894
0.019760 0.919681 -0.007741 3.583451 0.061387
0.019800 0.930452 0.004567 3.651233 0.060830
0.019840 0.925227 0.002588 3.633754 0.060273
0.019880 0.905034 -0.015045 3.530805 0.059767
0.019920 0.875392 -0.053105 3.343309 0.059335
0.019960 0.848168 -0.114852 3.076701 0.058964
0.020000 0.839861 -0.195648 2.745352 0.058667
0.020040 0.863613 -0.280100 2.375722 0.058460
0.020080 0.920073 -0.346646 2.003864 0.058405
0.020120 0.994500 -0.378364 1.667521 0.058611
0.020160 1.064555 -0.374419 1.396883 0.059166
0.020200 1.112791 -0.352543 1.216638 0.060051
0.020240 1.133404 -0.337062 1.141797 0.061126
0.020280 1.126836 -0.341144 1.177060 0.062255
0.020320 1.093064 -0.359660 1.321398 0.063311
0.020360 1.034784 -0.371448 1.565123 0.064123
0.020400 0.965607 -0.353493 1.885866 0.064563
0.020440 0.907921 -0.298988 2.253545 0.064648
0.020480 0.879706 -0.220467 2.630909 0.064465
0.020520 0.883671 -0.139279 2.980617 0.064079
0.020560 0.909005 -0.072672 3.275279 0.063520
0.020600 0.939938 -0.027631 3.500003 0.062794
0.020640 0.964151 -0.001926 3.650149 0.061930
0.020680 0.975947 0.009850 3.725238 0.061007
0.020720 0.973729 0.011115 3.724917 0.060081
0.020760 0.957654 0.001486 3.649027 0.059190
0.020800 0.930003 -0.023111 3.497676 0.058391
0.020840 0.897571 -0.068160 3.271491 0.057746
0.020880 0.873254 -0.135086 2.975978 0.057260
0.020920 0.872416 -0.215588 2.628145 0.056926
0.020960 0.904027 -0.291831 2.256806 0.056773
0.021000 0.963650 -0.343088 1.899167 0.056866
0.021040 1.033058 -0.358104 1.591033 0.057303
0.021080 1.090967 -0.344273 1.360958 0.058123
0.021120 1.124669 -0.324062 1.230561 0.059220
0.021160 1.131595 -0.317988 1.209968 0.060432
0.021200 1.112048 -0.330457 1.300961 0.061638
0.021240 1.067057 -0.347234 1.498355 0.062685
0.021280 1.005208 -0.344119 1.784947 0.063390
0.021320 0.946051 -0.305937 2.133034 0.063689
0.021360 0.910240 -0.237673 2.507442 0.063647
0.021400 0.905807 -0.158189 2.870395 0.063315
0.021440 0.926281 -0.086417 3.192321 0.062716
0.021480 0.957793 -0.032901 3.456397 0.061873
0.021520 0.987225 0.001223 3.656297 0.060879
0.021560 1.007324 0.020088 3.788520 0.059825
0.021600 1.015539 0.028319 3.849111 0.058751
0.021640 1.011151 0.028321 3.835529 0.057684
0.021680 0.994308 0.019201 3.748275 0.056649
0.021720 0.966592 -0.002913 3.590627 0.055671
0.021760 0.933076 -0.043037 3.366624 0.054802
0.021800 0.904370 -0.103559 3.080497 0.054136
0.021840 0.894475 -0.179055 2.743449 0.053708
0.021880 0.913661 -0.254599 2.379336 0.053524
0.021920 0.961542 -0.310636 2.021517 0.053618
0.021960 1.024082 -0.333308 1.706649 0.054056
0.022000 1.080654 -0.325791 1.464932 0.054885
0.022040 1.116556 -0.307457 1.319393 0.056011
0.022080 1.127097 -0.299288 1.282372 0.057270
0.022120 1.112148 -0.308307 1.356818 0.058540
0.022160 1.072986 -0.323113 1.538353 0.059679
0.022200 1.017518 -0.321142 1.811326 0.060501
0.022240 0.963812 -0.286480 2.149080 0.060913
0.022280 0.931336 -0.222239 2.516979 0.060949
0.022320 0.927686 -0.145433 2.879175 0.060631
0.022360 0.947405 -0.073608 3.208430 0.059986
0.022400 0.978003 -0.017411 3.489033 0.059113
0.022440 1.007320 0.020458 3.713465 0.058082
0.022480 1.029166 0.042623 3.875970 0.056903
0.022520 1.041048 0.053461 3.968811 0.055652
0.022560 1.041622 0.056675 3.986429 0.054390
0.022600 1.030571 0.052890 3.927753 0.053158
0.022640 1.008814 0.039109 3.796252 0.052007
0.022680 0.978867 0.010561 3.599031 0.050998
0.022720 0.946152 -0.036423 3.343271 0.050158
0.022760 0.921162 -0.101300 3.035936 0.049502
0.022800 0.916537 -0.176058 2.690586 0.049113
0.022840 0.939323 -0.245408 2.331317 0.049034
0.022880 0.986239 -0.291974 1.990328 0.049292
0.022920 1.042328 -0.306581 1.701875 0.049924
0.022960 1.089101 -0.297048 1.493613 0.050914
0.023000 1.115137 -0.283069 1.384889 0.052130
0.023040 1.117253 -0.280814 1.384607 0.053429
0.023080 1.095642 -0.291115 1.493390 0.054702
0.023120 1.053691 -0.298760 1.703412 0.055798
0.023160 1.002921 -0.283533 1.995496 0.056550
0.023200 0.961813 -0.236826 2.340548 0.056896
0.023240 0.944079 -0.167464 2.703992 0.056843
0.023280 0.951159 -0.091774 3.055972 0.056419
0.023320 0.974867 -0.023743 3.375143 0.055735
0.023360 1.003279 0.028619 3.650501 0.054794
0.023400 1.029414 0.062981 3.875693 0.053619
0.023440 1.049397 0.081347 4.037294 0.052332
0.023480 1.059744 0.089288 4.123469 0.050999
0.023520 1.058380 0.091357 4.128366 0.049667
0.023560 1.045097 0.087612 4.051757 0.048370
0.023600 1.021712 0.073545 3.898925 0.047150
0.023640 0.992115 0.043391 3.680965 0.046064
0.023680 0.961762 -0.005479 3.411499 0.045213
0.023720 0.938406 -0.070839 3.098816 0.044632
0.023760 0.932698 -0.144309 2.755013 0.044298
0.023800 0.951238 -0.211989 2.402630 0.044276
0.023840 0.991390 -0.258721 2.070730 0.044614
0.023880 1.040608 -0.276211 1.791299 0.045326
0.023920 1.082446 -0.271133 1.590742 0.046362
0.023960 1.106011 -0.260621 1.487072 0.047596
0.024000 1.107724 -0.258692 1.488759 0.048903
0.024040 1.087793 -0.265793 1.596238 0.050188
0.024080 1.050176 -0.268361 1.801671 0.051317
0.024120 1.006107 -0.248920 2.086800 0.052135
0.024160 0.971708 -0.200663 2.423764 0.052560
0.024200 0.957859 -0.131602 2.780796 0.052600
0.024240 0.965061 -0.055645 3.131000 0.052313
0.024280 0.985246 0.014409 3.455527 0.051702
0.024320 1.010566 0.069109 3.746610 0.050788
0.024360 1.036854 0.103388 3.989443 0.049699
0.024400 1.058732 0.119959 4.165699 0.048458
0.024440 1.070882 0.126186 4.261911 0.047143
0.024480 1.070271 0.128266 4.271253 0.045820
0.024520 1.056527 0.126616 4.193262 0.044537
0.024560 1.032031 0.115558 4.033571 0.043352
0.024600 1.002072 0.087537 3.804259 0.042332
0.024640 0.973351 0.038939 3.522768 0.041501
0.024680 0.952064 -0.026634 3.206533 0.040932
0.024720 0.945128 -0.099982 2.866397 0.040713
0.024760 0.958663 -0.168291 2.520215 0.040808
0.024800 0.991615 -0.218313 2.193619 0.041228
0.024840 1.034331 -0.241812 1.916282 0.041991
0.024880 1.072644 -0.242896 1.713944 0.043049
0.024920 1.095838 -0.235702 1.604067 0.044290
0.024960 1.099587 -0.233043 1.595402 0.045605
0.025000 1.083767 -0.236629 1.689040 0.046912
0.025040 1.051994 -0.235751 1.878461 0.048103
0.025080 1.013918 -0.215307 2.147714 0.049038
0.025120 0.983152 -0.168381 2.471341 0.049632
0.025160 0.969136 -0.100614 2.819947 0.049883
0.025200 0.972229 -0.023428 3.169321 0.049778
0.025240 0.986797 0.050129 3.504709 0.049312
0.025280 1.009735 0.107336 3.813886 0.048601
0.025320 1.037533 0.142368 4.077323 0.047612
0.025360 1.063018 0.157746 4.274296 0.046409
0.025400 1.078719 0.162071 4.388266 0.045101
0.025440 1.080336 0.163914 4.410828 0.043773
0.025480 1.067010 0.165013 4.340738 0.042482
0.025520 1.041147 0.158977 4.183196 0.041293
0.025560 1.009078 0.136206 3.950841 0.040291
0.025600 0.979627 0.091388 3.662943 0.039561
0.025640 0.959888 0.026937 3.340426 0.039105
0.025680 0.953524 -0.047225 3.001656 0.038921
0.025720 0.963636 -0.117454 2.661683 0.039083
0.025760 0.990419 -0.171699 2.340263 0.039587
0.025800 1.027155 -0.202243 2.062713 0.040399
0.025840 1.062283 -0.210477 1.854437 0.041469
0.025880 1.085612 -0.207295 1.733277 0.042711
0.025920 1.092117 -0.204354 1.708592 0.044031
0.025960 1.081076 -0.204929 1.782472 0.045358
0.026000 1.055319 -0.201460 1.950093 0.046609
0.026040 1.022570 -0.181200 2.198020 0.047668
0.026080 0.993920 -0.136829 2.503409 0.048444
0.026120 0.977475 -0.071048 2.840137 0.048871
0.026160 0.974218 0.006914 3.187773 0.048949
0.026200 0.982593 0.082547 3.532268 0.048725
0.026240 1.003331 0.142364 3.858308 0.048160
0.026280 1.033434 0.179331 4.144490 0.047262
0.026320 1.063818 0.193967 4.365614 0.046115
0.026360 1.084519 0.195844 4.501984 0.044824
0.026400 1.089698 0.196448 4.543335 0.043490
0.026440 1.077796 0.199823 4.487239 0.042185
0.026480 1.050727 0.199633 4.337930 0.040982
0.026520 1.015053 0.183945 4.107253 0.039973
0.026560 0.981539 0.144811 3.815601 0.039233
0.026600 0.960131 0.084100 3.488407 0.038820
0.026640 0.954918 0.010842 3.147895 0.038747
0.026680 0.964841 -0.061737 2.811282 0.038977
0.026720 0.988019 -0.120373 2.495025 0.039482
0.026760 1.019969 -0.157444 2.219392 0.040297
0.026800 1.051952 -0.172965 2.006418 0.041364
0.026840 1.075012 -0.174688 1.874267 0.042594
0.026880 1.083855 -0.172613 1.833241 0.043905
0.026920 1.077154 -0.171034 1.886459 0.045236
0.026960 1.056872 -0.165259 2.030544 0.046520
0.027000 1.028810 -0.145183 2.254267 0.047662
0.027040 1.001496 -0.103427 2.538207 0.048550
0.027080 0.981621 -0.040039 2.860655 0.049135
0.027120 0.971526 0.036623 3.202945 0.049456
0.027160 0.974003 0.112575 3.552931 0.049411
0.027200 0.993220 0.175038 3.893953 0.049009
0.027240 1.026297 0.214286 4.200786 0.048269
0.027280 1.062332 0.228351 4.444773 0.047221
0.027320 1.088808 0.227325 4.603558 0.045971
0.027360 1.098263 0.225609 4.664577 0.044648
0.027400 1.088457 0.230120 4.623950 0.043343
0.027440 1.060620 0.235304 4.484976 0.042139
0.027480 1.020890 0.227237 4.258844 0.041146
0.027520 0.981325 0.194508 3.965394 0.040459
0.027560 0.954822 0.137382 3.632073 0.040100
0.027600 0.948077 0.066010 3.286934 0.040061
0.027640 0.959490 -0.006518 2.952378 0.040368
0.027680 0.982919 -0.068018 2.642116 0.041002
0.027720 1.012684 -0.110141 2.370832 0.041850
0.027760 1.042227 -0.131619 2.157982 0.042910
0.027800 1.064450 -0.138173 2.020072 0.044127
0.027840 1.074548 -0.137906 1.967594 0.045426
0.027880 1.070926 -0.135198 2.004389 0.046751
0.027920 1.054820 -0.127412 2.128108 0.048049
0.027960 1.030386 -0.106878 2.329546 0.049238
0.028000 1.003819 -0.066690 2.592946 0.050238
0.028040 0.980453 -0.006091 2.898928 0.051045
0.028080 0.964204 0.067511 3.233371 0.051529
0.028120 0.962781 0.143045 3.587014 0.051675
0.028160 0.982234 0.207390 3.939112 0.051486
0.028200 1.019367 0.247959 4.261631 0.050914
0.028240 1.061484 0.260682 4.523535 0.049972
0.028280 1.093605 0.256142 4.699954 0.048772
0.028320 1.106933 0.251490 4.776051 0.047467
0.028360 1.098876 0.256383 4.746726 0.046169
0.028400 1.070103 0.266060 4.614564 0.044972
0.028440 1.026081 0.264798 4.390591 0.044005
0.028480 0.979637 0.237961 4.095030 0.043378
0.028520 0.946482 0.183665 3.756048 0.043122
0.028560 0.935937 0.112928 3.404902 0.043208
0.028600 0.947650 0.040580 3.068281 0.043583
0.028640 0.973268 -0.020908 2.765360 0.044229
0.028680 1.003602 -0.064778 2.504985 0.045168
0.028720 1.032090 -0.089724 2.299530 0.046289
0.028760 1.053324 -0.099778 2.164040 0.047528
0.028800 1.063598 -0.101302 2.108348 0.048836
0.028840 1.061538 -0.098033 2.136312 0.050171
0.028880 1.047944 -0.088390 2.246170 0.051492
0.028920 1.025670 -0.066613 2.430219 0.052746
0.028960 0.998899 -0.027220 2.674631 0.053873
0.029000 0.971788 0.030270 2.964928 0.054747
0.029040 0.951667 0.101581 3.294761 0.055343
0.029080 0.949959 0.177025 3.651235 0.055658
0.029120 0.972804 0.242019 4.011213 0.055595
0.029160 1.016104 0.281524 4.343914 0.055126
0.029200 1.064548 0.290643 4.615840 0.054260
0.029240 1.101053 0.281588 4.800446 0.053094
0.029280 1.116443 0.274213 4.881634 0.051800
0.029320 1.108404 0.279912 4.854007 0.050508
0.029360 1.077323 0.293649 4.720035 0.049328
0.029400 1.028187 0.297490 4.491107 0.048406
0.029440 0.974571 0.274149 4.188609 0.047850
0.029480 0.934688 0.220474 3.841884 0.047663
0.029520 0.920193 0.148629 3.485055 0.047819
0.029560 0.931346 0.075567 3.147570 0.048280
0.029600 0.959205 0.014722 2.850566 0.048978
0.029640 0.991458 -0.027844 2.605158 0.049862
0.029680 1.019660 -0.052596 2.418164 0.050946
0.029720 1.039358 -0.063554 2.298562 0.052161
0.029760 1.048179 -0.065572 2.253847 0.053439
0.029800 1.045365 -0.061168 2.286860 0.054741
0.029840 1.031548 -0.048862 2.395543 0.056027
0.029880 1.008534 -0.024336 2.572882 0.057230
0.029920 0.979137 0.016530 2.809593 0.058257
0.029960 0.949604 0.075421 3.099611 0.059098
0.030000 0.932110 0.148473 3.434822 0.059711
0.030040 0.938398 0.224214 3.798411 0.059985
0.030080 0.972606 0.285174 4.162740 0.059888
0.030120 1.025841 0.315723 4.492197 0.059404
0.030160 1.078571 0.315156 4.753091 0.058515
0.030200 1.113994 0.300815 4.920106 0.057335
0.030240 1.125305 0.294202 4.979289 0.056051
0.030280 1.111442 0.304219 4.927324 0.054791
0.030320 1.072921 0.321571 4.768243 0.053684
0.030360 1.015825 0.324849 4.515977 0.052891
0.030400 0.956098 0.296817 4.194571 0.052487
0.030440 0.913783 0.237192 3.835331 0.052421
0.030480 0.900450 0.161297 3.474754 0.052643
0.030520 0.914512 0.087982 3.144107 0.053125
0.030560 0.944924 0.030591 2.864665 0.053856
0.030600 0.978138 -0.006864 2.645752 0.054762
0.030640 1.004674 -0.027150 2.492258 0.055767
0.030680 1.020349 -0.035144 2.409246 0.056842
0.030720 1.023886 -0.034538 2.400323 0.057955
0.030760 1.015207 -0.026013 2.465815 0.059073
0.030800 0.995052 -0.006987 2.602648 0.060155
0.030840 0.965772 0.027103 2.805979 0.061167
0.030880 0.934126 0.080177 3.071415 0.062045
0.030920 0.912772 0.151101 3.392661 0.062678
0.030960 0.915339 0.229849 3.754071 0.063024
0.031000 0.948639 0.298108 4.127297 0.063063
0.031040 1.005589 0.337105 4.475211 0.062754
0.031080 1.066157 0.341335 4.762353 0.062038
0.031120 1.110747 0.325343 4.960806 0.060976
0.031160 1.130383 0.313044 5.053076 0.059753
0.031200 1.123788 0.318802 5.033702 0.058521
0.031240 1.090721 0.338426 4.904429 0.057404
0.031280 1.033953 0.351678 4.675451 0.056562
0.031320 0.966254 0.336394 4.368372 0.056105
0.031360 0.908703 0.285362 4.011889 0.055997
0.031400 0.879034 0.209893 3.641949 0.056146
0.031440 0.881184 0.130463 3.295203 0.056494
0.031480 0.906191 0.064506 2.999731 0.057018
0.031520 0.939057 0.020006 2.771548 0.057728
0.031560 0.967335 -0.004572 2.615445 0.058596
0.031600 0.984472 -0.014646 2.532499 0.059544
0.031640 0.988256 -0.014375 2.523670 0.060522
0.031680 0.978444 -0.004529 2.589010 0.061506
0.031720 0.956134 0.017731 2.727459 0.062457
0.031760 0.925511 0.057621 2.938066 0.063293
0.031800 0.896883 0.118708 3.218129 0.063942
0.031840 0.885505 0.196768 3.556588 0.064395
0.031880 0.904134 0.277034 3.929793 0.064633
0.031920 0.954233 0.338355 4.302699 0.064608
0.031960 1.021271 0.364811 4.636853 0.064234
0.032000 1.082646 0.358266 4.900160 0.063472
0.032040 1.121891 0.339225 5.067809 0.062422
0.032080 1.134208 0.330985 5.127050 0.061265
0.032120 1.119551 0.342729 5.075407 0.060136
0.032160 1.077400 0.364892 4.916230 0.059165
0.032200 1.011755 0.374224 4.662254 0.058506
0.032240 0.938007 0.350272 4.337035 0.058214
0.032280 0.878434 0.290122 3.969897 0.058218
0.032320 0.849812 0.208388 3.597737 0.058411
0.032360 0.854081 0.126652 3.257557 0.058721
0.032400 0.879869 0.061769 2.977380 0.059126
0.032440 0.910753 0.020181 2.773277 0.059615
0.032480 0.934031 -0.000602 2.651227 0.060203
0.032520 0.943416 -0.005807 2.612042 0.060863
0.032560 0.937184 0.002011 2.655369 0.061539
0.032600 0.916606 0.024862 2.781156 0.062169
0.032640 0.887436 0.067787 2.988500 0.062712
0.032680 0.862133 0.133497 3.271587 0.063164
0.032720 0.857078 0.215977 3.615102 0.063508
0.032760 0.884328 0.298689 3.991791 0.063712
0.032800 0.942619 0.360007 4.364520 0.063706
0.032840 1.015208 0.385352 4.695936 0.063399
0.032880 1.079466 0.378012 4.956145 0.062746
0.032920 1.119931 0.358830 5.121807 0.061831
0.032960 1.132819 0.350494 5.181355 0.060813
0.033000 1.118450 0.361949 5.132664 0.059822
0.033040 1.075939 0.384389 4.978624 0.058982
0.033080 1.008015 0.395376 4.730522 0.058430
0.033120 0.928720 0.373701 4.410149 0.058200
0.033160 0.859995 0.314508 4.044477 0.058215
0.033200 0.820703 0.230392 3.668041 0.058359
0.033240 0.816131 0.142846 3.318843 0.058537
0.033280 0.836653 0.070566 3.028205 0.058751
0.033320 0.865360 0.022210 2.815330 0.058997
0.033360 0.887962 -0.002984 2.688873 0.059261
0.033400 0.896393 -0.009181 2.652256 0.059549
0.033440 0.888329 0.001555 2.706047 0.059845
0.033480 0.866419 0.031397 2.849011 0.060134
0.033520 0.839301 0.084271 3.076951 0.060414
0.033560 0.821752 0.159977 3.380036 0.060657
0.033600 0.830108 0.248594 3.737643 0.060855
0.033640 0.872582 0.330920 4.117617 0.060988
0.033680 0.941938 0.386425 4.481720 0.060966
0.033720 1.018517 0.405165 4.796669 0.060701
0.033760 1.081182 0.394880 5.036530 0.060156
0.033800 1.117842 0.377347 5.181781 0.059400
0.033840 1.126758 0.372356 5.224012 0.058573
0.033880 1.108320 0.385707 5.162181 0.057788
0.033920 1.061375 0.407110 4.999646 0.057164
0.033960 0.988923 0.414615 4.747757 0.056808
0.034000 0.905066 0.388726 4.426704 0.056708
0.034040 0.831002 0.325401 4.060892 0.056761
0.034080 0.785681 0.236684 3.682403 0.056837
0.034120 0.775731 0.143503 3.328413 0.056844
0.034160 0.792325 0.065177 3.032389 0.056814
0.034200 0.818330 0.011545 2.816027 0.056812
0.034240 0.839313 -0.017325 2.687908 0.056826
0.034280 0.847060 -0.024636 2.651697 0.056849
0.034320 0.839149 -0.012010 2.708220 0.056880
0.034360 0.818587 0.022218 2.855697 0.056918
0.034400 0.794380 0.080859 3.089470 0.056949
0.034440 0.781513 0.162558 3.399089 0.056959
0.034480 0.796167 0.255995 3.760598 0.057007
0.034520 0.844844 0.341731 4.140060 0.057093
0.034560 0.918628 0.400449 4.500555 0.057128
0.034600 0.998281 0.423337 4.812035 0.057021
0.034640 1.064080 0.417281 5.051853 0.056707
0.034680 1.104238 0.401801 5.202667 0.056207
0.034720 1.116724 0.395654 5.256161 0.055627
0.034760 1.102070 0.405851 5.210868 0.055075
0.034800 1.059191 0.425111 5.069282 0.054659
0.034840 0.989369 0.434681 4.840068 0.054468
0.034880 0.903303 0.414807 4.539144 0.054481
0.034920 0.819754 0.357400 4.186125 0.054577
0.034960 0.758605 0.269287 3.806560 0.054618
0.035000 0.732353 0.168642 3.434728 0.054498
0.035040 0.738091 0.076193 3.106746 0.054221
0.035080 0.760270 0.006819 2.853223 0.053886
0.035120 0.782559 -0.035595 2.687971 0.053560
0.035160 0.794898 -0.053021 2.615476 0.053248
0.035200 0.793095 -0.047542 2.637249 0.052949
0.035240 0.778042 -0.018915 2.752435 0.052661
0.035280 0.755973 0.034893 2.957783 0.052377
0.035320 0.739265 0.114071 3.245635 0.052106
0.035360 0.744674 0.210600 3.594873 0.051931
0.035400 0.782987 0.307201 3.971774 0.051907
0.035440 0.850578 0.384478 4.340727 0.052002
0.035480 0.931666 0.429493 4.671273 0.052114
0.035520 1.007630 0.441885 4.942139 0.052154
0.035560 1.063640 0.433930 5.137480 0.052050
0.035600 1.093278 0.423642 5.246406 0.051823
0.035640 1.096204 0.423818 5.264364 0.051562
0.035680 1.072390 0.436117 5.191374 0.051366
0.035720 1.021053 0.450637 5.031371 0.051325
0.035760 0.945368 0.449910 4.793301 0.051473
0.035800 0.856634 0.418217 4.489481 0.051712
0.035840 0.772254 0.350080 4.135456 0.051906
0.035880 0.710783 0.252708 3.753160 0.051909
0.035920 0.684457 0.143799 3.374916 0.051659
0.035960 0.689865 0.043680 3.037946 0.051172
0.036000 0.711491 -0.033008 2.774021 0.050506
0.036040 0.733677 -0.081819 2.597740 0.049773
0.036080 0.747145 -0.104261 2.512755 0.049009
0.036120 0.747862 -0.102382 2.519789 0.048246
0.036160 0.735928 -0.076394 2.618379 0.047521
0.036200 0.715622 -0.024774 2.806716 0.046858
0.036240 0.696540 0.053189 3.079383 0.046286
0.036280 0.693747 0.152016 3.418924 0.045900
0.036320 0.720746 0.257107 3.792851 0.045732
0.036360 0.778630 0.349858 4.165049 0.045801
0.036400 0.855173 0.415607 4.505132 0.046049
0.036440 0.933697 0.449745 4.793149 0.046381
0.036480 0.999544 0.458345 5.016105 0.046709
0.036520 1.043810 0.454341 5.165911 0.046964
0.036560 1.063435 0.450721 5.237337 0.047156
0.036600 1.058172 0.454460 5.228295 0.047355
0.036640 1.027745 0.463968 5.139896 0.047644
0.036680 0.972379 0.469705 4.976083 0.048072
0.036720 0.895820 0.457755 4.742258 0.048603
0.036760 0.807911 0.415612 4.445064 0.049114
0.036800 0.724234 0.338416 4.095723 0.049482
0.036840 0.662438 0.232182 3.711318 0.049578
0.036880 0.635106 0.113585 3.321720 0.049309
0.036920 0.639860 0.002133 2.964431 0.048672
0.036960 0.662873 -0.087530 2.672055 0.047732
0.037000 0.689408 -0.149837 2.460056 0.046630
0.037040 0.710253 -0.186225 2.329751 0.045443
0.037080 0.720143 -0.199244 2.281203 0.044229
0.037120 0.717011 -0.190393 2.314399 0.043039
0.037160 0.702030 -0.159348 2.428654 0.041921
0.037200 0.679488 -0.104382 2.622805 0.040922
0.037240 0.657091 -0.024069 2.894859 0.040094
0.037280 0.647325 0.077981 3.232221 0.039529
0.037320 0.663144 0.189669 3.604924 0.039296
0.037360 0.708607 0.294467 3.977593 0.039409
0.037400 0.775181 0.377209 4.318766 0.039814
0.037440 0.848176 0.431395 4.610363 0.040416
0.037480 0.913770 0.459493 4.841025 0.041149
0.037520 0.962823 0.470218 5.005558 0.041936
0.037560 0.991283 0.473311 5.102682 0.042731
0.037600 0.997989 0.475498 5.132036 0.043542
0.037640 0.982630 0.478606 5.093774 0.044403
0.037680 0.945082 0.479124 4.988469 0.045344
0.037720 0.886252 0.468937 4.816448 0.046356
0.037760 0.810443 0.437247 4.578301 0.047377
0.037800 0.727941 0.374792 4.278250 0.048282
0.037840 0.654085 0.279395 3.925472 0.048961
0.037880 0.604961 0.158619 3.533741 0.049245
0.037920 0.589810 0.029042 3.132618 0.049012
0.037960 0.605507 -0.092144 2.758666 0.048260
0.038000 0.640516 -0.192005 2.441734 0.047050
0.038040 0.682197 -0.265257 2.193307 0.045607
0.038080 0.720393 -0.312966 2.014819 0.044025
0.038120 0.747685 -0.338910 1.906515 0.042386
0.038160 0.759591 -0.346779 1.869286 0.040752
0.038200 0.754694 -0.338468 1.903272 0.039165
0.038240 0.734342 -0.313298 2.007734 0.037661
0.038280 0.702621 -0.268646 2.181016 0.036292
0.038320 0.666239 -0.201474 2.421391 0.035119
0.038360 0.634408 -0.110935 2.725116 0.034201
0.038400 0.617960 -0.001822 3.078397 0.033690
0.038440 0.625777 0.114362 3.452700 0.033627
0.038480 0.659028 0.223057 3.814154 0.033993
0.038520 0.709766 0.311838 4.134238 0.034727
0.038560 0.766417 0.375993 4.400874 0.035732
0.038600 0.817476 0.416754 4.606238 0.036947
0.038640 0.854527 0.439572 4.745902 0.038295
0.038680 0.873523 0.450618 4.819876 0.039716
0.038720 0.872949 0.453575 4.828971 0.041193
0.038760 0.852440 0.448471 4.773294 0.042728
0.038800 0.812712 0.431539 4.652036 0.044307
0.038840 0.756835 0.395891 4.464057 0.045869
0.038880 0.692478 0.334155 4.210658 0.047297
0.038920 0.631817 0.243083 3.896889 0.048480
0.038960 0.587952 0.125506 3.528028 0.049297
0.039000 0.572749 -0.007020 3.125342 0.049584
0.039040 0.590668 -0.139354 2.722716 0.049300
0.039080 0.637255 -0.256100 2.354131 0.048496
0.039120 0.700497 -0.345809 2.039944 0.047328
0.039160 0.766972 -0.405761 1.785713 0.045920
0.039200 0.824318 -0.439639 1.596767 0.044388
0.039240 0.865059 -0.455246 1.474195 0.042851
0.039280 0.886266 -0.459702 1.416968 0.041367
0.039320 0.887295 -0.456933 1.424346 0.039940
0.039360 0.868489 -0.446999 1.496423 0.038567
0.039400 0.831224 -0.426193 1.633959 0.037259
0.039440 0.779242 -0.388118 1.837128 0.036068
0.039480 0.720604 -0.326731 2.102045 0.035075
0.039520 0.667026 -0.240291 2.420411 0.034342
0.039560 0.630403 -0.133064 2.780658 0.033964
0.039600 0.619222 -0.017181 3.155333 0.034017
0.039640 0.632847 0.092560 3.510305 0.034508
0.039680 0.662380 0.184155 3.815889 0.035414
0.039720 0.696915 0.252455 4.057497 0.036583
0.039760 0.727180 0.297972 4.230893 0.037944
0.039800 0.746529 0.323614 4.334781 0.039443
0.039840 0.750988 0.331892 4.367964 0.041027
0.039880 0.739267 0.323407 4.329780 0.042655
0.039920 0.712847 0.296311 4.220287 0.044285
0.039960 0.676190 0.247026 4.039838 0.045849
0.040000 0.636717 0.171946 3.788209 0.047272
