 sig=    1.000000000000000      inputfile=
 /home/rjrj524/Finished/vmec_gc_tracer/revised_251128/nc/wout_pwO_nfp2_A6.nc                                                                                                                             
 dt=   2.0000000000000000E-008
 steps=      2000000
 x0=   5.0000000000000003E-002  -0.5260000000000000      
   -3.140000000000000     
 u=    3410.000000000000     
 v_perp=    16500.00000000000     
 
time(s)         x0(1)       x0(2)        x0(3)      r
0.000040 0.607714 0.096974 3.303899 0.049862
0.000080 0.614959 0.149474 3.471272 0.049776
0.000120 0.628424 0.202047 3.641413 0.049745
0.000160 0.648002 0.252824 3.810052 0.049771
0.000200 0.672900 0.300015 3.973258 0.049851
0.000240 0.701855 0.342295 4.128304 0.049974
0.000280 0.733372 0.378844 4.273342 0.050131
0.000320 0.765886 0.409281 4.406841 0.050316
0.000360 0.797891 0.433643 4.527457 0.050528
0.000400 0.828016 0.452337 4.634025 0.050763
0.000440 0.855087 0.466060 4.725593 0.051014
0.000480 0.878177 0.475693 4.801474 0.051278
0.000520 0.896631 0.482163 4.861253 0.051549
0.000560 0.910033 0.486317 4.904722 0.051826
0.000600 0.918141 0.488821 4.931791 0.052107
0.000640 0.920821 0.490103 4.942429 0.052391
0.000680 0.918014 0.490315 4.936630 0.052679
0.000720 0.909724 0.489318 4.914396 0.052971
0.000760 0.896016 0.486695 4.875743 0.053266
0.000800 0.877060 0.481774 4.820719 0.053563
0.000840 0.853192 0.473680 4.749461 0.053860
0.000880 0.824984 0.461424 4.662271 0.054152
0.000920 0.793294 0.444024 4.559689 0.054434
0.000960 0.759261 0.420638 4.442486 0.054699
0.001000 0.724255 0.390689 4.311613 0.054940
0.001040 0.689826 0.353970 4.168200 0.055153
0.001080 0.657634 0.310712 4.013507 0.055333
0.001120 0.629310 0.261576 3.848850 0.055470
0.001160 0.606321 0.207718 3.676126 0.055550
0.001200 0.589769 0.150874 3.498679 0.055565
0.001240 0.580103 0.093013 3.320755 0.055515
0.001280 0.577088 0.035883 3.146319 0.055404
0.001320 0.579992 -0.018948 2.979192 0.055231
0.001360 0.587679 -0.069960 2.823330 0.054991
0.001400 0.598734 -0.115927 2.681986 0.054689
0.001440 0.611745 -0.156106 2.557071 0.054341
0.001480 0.625439 -0.190176 2.449475 0.053961
0.001520 0.638717 -0.218101 2.359568 0.053559
0.001560 0.650667 -0.240037 2.287418 0.053141
0.001600 0.660547 -0.256274 2.232946 0.052712
0.001640 0.667816 -0.267103 2.196016 0.052275
0.001680 0.672103 -0.272779 2.176522 0.051834
0.001720 0.673219 -0.273449 2.174397 0.051394
0.001760 0.671137 -0.269169 2.189604 0.050958
0.001800 0.665998 -0.259878 2.222133 0.050531
0.001840 0.658112 -0.245410 2.272013 0.050117
0.001880 0.647961 -0.225545 2.339280 0.049720
0.001920 0.636210 -0.200041 2.423926 0.049343
0.001960 0.623683 -0.168764 2.525802 0.048990
0.002000 0.611390 -0.131736 2.644423 0.048669
0.002040 0.600480 -0.089242 2.778790 0.048393
0.002080 0.592200 -0.041930 2.927073 0.048175
0.002120 0.587825 0.009147 3.086323 0.048021
0.002160 0.588409 0.062609 3.252827 0.047929
0.002200 0.594610 0.116964 3.422795 0.047895
0.002240 0.606614 0.170656 3.592435 0.047921
0.002280 0.624044 0.221993 3.757687 0.048009
0.002320 0.645977 0.269421 3.914903 0.048155
0.002360 0.671189 0.311888 4.061848 0.048348
0.002400 0.698390 0.348864 4.197425 0.048580
0.002440 0.726251 0.380139 4.320715 0.048845
0.002480 0.753424 0.405762 4.430649 0.049138
0.002520 0.778660 0.426061 4.526228 0.049458
0.002560 0.800918 0.441596 4.606706 0.049799
0.002600 0.819395 0.453042 4.671592 0.050155
0.002640 0.833510 0.461073 4.720590 0.050523
0.002680 0.842872 0.466265 4.753532 0.050899
0.002720 0.847240 0.469028 4.770333 0.051281
0.002760 0.846495 0.469565 4.770956 0.051668
0.002800 0.840617 0.467849 4.755395 0.052058
0.002840 0.829687 0.463621 4.723669 0.052451
0.002880 0.813909 0.456411 4.675840 0.052845
0.002920 0.793648 0.445576 4.612033 0.053236
0.002960 0.769466 0.430362 4.532472 0.053618
0.003000 0.742166 0.410002 4.437527 0.053985
0.003040 0.712810 0.383836 4.327797 0.054330
0.003080 0.682703 0.351444 4.204138 0.054650
0.003120 0.653274 0.312722 4.067454 0.054938
0.003160 0.625939 0.267826 3.918373 0.055187
0.003200 0.602079 0.217225 3.757531 0.055387
0.003240 0.583065 0.161954 3.586710 0.055526
0.003280 0.570023 0.103643 3.409327 0.055599
0.003320 0.563515 0.044059 3.229439 0.055604
0.003360 0.563534 -0.015236 3.050874 0.055544
0.003400 0.569657 -0.072804 2.877362 0.055413
0.003440 0.581080 -0.127217 2.712599 0.055209
0.003480 0.596643 -0.177144 2.559822 0.054942
0.003520 0.614978 -0.221567 2.421324 0.054627
0.003560 0.634727 -0.259986 2.298205 0.054276
0.003600 0.654692 -0.292381 2.190636 0.053895
0.003640 0.673849 -0.318995 2.098481 0.053490
0.003680 0.691282 -0.340168 2.021772 0.053065
0.003720 0.706183 -0.356253 1.960753 0.052624
0.003760 0.717877 -0.367618 1.915747 0.052174
0.003800 0.725866 -0.374601 1.887016 0.051718
0.003840 0.729843 -0.377456 1.874708 0.051261
0.003880 0.729678 -0.376328 1.878873 0.050807
0.003920 0.725421 -0.371223 1.899459 0.050360
0.003960 0.717294 -0.362012 1.936307 0.049923
0.004000 0.705699 -0.348471 1.989148 0.049501
0.004040 0.691206 -0.330321 2.057611 0.049097
0.004080 0.674537 -0.307258 2.141298 0.048717
0.004120 0.656515 -0.279001 2.239939 0.048364
0.004160 0.638059 -0.245298 2.353437 0.048043
0.004200 0.620206 -0.206056 2.481649 0.047757
0.004240 0.604157 -0.161523 2.623767 0.047515
0.004280 0.591185 -0.112451 2.777822 0.047325
0.004320 0.582421 -0.060026 2.940765 0.047197
0.004360 0.578666 -0.005619 3.109046 0.047136
0.004400 0.580328 0.049395 3.279084 0.047138
0.004440 0.587424 0.103634 3.447330 0.047203
0.004480 0.599539 0.155638 3.610066 0.047331
0.004520 0.615789 0.203952 3.763639 0.047518
0.004560 0.634965 0.247455 3.905270 0.047754
0.004600 0.655804 0.285591 4.033575 0.048033
0.004640 0.677160 0.318258 4.148147 0.048348
0.004680 0.697978 0.345580 4.248743 0.048695
0.004720 0.717247 0.367777 4.334873 0.049070
0.004760 0.734031 0.385156 4.405906 0.049469
0.004800 0.747545 0.398098 4.461286 0.049886
0.004840 0.757203 0.406996 4.500635 0.050319
0.004880 0.762611 0.412179 4.523745 0.050762
0.004920 0.763547 0.413846 4.530510 0.051213
0.004960 0.759944 0.412031 4.520889 0.051667
0.005000 0.751877 0.406587 4.494886 0.052122
0.005040 0.739586 0.397206 4.452565 0.052572
0.005080 0.723494 0.383459 4.394098 0.053015
0.005120 0.704242 0.364864 4.319821 0.053443
0.005160 0.682679 0.340980 4.230225 0.053853
0.005200 0.659808 0.311453 4.125823 0.054239
0.005240 0.636706 0.276020 4.006887 0.054596
0.005280 0.614501 0.234539 3.873408 0.054918
0.005320 0.594453 0.187153 3.725643 0.055197
0.005360 0.577956 0.134565 3.564971 0.055423
0.005400 0.566327 0.078043 3.394185 0.055584
0.005440 0.560530 0.019086 3.216892 0.055672
0.005480 0.561086 -0.040852 3.036808 0.055690
0.005520 0.568133 -0.100373 2.857593 0.055639
0.005560 0.581402 -0.157941 2.683055 0.055519
0.005600 0.600082 -0.211879 2.517079 0.055334
0.005640 0.622908 -0.260758 2.362672 0.055092
0.005680 0.648494 -0.303777 2.221214 0.054804
0.005720 0.675534 -0.340675 2.093041 0.054478
0.005760 0.702743 -0.371453 1.978512 0.054122
0.005800 0.728833 -0.396299 1.878328 0.053740
0.005840 0.752624 -0.415626 1.793240 0.053338
0.005880 0.773158 -0.430027 1.723776 0.052921
0.005920 0.789732 -0.440170 1.670229 0.052496
0.005960 0.801874 -0.446674 1.632738 0.052068
0.006000 0.809294 -0.450030 1.611361 0.051639
0.006040 0.811846 -0.450549 1.606116 0.051213
0.006080 0.809508 -0.448337 1.617000 0.050792
0.006120 0.802370 -0.443289 1.643986 0.050378
0.006160 0.790643 -0.435108 1.687015 0.049973
0.006200 0.774689 -0.423333 1.745958 0.049580
0.006240 0.755057 -0.407405 1.820559 0.049205
0.006280 0.732512 -0.386757 1.910349 0.048853
0.006320 0.708053 -0.360927 2.014600 0.048527
0.006360 0.682845 -0.329641 2.132410 0.048231
0.006400 0.658109 -0.292820 2.262982 0.047970
0.006440 0.635055 -0.250577 2.405753 0.047749
0.006480 0.614914 -0.203335 2.559805 0.047577
0.006520 0.598920 -0.152063 2.722938 0.047461
0.006560 0.588056 -0.098241 2.891584 0.047407
0.006600 0.582797 -0.043482 3.061784 0.047414
0.006640 0.583087 0.010712 3.229799 0.047480
0.006680 0.588421 0.062914 3.391943 0.047611
0.006720 0.597914 0.111782 3.544629 0.047809
0.006760 0.610437 0.156193 3.684856 0.048066
0.006800 0.624749 0.195374 3.810501 0.048368
0.006840 0.639652 0.228926 3.920355 0.048704
0.006880 0.654073 0.256823 4.013942 0.049068
0.006920 0.667116 0.279264 4.091202 0.049456
0.006960 0.678056 0.296538 4.152185 0.049864
0.007000 0.686312 0.308930 4.196879 0.050289
0.007040 0.691451 0.316662 4.225211 0.050725
0.007080 0.693189 0.319879 4.237088 0.051170
0.007120 0.691404 0.318627 4.232447 0.051619
0.007160 0.686150 0.312831 4.211277 0.052069
0.007200 0.677639 0.302326 4.173595 0.052515
0.007240 0.666254 0.286850 4.119420 0.052952
0.007280 0.652533 0.266067 4.048705 0.053378
0.007320 0.637168 0.239618 3.961314 0.053786
0.007360 0.621018 0.207191 3.857089 0.054173
0.007400 0.605128 0.168660 3.736098 0.054533
0.007440 0.590722 0.124218 3.598957 0.054856
0.007480 0.579147 0.074449 3.447072 0.055125
0.007520 0.571771 0.020339 3.282891 0.055325
0.007560 0.569798 -0.036770 3.109902 0.055455
0.007600 0.574090 -0.095384 2.931995 0.055521
0.007640 0.585098 -0.153946 2.752970 0.055524
0.007680 0.602744 -0.210683 2.576884 0.055460
0.007720 0.626279 -0.263714 2.407775 0.055331
0.007760 0.654449 -0.311557 2.248391 0.055147
0.007800 0.685801 -0.353341 2.100058 0.054922
0.007840 0.718784 -0.388621 1.963752 0.054664
0.007880 0.751818 -0.417311 1.840580 0.054379
0.007920 0.783435 -0.439717 1.731559 0.054071
0.007960 0.812382 -0.456474 1.637488 0.053746
0.008000 0.837658 -0.468414 1.558961 0.053411
0.008040 0.858520 -0.476440 1.496388 0.053073
0.008080 0.874478 -0.481409 1.450004 0.052735
0.008120 0.885245 -0.484037 1.419917 0.052399
0.008160 0.890675 -0.484831 1.406161 0.052066
0.008200 0.890725 -0.484050 1.408745 0.051737
0.008240 0.885429 -0.481688 1.427661 0.051413
0.008280 0.874892 -0.477475 1.462886 0.051093
0.008320 0.859330 -0.470906 1.514351 0.050779
0.008360 0.839108 -0.461284 1.581889 0.050473
0.008400 0.814798 -0.447803 1.665172 0.050180
0.008440 0.787209 -0.429649 1.763658 0.049904
0.008480 0.757393 -0.406123 1.876569 0.049652
0.008520 0.726623 -0.376759 2.002889 0.049426
0.008560 0.696326 -0.341419 2.141395 0.049229
0.008600 0.667993 -0.300332 2.290777 0.049066
0.008640 0.643060 -0.254091 2.449620 0.048946
0.008680 0.622820 -0.203758 2.615773 0.048879
0.008720 0.608247 -0.150923 2.785729 0.048873
0.008760 0.599735 -0.097399 2.955281 0.048927
0.008800 0.597049 -0.044842 3.120540 0.049036
0.008840 0.599445 0.005224 3.277753 0.049201
0.008880 0.605764 0.051323 3.423022 0.049424
0.008920 0.614600 0.092279 3.553035 0.049700
0.008960 0.624575 0.127434 3.665784 0.050019
0.009000 0.634551 0.156554 3.760397 0.050370
0.009040 0.643581 0.179660 3.836538 0.050745
0.009080 0.650922 0.196867 3.894055 0.051136
0.009120 0.656004 0.208313 3.932861 0.051540
0.009160 0.658431 0.214130 3.952902 0.051953
0.009200 0.657999 0.214377 3.954140 0.052371
0.009240 0.654718 0.209019 3.936546 0.052790
0.009280 0.648768 0.197949 3.900076 0.053206
0.009320 0.640524 0.180994 3.844694 0.053615
0.009360 0.630576 0.157935 3.770381 0.054012
0.009400 0.619675 0.128598 3.677137 0.054392
0.009440 0.608783 0.092890 3.565075 0.054744
0.009480 0.599094 0.050952 3.434759 0.055056
0.009520 0.592072 0.003382 3.287898 0.055317
0.009560 0.589278 -0.048642 3.127689 0.055520
0.009600 0.592070 -0.103597 2.958083 0.055664
0.009640 0.601420 -0.159898 2.782865 0.055750
0.009680 0.617810 -0.215776 2.605975 0.055775
0.009720 0.641014 -0.269177 2.431768 0.055739
0.009760 0.670048 -0.318200 2.263939 0.055648
0.009800 0.703417 -0.361467 2.104912 0.055515
0.009840 0.739397 -0.398140 1.956423 0.055350
0.009880 0.776266 -0.427886 1.819917 0.055157
0.009920 0.812418 -0.450848 1.696649 0.054941
0.009960 0.846384 -0.467571 1.587752 0.054709
0.010000 0.876920 -0.478929 1.494172 0.054467
0.010040 0.903087 -0.486001 1.416550 0.054221
0.010080 0.924269 -0.489910 1.355244 0.053975
0.010120 0.940105 -0.491682 1.310442 0.053732
0.010160 0.950409 -0.492143 1.282253 0.053494
0.010200 0.955103 -0.491851 1.270748 0.053259
0.010240 0.954175 -0.491059 1.275969 0.053029
0.010280 0.947656 -0.489702 1.297914 0.052800
0.010320 0.935635 -0.487401 1.336533 0.052574
0.010360 0.918286 -0.483491 1.391725 0.052350
0.010400 0.895926 -0.477080 1.463305 0.052131
0.010440 0.869087 -0.467132 1.550940 0.051919
0.010480 0.838583 -0.452602 1.654039 0.051719
0.010520 0.805526 -0.432590 1.771674 0.051535
0.010560 0.771272 -0.406485 1.902627 0.051373
0.010600 0.737325 -0.374051 2.045510 0.051237
0.010640 0.705281 -0.335476 2.198752 0.051130
0.010680 0.676768 -0.291430 2.360430 0.051059
0.010720 0.653275 -0.243096 2.528001 0.051032
0.010760 0.635888 -0.192156 2.697943 0.051055
0.010800 0.625011 -0.140579 2.865949 0.051128
0.010840 0.620294 -0.090221 3.027862 0.051247
0.010880 0.620811 -0.042682 3.179969 0.051413
0.010920 0.625235 0.000575 3.318571 0.051626
0.010960 0.632018 0.038310 3.440207 0.051878
0.011000 0.639657 0.069725 3.542408 0.052160
0.011040 0.646902 0.094512 3.623917 0.052465
0.011080 0.652840 0.112670 3.684307 0.052787
0.011120 0.656843 0.124320 3.723506 0.053121
0.011160 0.658522 0.129578 3.741531 0.053463
0.011200 0.657710 0.128490 3.738376 0.053807
0.011240 0.654448 0.121014 3.713993 0.054152
0.011280 0.648991 0.107024 3.668288 0.054490
0.011320 0.641821 0.086337 3.601159 0.054819
0.011360 0.633676 0.058802 3.512631 0.055133
0.011400 0.625620 0.024449 3.403212 0.055425
0.011440 0.619063 -0.016291 3.274409 0.055685
0.011480 0.615653 -0.062454 3.128994 0.055902
0.011520 0.617017 -0.112665 2.970563 0.056071
0.011560 0.624502 -0.165363 2.802827 0.056192
0.011600 0.639002 -0.218765 2.629692 0.056266
0.011640 0.660732 -0.270779 2.455532 0.056290
0.011680 0.689040 -0.319297 2.284510 0.056265
0.011720 0.722532 -0.362586 2.119915 0.056199
0.011760 0.759454 -0.399468 1.964200 0.056100
0.011800 0.798025 -0.429347 1.819205 0.055975
0.011840 0.836534 -0.452142 1.686494 0.055829
0.011880 0.873351 -0.468250 1.567549 0.055670
0.011920 0.907036 -0.478512 1.463619 0.055502
0.011960 0.936471 -0.484095 1.375595 0.055333
0.012000 0.960884 -0.486307 1.304088 0.055166
0.012040 0.979789 -0.486424 1.249569 0.055006
0.012080 0.992915 -0.485549 1.212437 0.054854
0.012120 1.000132 -0.484511 1.193007 0.054709
0.012160 1.001400 -0.483779 1.191479 0.054568
0.012200 0.996729 -0.483425 1.207902 0.054429
0.012240 0.986180 -0.483113 1.242165 0.054289
0.012280 0.969892 -0.482136 1.294007 0.054147
0.012320 0.948141 -0.479482 1.363036 0.054002
0.012360 0.921402 -0.473946 1.448744 0.053858
0.012400 0.890423 -0.464265 1.550460 0.053717
0.012440 0.856273 -0.449293 1.667243 0.053584
0.012480 0.820327 -0.428176 1.797783 0.053465
0.012520 0.784169 -0.400500 1.940460 0.053364
0.012560 0.749457 -0.366326 2.093489 0.053286
0.012600 0.717881 -0.326218 2.254813 0.053236
0.012640 0.691078 -0.281287 2.421754 0.053223
0.012680 0.670368 -0.233159 2.590860 0.053250
0.012720 0.656413 -0.183793 2.758068 0.053316
0.012760 0.649054 -0.135192 2.919137 0.053416
0.012800 0.647408 -0.089178 3.070056 0.053551
0.012840 0.650103 -0.047325 3.207075 0.053724
0.012880 0.655510 -0.010921 3.326780 0.053931
0.012920 0.662019 0.019155 3.426505 0.054163
0.012960 0.668266 0.042455 3.504569 0.054412
0.013000 0.673228 0.058849 3.560096 0.054671
0.013040 0.676229 0.068362 3.592690 0.054938
0.013080 0.676897 0.071042 3.602186 0.055209
0.013120 0.675134 0.066891 3.588519 0.055480
0.013160 0.671109 0.055846 3.551690 0.055750
0.013200 0.665271 0.037810 3.491815 0.056014
0.013240 0.658394 0.012733 3.409271 0.056269
0.013280 0.651607 -0.019240 3.304973 0.056508
0.013320 0.646405 -0.057597 3.180704 0.056721
0.013360 0.644512 -0.101360 3.039249 0.056899
0.013400 0.647616 -0.149136 2.884120 0.057038
0.013440 0.657090 -0.199223 2.719186 0.057141
0.013480 0.673766 -0.249653 2.548584 0.057210
0.013520 0.697699 -0.298282 2.376573 0.057239
0.013560 0.728038 -0.343043 2.207136 0.057228
0.013600 0.763246 -0.382253 2.043650 0.057182
0.013640 0.801541 -0.414794 1.888717 0.057110
0.013680 0.841121 -0.440129 1.744396 0.057019
0.013720 0.880183 -0.458267 1.612559 0.056915
0.013760 0.917033 -0.469768 1.494884 0.056806
0.013800 0.950227 -0.475682 1.392722 0.056697
0.013840 0.978656 -0.477396 1.307150 0.056594
0.013880 1.001549 -0.476428 1.239098 0.056502
0.013920 1.018437 -0.474240 1.189394 0.056423
0.013960 1.029085 -0.472049 1.158718 0.056355
0.014000 1.033404 -0.470682 1.147531 0.056295
0.014040 1.031383 -0.470478 1.156039 0.056238
0.014080 1.023054 -0.471250 1.184174 0.056179
0.014120 1.008514 -0.472302 1.231591 0.056114
0.014160 0.987997 -0.472514 1.297686 0.056042
0.014200 0.961961 -0.470485 1.381638 0.055961
0.014240 0.931165 -0.464718 1.482455 0.055874
0.014280 0.896703 -0.453833 1.598960 0.055788
0.014320 0.859996 -0.436764 1.729704 0.055706
0.014360 0.822711 -0.412927 1.872895 0.055634
0.014400 0.786631 -0.382294 2.026464 0.055576
0.014440 0.753529 -0.345404 2.188087 0.055539
0.014480 0.725097 -0.303364 2.354909 0.055531
0.014520 0.702738 -0.257804 2.523370 0.055556
0.014560 0.687235 -0.210679 2.689503 0.055613
0.014600 0.678547 -0.164002 2.849274 0.055698
0.014640 0.675863 -0.119694 2.998653 0.055810
0.014680 0.677795 -0.079472 3.133682 0.055951
0.014720 0.682636 -0.044706 3.250823 0.056119
0.014760 0.688681 -0.016285 3.347413 0.056306
0.014800 0.694486 0.005358 3.421772 0.056505
0.014840 0.698976 0.020095 3.472972 0.056712
0.014880 0.701452 0.027935 3.500536 0.056923
0.014920 0.701547 0.028909 3.504239 0.057137
0.014960 0.699226 0.023004 3.484027 0.057351
0.015000 0.694785 0.010154 3.440000 0.057563
0.015040 0.688841 -0.009704 3.372474 0.057770
0.015080 0.682391 -0.036530 3.282141 0.057968
0.015120 0.676831 -0.070019 3.170350 0.058150
0.015160 0.673882 -0.109421 3.039415 0.058307
0.015200 0.675352 -0.153466 2.892656 0.058435
0.015240 0.682809 -0.200458 2.734016 0.058535
0.015280 0.697306 -0.248444 2.567571 0.058606
0.015320 0.719162 -0.295329 2.397359 0.058646
0.015360 0.747820 -0.338995 2.227401 0.058653
0.015400 0.781950 -0.377558 2.061474 0.058629
0.015440 0.819811 -0.409638 1.902702 0.058583
0.015480 0.859529 -0.434456 1.753609 0.058524
0.015520 0.899187 -0.451839 1.616435 0.058459
0.015560 0.936932 -0.462248 1.493172 0.058393
0.015600 0.971135 -0.466728 1.385523 0.058334
0.015640 1.000485 -0.466781 1.294983 0.058288
0.015680 1.024052 -0.464148 1.222920 0.058259
0.015720 1.041283 -0.460558 1.170530 0.058246
0.015760 1.051927 -0.457465 1.138732 0.058247
0.015800 1.055914 -0.455843 1.128107 0.058257
0.015840 1.053244 -0.456060 1.138887 0.058269
0.015880 1.043947 -0.457830 1.170946 0.058277
0.015920 1.028116 -0.460251 1.223802 0.058277
0.015960 1.006023 -0.461914 1.296596 0.058263
0.016000 0.978239 -0.461115 1.388137 0.058236
0.016040 0.945725 -0.456123 1.496985 0.058197
0.016080 0.909827 -0.445454 1.621506 0.058152
0.016120 0.872209 -0.428091 1.759836 0.058105
0.016160 0.834741 -0.403616 1.909812 0.058061
0.016200 0.799342 -0.372261 2.068959 0.058026
0.016240 0.767853 -0.334890 2.234419 0.058007
0.016280 0.741894 -0.292958 2.402729 0.058012
0.016320 0.722595 -0.248361 2.569919 0.058042
0.016360 0.710328 -0.203144 2.732005 0.058098
0.016400 0.704652 -0.159298 2.885126 0.058178
0.016440 0.704431 -0.118690 3.025332 0.058280
0.016480 0.708034 -0.082926 3.148781 0.058402
0.016520 0.713657 -0.053140 3.252346 0.058540
0.016560 0.719643 -0.029932 3.333955 0.058685
0.016600 0.724685 -0.013501 3.392437 0.058836
0.016640 0.727890 -0.003849 3.427181 0.058989
0.016680 0.728752 -0.000928 3.437886 0.059144
0.016720 0.727127 -0.004730 3.424450 0.059300
0.016760 0.723225 -0.015307 3.386943 0.059455
0.016800 0.717631 -0.032739 3.325639 0.059608
0.016840 0.711330 -0.057039 3.241148 0.059758
0.016880 0.705719 -0.087981 3.134680 0.059898
0.016920 0.702541 -0.124895 3.008406 0.060024
0.016960 0.703660 -0.166545 2.865578 0.060128
0.017000 0.710696 -0.211224 2.710126 0.060209
0.017040 0.724733 -0.256975 2.546018 0.060265
0.017080 0.746133 -0.301713 2.377135 0.060295
0.017120 0.774411 -0.343293 2.207498 0.060299
0.017160 0.808296 -0.379755 2.041075 0.060281
0.017200 0.846036 -0.409625 1.881300 0.060249
0.017240 0.885665 -0.432058 1.731053 0.060212
0.017280 0.925152 -0.446884 1.592861 0.060177
0.017320 0.962529 -0.454642 1.468961 0.060150
0.017360 0.996048 -0.456537 1.361367 0.060138
0.017400 1.024316 -0.454300 1.271953 0.060146
0.017440 1.046392 -0.449928 1.202420 0.060176
0.017480 1.061782 -0.445342 1.154147 0.060224
0.017520 1.070312 -0.442068 1.128088 0.060286
0.017560 1.071965 -0.441005 1.124758 0.060354
0.017600 1.066757 -0.442312 1.144270 0.060422
0.017640 1.054719 -0.445389 1.186336 0.060484
0.017680 1.035984 -0.448945 1.250229 0.060532
0.017720 1.010948 -0.451183 1.334746 0.060563
0.017760 0.980428 -0.450102 1.438258 0.060575
0.017800 0.945715 -0.443855 1.558838 0.060571
0.017840 0.908502 -0.431062 1.694374 0.060555
0.017880 0.870745 -0.410998 1.842540 0.060532
0.017920 0.834497 -0.383661 2.000704 0.060508
0.017960 0.801752 -0.349764 2.165835 0.060488
0.018000 0.774270 -0.310682 2.334361 0.060481
0.018040 0.753337 -0.268304 2.502201 0.060491
0.018080 0.739501 -0.224740 2.665239 0.060521
0.018120 0.732489 -0.182043 2.819638 0.060570
0.018160 0.731302 -0.142130 2.961602 0.060639
0.018200 0.734382 -0.106672 3.087356 0.060722
0.018240 0.739896 -0.076888 3.193696 0.060813
0.018280 0.746093 -0.053443 3.278432 0.060908
0.018320 0.751549 -0.036556 3.340309 0.061004
0.018360 0.755247 -0.026213 3.378666 0.061100
0.018400 0.756581 -0.022340 3.393173 0.061195
0.018440 0.755335 -0.024907 3.383705 0.061292
0.018480 0.751675 -0.033960 3.350309 0.061389
0.018520 0.746156 -0.049600 3.293224 0.061487
0.018560 0.739745 -0.071887 3.212989 0.061586
0.018600 0.733833 -0.100676 3.110680 0.061682
0.018640 0.730172 -0.135395 2.988262 0.061771
0.018680 0.730645 -0.174899 2.848771 0.061846
0.018720 0.736914 -0.217534 2.695955 0.061902
0.018760 0.750114 -0.261360 2.533658 0.061938
0.018800 0.770674 -0.304278 2.365701 0.061953
0.018840 0.798197 -0.344096 2.196169 0.061950
0.018880 0.831476 -0.378767 2.029221 0.061933
0.018920 0.868740 -0.406730 1.868596 0.061912
0.018960 0.907933 -0.427091 1.717483 0.061895
0.019000 0.946907 -0.439699 1.578665 0.061888
0.019040 0.983575 -0.445189 1.454634 0.061897
0.019080 1.016089 -0.444942 1.347721 0.061928
0.019120 1.043015 -0.440927 1.260119 0.061985
0.019160 1.063450 -0.435365 1.193738 0.062065
0.019200 1.076979 -0.430306 1.150014 0.062165
0.019240 1.083500 -0.427273 1.129847 0.062277
0.019280 1.083026 -0.427029 1.133654 0.062394
0.019320 1.075574 -0.429490 1.161421 0.062508
0.019360 1.061182 -0.433725 1.212692 0.062612
0.019400 1.040046 -0.438080 1.286488 0.062699
0.019440 1.012729 -0.440431 1.381255 0.062764
0.019480 0.980316 -0.438589 1.494948 0.062806
0.019520 0.944411 -0.430721 1.625222 0.062826
0.019560 0.906995 -0.415659 1.769567 0.062830
0.019600 0.870235 -0.393025 1.925238 0.062821
0.019640 0.836290 -0.363246 2.089124 0.062806
0.019680 0.807112 -0.327503 2.257606 0.062791
0.019720 0.784208 -0.287596 2.426544 0.062783
0.019760 0.768383 -0.245672 2.591622 0.062785
0.019800 0.759611 -0.203894 2.748824 0.062801
0.019840 0.757087 -0.164264 2.894409 0.062832
0.019880 0.759384 -0.128532 3.024735 0.062873
0.019920 0.764705 -0.098019 3.136589 0.062920
0.019960 0.771229 -0.073494 3.227649 0.062966
0.020000 0.777388 -0.055237 3.296518 0.063010
0.020040 0.782008 -0.043240 3.342429 0.063052
0.020080 0.784325 -0.037400 3.364976 0.063093
0.020120 0.783980 -0.037646 3.363976 0.063135
0.020160 0.781008 -0.043995 3.339419 0.063177
0.020200 0.775836 -0.056552 3.291478 0.063221
0.020240 0.769297 -0.075437 3.220557 0.063268
0.020280 0.762647 -0.100651 3.127445 0.063317
0.020320 0.757524 -0.131869 3.013613 0.063366
0.020360 0.755804 -0.168240 2.881491 0.063410
0.020400 0.759275 -0.208342 2.734391 0.063442
0.020440 0.769306 -0.250344 2.576006 0.063457
0.020480 0.786620 -0.292173 2.410114 0.063459
0.020520 0.811151 -0.331597 2.240785 0.063450
0.020560 0.841982 -0.366422 2.072361 0.063435
0.020600 0.877489 -0.394842 1.908969 0.063422
0.020640 0.915615 -0.415711 1.754215 0.063418
0.020680 0.954112 -0.428671 1.611228 0.063430
0.020720 0.990749 -0.434211 1.482811 0.063464
0.020760 1.023509 -0.433668 1.371598 0.063526
0.020800 1.050801 -0.429077 1.280081 0.063617
0.020840 1.071606 -0.422822 1.210424 0.063735
0.020880 1.085456 -0.417148 1.164231 0.063874
0.020920 1.092234 -0.413739 1.142494 0.064026
0.020960 1.091957 -0.413460 1.145667 0.064183
0.021000 1.084642 -0.416243 1.173743 0.064337
0.021040 1.070322 -0.421097 1.226247 0.064481
0.021080 1.049200 -0.426229 1.302126 0.064605
0.021120 1.021875 -0.429344 1.399673 0.064705
0.021160 0.989523 -0.428091 1.516597 0.064777
0.021200 0.953883 -0.420550 1.650274 0.064821
0.021240 0.917087 -0.405566 1.797909 0.064842
0.021280 0.881427 -0.382866 1.956471 0.064845
0.021320 0.849135 -0.353048 2.122515 0.064833
0.021360 0.822142 -0.317493 2.292069 0.064815
0.021400 0.801801 -0.278179 2.460736 0.064796
0.021440 0.788665 -0.237355 2.624132 0.064780
0.021480 0.782438 -0.197211 2.778258 0.064772
0.021520 0.782087 -0.159714 2.919436 0.064771
0.021560 0.786031 -0.126468 3.044292 0.064775
0.021600 0.792429 -0.098566 3.150107 0.064777
0.021640 0.799512 -0.076542 3.235047 0.064776
0.021680 0.805808 -0.060519 3.298014 0.064772
0.021720 0.810234 -0.050405 3.338373 0.064766
0.021760 0.812113 -0.046066 3.355766 0.064760
0.021800 0.811165 -0.047432 3.350041 0.064753
0.021840 0.807508 -0.054544 3.321236 0.064748
0.021880 0.801654 -0.067533 3.269582 0.064744
0.021920 0.794519 -0.086546 3.195544 0.064744
0.021960 0.787423 -0.111595 3.099953 0.064748
0.022000 0.782044 -0.142361 2.984253 0.064754
0.022040 0.780251 -0.178001 2.850757 0.064759
0.022080 0.783800 -0.217101 2.702605 0.064756
0.022120 0.794002 -0.257807 2.543385 0.064745
0.022160 0.811509 -0.297984 2.376938 0.064726
0.022200 0.836164 -0.335335 2.207493 0.064706
0.022240 0.866955 -0.367658 2.039520 0.064691
0.022280 0.902151 -0.393207 1.877252 0.064687
0.022320 0.939575 -0.410967 1.724416 0.064701
0.022360 0.976876 -0.420782 1.584269 0.064740
0.022400 1.011766 -0.423422 1.459777 0.064809
0.022440 1.042257 -0.420546 1.353765 0.064911
0.022480 1.066883 -0.414474 1.268842 0.065045
0.022520 1.084797 -0.407729 1.207132 0.065205
0.022560 1.095674 -0.402502 1.170080 0.065385
0.022600 1.099466 -0.400250 1.158483 0.065574
0.022640 1.096199 -0.401485 1.172608 0.065766
0.022680 1.085886 -0.405706 1.212243 0.065951
0.022720 1.068619 -0.411458 1.276630 0.066120
0.022760 1.044778 -0.416549 1.364333 0.066265
0.022800 1.015270 -0.418460 1.473197 0.066380
0.022840 0.981628 -0.414886 1.600539 0.066463
0.022880 0.945911 -0.404200 1.743425 0.066514
0.022920 0.910465 -0.385694 1.898738 0.066537
0.022960 0.877665 -0.359621 2.063004 0.066537
0.023000 0.849635 -0.327115 2.232246 0.066520
0.023040 0.827961 -0.290018 2.402033 0.066491
0.023080 0.813446 -0.250576 2.567830 0.066457
0.023120 0.806016 -0.211079 2.725420 0.066422
0.023160 0.804814 -0.173609 2.871020 0.066389
0.023200 0.808377 -0.139876 3.001273 0.066356
0.023240 0.814910 -0.111075 3.113456 0.066319
0.023280 0.822604 -0.087837 3.205654 0.066278
0.023320 0.829882 -0.070342 3.276639 0.066233
0.023360 0.835518 -0.058511 3.325635 0.066186
0.023400 0.838675 -0.052176 3.352158 0.066138
0.023440 0.838913 -0.051212 3.355953 0.066091
0.023480 0.836186 -0.055608 3.336980 0.066044
0.023520 0.830841 -0.065478 3.295412 0.065999
0.023560 0.823623 -0.080999 3.231646 0.065955
0.023600 0.815667 -0.102305 3.146346 0.065914
0.023640 0.808479 -0.129313 3.040577 0.065879
0.023680 0.803844 -0.161533 2.916037 0.065847
0.023720 0.803606 -0.197915 2.775237 0.065816
0.023760 0.809349 -0.236855 2.621405 0.065783
0.023800 0.822105 -0.276341 2.458224 0.065748
0.023840 0.842176 -0.314098 2.289782 0.065717
0.023880 0.869011 -0.347800 2.120566 0.065695
0.023920 0.901218 -0.375407 1.955097 0.065689
0.023960 0.936764 -0.395521 1.797520 0.065706
0.024000 0.973280 -0.407602 1.651475 0.065751
0.024040 1.008352 -0.412072 1.520209 0.065831
0.024080 1.039791 -0.410331 1.406772 0.065946
0.024120 1.065878 -0.404591 1.314032 0.066098
0.024160 1.085524 -0.397462 1.244427 0.066280
0.024200 1.098234 -0.391384 1.199696 0.066484
0.024240 1.103883 -0.388127 1.180859 0.066702
0.024280 1.102482 -0.388512 1.188334 0.066924
0.024320 1.094050 -0.392289 1.222030 0.067141
0.024360 1.078657 -0.398172 1.281302 0.067344
0.024400 1.056622 -0.404025 1.364817 0.067523
0.024440 1.028760 -0.407257 1.470463 0.067670
0.024480 0.996535 -0.405386 1.595497 0.067781
0.024520 0.961987 -0.396567 1.736860 0.067855
0.024560 0.927504 -0.379907 1.891294 0.067895
0.024600 0.895541 -0.355537 2.055187 0.067904
0.024640 0.868295 -0.324532 2.224434 0.067889
0.024680 0.847391 -0.288722 2.394520 0.067855
0.024720 0.833639 -0.250369 2.560845 0.067809
0.024760 0.826961 -0.211805 2.719115 0.067754
0.024800 0.826484 -0.175142 2.865527 0.067694
0.024840 0.830755 -0.142084 2.996824 0.067629
0.024880 0.837999 -0.113788 3.110445 0.067558
0.024920 0.846417 -0.090856 3.204574 0.067480
0.024960 0.854420 -0.073445 3.277983 0.067399
0.025000 0.860754 -0.061450 3.329832 0.067315
0.025040 0.864539 -0.054669 3.359569 0.067231
0.025080 0.865285 -0.052941 3.366887 0.067148
0.025120 0.862886 -0.056227 3.351710 0.067064
0.025160 0.857623 -0.064634 3.314190 0.066982
0.025200 0.850164 -0.078366 3.254715 0.066901
0.025240 0.841562 -0.097612 3.173934 0.066823
0.025280 0.833230 -0.122398 3.072818 0.066750
0.025320 0.826875 -0.152405 2.952813 0.066684
0.025360 0.824333 -0.186803 2.816043 0.066623
0.025400 0.827284 -0.224186 2.665393 0.066567
0.025440 0.836954 -0.262650 2.504365 0.066515
0.025480 0.853888 -0.299961 2.336962 0.066473
0.025520 0.877810 -0.333755 2.167633 0.066445
0.025560 0.907567 -0.361864 2.001006 0.066438
0.025600 0.941254 -0.382699 1.841468 0.066458
0.025640 0.976510 -0.395526 1.692928 0.066512
0.025680 1.010858 -0.400604 1.558855 0.066604
0.025720 1.042012 -0.399223 1.442460 0.066737
0.025760 1.068133 -0.393558 1.346767 0.066908
0.025800 1.088017 -0.386264 1.274378 0.067113
0.025840 1.101075 -0.379890 1.227184 0.067341
0.025880 1.107131 -0.376338 1.206307 0.067584
0.025920 1.106177 -0.376530 1.212226 0.067832
0.025960 1.098234 -0.380276 1.244873 0.068075
0.026000 1.083387 -0.386296 1.303603 0.068304
0.026040 1.061976 -0.392414 1.387047 0.068509
0.026080 1.034850 -0.395974 1.493022 0.068679
0.026120 1.003514 -0.394426 1.618689 0.068809
0.026160 0.970054 -0.385888 1.760867 0.068898
0.026200 0.936921 -0.369472 1.916144 0.068948
0.026240 0.906607 -0.345360 2.080713 0.068962
0.026280 0.881286 -0.314721 2.250281 0.068947
0.026320 0.862476 -0.279465 2.420231 0.068908
0.026360 0.850832 -0.241897 2.585959 0.068850
0.026400 0.846123 -0.204348 2.743219 0.068778
0.026440 0.847361 -0.168888 2.888303 0.068695
0.026480 0.853019 -0.137120 3.018161 0.068602
0.026520 0.861321 -0.110080 3.130474 0.068500
0.026560 0.870519 -0.088267 3.223584 0.068390
0.026600 0.879078 -0.071764 3.296314 0.068275
0.026640 0.885785 -0.060407 3.347837 0.068156
0.026680 0.889794 -0.053947 3.377620 0.068035
0.026720 0.890638 -0.052187 3.385376 0.067913
0.026760 0.888212 -0.055078 3.371032 0.067792
0.026800 0.882772 -0.062742 3.334721 0.067674
0.026840 0.874942 -0.075416 3.276803 0.067558
0.026880 0.865717 -0.093346 3.197901 0.067447
0.026920 0.856441 -0.116628 3.098954 0.067343
0.026960 0.848757 -0.145045 2.981302 0.067246
0.027000 0.844466 -0.177911 2.846845 0.067159
0.027040 0.845282 -0.213965 2.698199 0.067082
0.027080 0.852532 -0.251414 2.538674 0.067016
0.027120 0.866924 -0.288071 2.372169 0.066964
0.027160 0.888374 -0.321572 2.203078 0.066932
0.027200 0.915918 -0.349684 2.036060 0.066925
0.027240 0.947773 -0.370704 1.875647 0.066950
0.027280 0.981607 -0.383776 1.725953 0.067013
0.027320 1.014908 -0.389069 1.590624 0.067118
0.027360 1.045333 -0.387818 1.473001 0.067267
0.027400 1.070982 -0.382184 1.376205 0.067458
0.027440 1.090580 -0.374847 1.302937 0.067683
0.027480 1.103475 -0.368413 1.255172 0.067934
0.027520 1.109451 -0.364839 1.234088 0.068200
0.027560 1.108479 -0.365072 1.240189 0.068470
0.027600 1.100587 -0.368911 1.273397 0.068735
0.027640 1.085888 -0.375027 1.333020 0.068986
0.027680 1.064774 -0.381182 1.417614 0.069210
0.027720 1.038165 -0.384667 1.524898 0.069397
0.027760 1.007638 -0.382920 1.651933 0.069542
0.027800 0.975352 -0.374092 1.795438 0.069642
0.027840 0.943803 -0.357371 1.951848 0.069699
0.027880 0.915484 -0.333060 2.117154 0.069716
0.027920 0.892486 -0.302454 2.286894 0.069699
0.027960 0.876158 -0.267555 2.456394 0.069654
0.028000 0.866953 -0.230694 2.621103 0.069587
0.028040 0.864456 -0.194172 2.776888 0.069500
0.028080 0.867547 -0.159967 2.920219 0.069397
0.028120 0.874649 -0.129553 3.048288 0.069280
0.028160 0.884013 -0.103830 3.159011 0.069149
0.028200 0.893949 -0.083182 3.250882 0.069008
0.028240 0.903003 -0.067604 3.322837 0.068858
0.028280 0.910042 -0.056856 3.374161 0.068701
0.028320 0.914299 -0.050627 3.404430 0.068538
0.028360 0.915354 -0.048681 3.413430 0.068372
0.028400 0.913104 -0.050949 3.401105 0.068208
0.028440 0.907747 -0.057556 3.367533 0.068048
0.028480 0.899799 -0.068778 3.312956 0.067894
0.028520 0.890129 -0.084929 3.237849 0.067749
0.028560 0.879956 -0.106213 3.142995 0.067614
0.028600 0.870805 -0.132557 3.029561 0.067489
0.028640 0.864399 -0.163461 2.899203 0.067378
0.028680 0.862470 -0.197885 2.754201 0.067281
0.028720 0.866484 -0.234229 2.597549 0.067200
0.028760 0.877369 -0.270437 2.432904 0.067138
0.028800 0.895337 -0.304189 2.264488 0.067099
0.028840 0.919749 -0.333183 2.096905 0.067088
0.028880 0.949091 -0.355530 1.934801 0.067112
0.028920 0.981164 -0.370118 1.782521 0.067176
0.028960 1.013460 -0.376861 1.643943 0.067286
0.029000 1.043558 -0.376767 1.522558 0.067441
0.029040 1.069428 -0.371834 1.421597 0.067642
0.029080 1.089628 -0.364693 1.343914 0.067880
0.029120 1.103356 -0.358025 1.291676 0.068147
0.029160 1.110297 -0.353945 1.266234 0.068429
0.029200 1.110381 -0.353598 1.268215 0.068719
0.029240 1.103631 -0.356955 1.297626 0.069004
0.029280 1.090161 -0.362826 1.353840 0.069276
0.029320 1.070359 -0.369047 1.435475 0.069522
0.029360 1.045116 -0.372921 1.540302 0.069731
0.029400 1.015974 -0.371831 1.665399 0.069896
0.029440 0.985064 -0.363833 1.807450 0.070012
0.029480 0.954881 -0.348019 1.962816 0.070082
0.029520 0.927926 -0.324629 2.127391 0.070108
0.029560 0.906278 -0.294929 2.296639 0.070097
0.029600 0.891242 -0.260905 2.465882 0.070054
0.029640 0.883219 -0.224867 2.630618 0.069983
0.029680 0.881760 -0.189089 2.786782 0.069887
0.029720 0.885744 -0.155513 2.930939 0.069770
0.029760 0.893626 -0.125574 3.060403 0.069633
0.029800 0.903708 -0.100137 3.173205 0.069478
0.029840 0.914359 -0.079557 3.267955 0.069307
0.029880 0.924179 -0.063791 3.343719 0.069121
0.029920 0.932092 -0.052550 3.399925 0.068922
0.029960 0.937370 -0.045464 3.436272 0.068713
0.030000 0.939596 -0.042223 3.452624 0.068500
0.030040 0.938612 -0.042680 3.448939 0.068286
0.030080 0.934481 -0.046890 3.425224 0.068076
0.030120 0.927501 -0.055093 3.381552 0.067874
0.030160 0.918244 -0.067652 3.318115 0.067684
0.030200 0.907607 -0.084924 3.235314 0.067509
0.030240 0.896820 -0.107108 3.133876 0.067349
0.030280 0.887401 -0.134078 3.014947 0.067206
0.030320 0.881034 -0.165248 2.880209 0.067082
0.030360 0.879357 -0.199489 2.731989 0.066977
0.030400 0.883705 -0.235136 2.573321 0.066894
0.030440 0.894870 -0.270102 2.407896 0.066836
0.030480 0.912922 -0.302082 2.239966 0.066806
0.030520 0.937083 -0.328863 2.074136 0.066810
0.030560 0.965712 -0.348726 1.915031 0.066852
0.030600 0.996531 -0.360816 1.766966 0.066940
0.030640 1.027036 -0.365355 1.633790 0.067076
0.030680 1.054894 -0.363662 1.518968 0.067260
0.030720 1.078233 -0.357961 1.425663 0.067489
0.030760 1.095791 -0.350942 1.356551 0.067753
0.030800 1.106903 -0.345147 1.313555 0.068042
0.030840 1.111322 -0.342389 1.297793 0.068344
0.030880 1.109003 -0.343413 1.309676 0.068648
0.030920 1.100004 -0.347756 1.348982 0.068945
0.030960 1.084551 -0.353836 1.414792 0.069224
0.031000 1.063242 -0.359233 1.505371 0.069471
0.031040 1.037254 -0.361224 1.618176 0.069677
0.031080 1.008400 -0.357424 1.750084 0.069835
0.031120 0.978996 -0.346294 1.897606 0.069942
0.031160 0.951572 -0.327422 2.056818 0.070001
0.031200 0.928449 -0.301536 2.223313 0.070017
0.031240 0.911307 -0.270270 2.392431 0.069995
0.031280 0.900949 -0.235780 2.559605 0.069940
0.031320 0.897299 -0.200349 2.720626 0.069853
0.031360 0.899545 -0.166065 2.871838 0.069738
0.031400 0.906360 -0.134583 3.010301 0.069596
0.031440 0.916158 -0.107018 3.133840 0.069430
0.031480 0.927327 -0.083941 3.240955 0.069241
0.031520 0.938417 -0.065469 3.330678 0.069030
0.031560 0.948258 -0.051396 3.402430 0.068800
0.031600 0.956015 -0.041346 3.455901 0.068557
0.031640 0.961159 -0.034924 3.490941 0.068305
0.031680 0.963404 -0.031819 3.507483 0.068048
0.031720 0.962642 -0.031884 3.505505 0.067791
0.031760 0.958909 -0.035152 3.485011 0.067537
0.031800 0.952389 -0.041841 3.446039 0.067290
0.031840 0.943462 -0.052306 3.388673 0.067055
0.031880 0.932772 -0.066957 3.313102 0.066835
0.031920 0.921267 -0.086138 3.219702 0.066636
0.031960 0.910207 -0.109968 3.109169 0.066459
0.032000 0.901099 -0.138190 2.982657 0.066305
0.032040 0.895548 -0.170056 2.841928 0.066176
0.032080 0.895041 -0.204281 2.689434 0.066072
0.032120 0.900697 -0.239092 2.528320 0.065997
0.032160 0.913069 -0.272367 2.362358 0.065952
0.032200 0.931976 -0.301859 2.195845 0.065941
0.032240 0.956387 -0.325536 2.033373 0.065968
0.032280 0.984460 -0.341999 1.879495 0.066038
0.032320 1.013833 -0.350818 1.738406 0.066156
0.032360 1.042064 -0.352678 1.613834 0.066325
0.032400 1.067011 -0.349292 1.509129 0.066542
0.032440 1.087053 -0.343104 1.427250 0.066800
0.032480 1.101180 -0.336751 1.370547 0.067089
0.032520 1.108903 -0.332453 1.340572 0.067397
0.032560 1.110060 -0.331523 1.338113 0.067713
0.032600 1.104650 -0.334135 1.363276 0.068026
0.032640 1.092822 -0.339270 1.415495 0.068327
0.032680 1.075003 -0.344910 1.493443 0.068603
0.032720 1.052104 -0.348461 1.594965 0.068842
0.032760 1.025649 -0.347359 1.717205 0.069034
0.032800 0.997732 -0.339653 1.856838 0.069176
0.032840 0.970794 -0.324412 2.010104 0.069266
0.032880 0.947244 -0.301870 2.172734 0.069309
0.032920 0.928994 -0.273290 2.340122 0.069310
0.032960 0.917136 -0.240613 2.507700 0.069273
0.033000 0.911882 -0.206041 2.671234 0.069200
0.033040 0.912684 -0.171690 2.826987 0.069091
0.033080 0.918439 -0.139337 2.971878 0.068949
0.033120 0.927712 -0.110266 3.103595 0.068777
0.033160 0.938971 -0.085226 3.220573 0.068576
0.033200 0.950778 -0.064498 3.321823 0.068348
0.033240 0.961922 -0.048003 3.406730 0.068099
0.033280 0.971497 -0.035447 3.474888 0.067836
0.033320 0.978903 -0.026439 3.526019 0.067564
0.033360 0.983785 -0.020607 3.559930 0.067287
0.033400 0.985960 -0.017673 3.576499 0.067007
0.033440 0.985362 -0.017497 3.575663 0.066727
0.033480 0.982009 -0.020100 3.557434 0.066449
0.033520 0.976010 -0.025660 3.521886 0.066176
0.033560 0.967599 -0.034485 3.469165 0.065909
0.033600 0.957202 -0.046968 3.399480 0.065654
0.033640 0.945504 -0.063495 3.313129 0.065416
0.033680 0.933488 -0.084335 3.210555 0.065199
0.033720 0.922408 -0.109500 3.092456 0.065009
0.033760 0.913720 -0.138611 2.959978 0.064849
0.033800 0.908915 -0.170796 2.814909 0.064718
0.033840 0.909310 -0.204676 2.659757 0.064620
0.033880 0.915827 -0.238445 2.497692 0.064555
0.033920 0.928818 -0.270016 2.332470 0.064526
0.033960 0.947917 -0.297255 2.168344 0.064535
0.034000 0.971932 -0.318340 2.009852 0.064584
0.034040 0.998914 -0.332175 1.861457 0.064680
0.034080 1.026511 -0.338696 1.727238 0.064826
0.034120 1.052398 -0.338932 1.610801 0.065023
0.034160 1.074627 -0.334834 1.515341 0.065266
0.034200 1.091792 -0.328890 1.443577 0.065546
0.034240 1.103063 -0.323555 1.397541 0.065852
0.034280 1.108057 -0.320686 1.378487 0.066172
0.034320 1.106667 -0.321140 1.386931 0.066496
0.034360 1.098953 -0.324620 1.422714 0.066814
0.034400 1.085186 -0.329709 1.484970 0.067115
0.034440 1.066011 -0.334170 1.572040 0.067385
0.034480 1.042608 -0.335443 1.681493 0.067615
0.034520 1.016751 -0.331246 1.810292 0.067795
0.034560 0.990680 -0.320093 1.954929 0.067924
0.034600 0.966799 -0.301593 2.111371 0.068002
0.034640 0.947233 -0.276474 2.275146 0.068034
0.034680 0.933414 -0.246324 2.441699 0.068024
0.034720 0.925916 -0.213165 2.606767 0.067973
0.034760 0.924534 -0.179084 2.766551 0.067881
0.034800 0.928460 -0.145951 2.917819 0.067749
0.034840 0.936482 -0.115235 3.058043 0.067581
0.034880 0.947190 -0.087915 3.185467 0.067379
0.034920 0.959172 -0.064499 3.298955 0.067150
0.034960 0.971158 -0.045129 3.397716 0.066899
0.035000 0.982133 -0.029676 3.481137 0.066634
0.035040 0.991399 -0.017838 3.548749 0.066359
0.035080 0.998535 -0.009239 3.600229 0.066076
0.035120 1.003318 -0.003527 3.635344 0.065786
0.035160 1.005641 -0.000433 3.653924 0.065492
0.035200 1.005462 0.000186 3.655872 0.065197
0.035240 1.002785 -0.001664 3.641177 0.064904
0.035280 0.997658 -0.006121 3.609927 0.064617
0.035320 0.990202 -0.013444 3.562287 0.064337
0.035360 0.980648 -0.023982 3.498495 0.064067
0.035400 0.969416 -0.038115 3.418870 0.063808
0.035440 0.957193 -0.056166 3.323859 0.063564
0.035480 0.944965 -0.078296 3.214060 0.063339
0.035520 0.933972 -0.104404 3.090273 0.063141
0.035560 0.925597 -0.134015 2.953660 0.062975
0.035600 0.921215 -0.166194 2.805988 0.062843
0.035640 0.921990 -0.199545 2.649732 0.062749
0.035680 0.928687 -0.232298 2.487991 0.062694
0.035720 0.941531 -0.262465 2.324396 0.062679
0.035760 0.960067 -0.288051 2.163072 0.062705
0.035800 0.983052 -0.307421 2.008453 0.062775
0.035840 1.008546 -0.319705 1.864914 0.062892
0.035880 1.034267 -0.325070 1.736442 0.063060
0.035920 1.058023 -0.324726 1.626531 0.063278
0.035960 1.078015 -0.320701 1.538222 0.063539
0.036000 1.092985 -0.315401 1.474009 0.063833
0.036040 1.102202 -0.311059 1.435688 0.064150
0.036080 1.105340 -0.309222 1.424296 0.064478
0.036120 1.102327 -0.310414 1.440165 0.064807
0.036160 1.093289 -0.314035 1.482944 0.065127
0.036200 1.078618 -0.318477 1.551557 0.065427
0.036240 1.059130 -0.321465 1.644154 0.065694
0.036280 1.036185 -0.320585 1.758169 0.065917
0.036320 1.011679 -0.313857 1.890465 0.066091
0.036360 0.987870 -0.300175 2.037371 0.066214
0.036400 0.967004 -0.279538 2.194686 0.066287
0.036440 0.950866 -0.252968 2.357928 0.066313
0.036480 0.940477 -0.222159 2.522785 0.066295
0.036520 0.936068 -0.189060 2.685387 0.066232
0.036560 0.937220 -0.155571 2.842365 0.066123
0.036600 0.943030 -0.123331 2.990915 0.065973
0.036640 0.952289 -0.093576 3.128935 0.065786
0.036680 0.963649 -0.067107 3.254974 0.065569
0.036720 0.975786 -0.044355 3.367955 0.065331
0.036760 0.987566 -0.025441 3.467034 0.065078
0.036800 0.998174 -0.010221 3.551654 0.064808
0.036840 1.007125 0.001614 3.621503 0.064520
0.036880 1.014162 0.010424 3.676313 0.064217
0.036920 1.019132 0.016543 3.715750 0.063903
0.036960 1.021939 0.020238 3.739462 0.063581
0.037000 1.022520 0.021675 3.747195 0.063257
0.037040 1.020858 0.020903 3.738855 0.062934
0.037080 1.016983 0.017845 3.714541 0.062616
0.037120 1.010977 0.012307 3.674519 0.062308
0.037160 1.002968 0.003999 3.619149 0.062013
0.037200 0.993161 -0.007427 3.548783 0.061736
0.037240 0.981884 -0.022326 3.463724 0.061477
0.037280 0.969692 -0.040988 3.364327 0.061236
0.037320 0.957451 -0.063522 3.251179 0.061012
0.037360 0.946323 -0.089763 3.125177 0.060809
0.037400 0.937628 -0.119215 2.987531 0.060636
0.037440 0.932662 -0.150989 2.839914 0.060498
0.037480 0.932516 -0.183782 2.684623 0.060401
0.037520 0.937911 -0.215962 2.524538 0.060346
0.037560 0.949082 -0.245695 2.363013 0.060335
0.037600 0.965673 -0.271125 2.203882 0.060368
0.037640 0.986609 -0.290686 2.051376 0.060446
0.037680 1.010134 -0.303498 1.909792 0.060573
0.037720 1.034108 -0.309664 1.783105 0.060749
0.037760 1.056423 -0.310290 1.674794 0.060974
0.037800 1.075319 -0.307259 1.587835 0.061240
0.037840 1.089541 -0.302813 1.524647 0.061539
0.037880 1.098333 -0.299043 1.486972 0.061859
0.037920 1.101335 -0.297399 1.475830 0.062190
0.037960 1.098466 -0.298374 1.491544 0.062522
0.038000 1.089864 -0.301400 1.533765 0.062845
0.038040 1.075956 -0.304961 1.601432 0.063149
0.038080 1.057581 -0.306925 1.692749 0.063421
0.038120 1.036096 -0.305046 1.805222 0.063652
0.038160 1.013351 -0.297485 1.935764 0.063834
0.038200 0.991497 -0.283251 2.080711 0.063965
0.038240 0.972616 -0.262404 2.235896 0.064047
0.038280 0.958298 -0.235949 2.396977 0.064080
0.038320 0.949397 -0.205483 2.559904 0.064065
0.038360 0.946061 -0.172803 2.721121 0.064002
0.038400 0.947883 -0.139644 2.877524 0.063892
0.038440 0.954021 -0.107511 3.026501 0.063741
0.038480 0.963323 -0.077573 3.166038 0.063556
0.038520 0.974494 -0.050642 3.294607 0.063347
0.038560 0.986271 -0.027204 3.411057 0.063119
0.038600 0.997667 -0.007411 3.514748 0.062865
0.038640 1.008075 0.008846 3.605454 0.062584
0.038680 1.017157 0.021798 3.682866 0.062278
0.038720 1.024671 0.031705 3.746322 0.061954
0.038760 1.030408 0.038864 3.794932 0.061619
0.038800 1.034179 0.043568 3.827856 0.061276
0.038840 1.035844 0.046060 3.844476 0.060930
0.038880 1.035325 0.046469 3.844475 0.060584
0.038920 1.032624 0.044786 3.827860 0.060241
0.038960 1.027823 0.040862 3.794957 0.059903
0.039000 1.021077 0.034440 3.746389 0.059575
0.039040 1.012602 0.025210 3.683000 0.059261
0.039080 1.002663 0.012864 3.605682 0.058966
0.039120 0.991578 -0.002872 3.515129 0.058697
0.039160 0.979775 -0.022213 3.411707 0.058458
0.039200 0.967909 -0.045240 3.295698 0.058244
0.039240 0.956966 -0.071759 3.167775 0.058052
0.039280 0.948175 -0.101236 3.029173 0.057884
0.039320 0.942784 -0.132790 2.881609 0.057747
0.039360 0.941838 -0.165201 2.727300 0.057650
0.039400 0.946019 -0.196968 2.568956 0.057596
0.039440 0.955566 -0.226421 2.409677 0.057588
0.039480 0.970199 -0.251869 2.252977 0.057627
0.039520 0.989014 -0.271842 2.102802 0.057714
0.039560 1.010473 -0.285457 1.963286 0.057848
0.039600 1.032618 -0.292724 1.838347 0.058031
0.039640 1.053456 -0.294604 1.731425 0.058261
0.039680 1.071276 -0.292796 1.645432 0.058531
0.039720 1.084826 -0.289352 1.582711 0.058831
0.039760 1.093322 -0.286200 1.544957 0.059152
0.039800 1.096372 -0.284702 1.533178 0.059484
0.039840 1.093871 -0.285347 1.547713 0.059818
0.039880 1.085963 -0.287639 1.588241 0.060143
0.039920 1.073087 -0.290206 1.653763 0.060450
0.039960 1.056076 -0.291103 1.742577 0.060728
0.040000 1.036244 -0.288269 1.852301 0.060966
