 sig=    1.000000000000000      inputfile=
 /home/rjrj524/Finished/vmec_gc_tracer/revised_251128/nc/wout_pwO_nfp2_A6.nc                                                                                                                             
 dt=   2.0000000000000000E-008
 steps=      2000000
 x0=   5.0000000000000003E-002    2.070000000000000      
   -3.140000000000000     
 u=   -2040.000000000000     
 v_perp=    24900.00000000000     
 
time(s)         x0(1)       x0(2)        x0(3)      r
0.000040 0.902508 -0.105432 3.048043 0.049698
0.000080 0.897301 -0.132563 2.926458 0.049441
0.000120 0.895591 -0.164562 2.782893 0.049238
0.000160 0.899278 -0.199255 2.623061 0.049093
0.000200 0.909543 -0.233853 2.453671 0.049015
0.000240 0.926419 -0.265225 2.282765 0.049008
0.000280 0.948478 -0.290518 2.119639 0.049077
0.000320 0.972932 -0.308108 1.973515 0.049224
0.000360 0.996351 -0.318154 1.852298 0.049453
0.000400 1.015524 -0.322351 1.762299 0.049755
0.000440 1.028050 -0.323073 1.708266 0.050115
0.000480 1.032529 -0.322329 1.693193 0.050507
0.000520 1.028576 -0.320854 1.718062 0.050903
0.000560 1.016826 -0.317749 1.781726 0.051272
0.000600 0.998929 -0.310931 1.880984 0.051588
0.000640 0.977534 -0.298075 2.010780 0.051832
0.000680 0.955987 -0.277717 2.164307 0.051994
0.000720 0.937596 -0.250058 2.333129 0.052071
0.000760 0.924721 -0.216978 2.507976 0.052061
0.000800 0.918256 -0.181296 2.680193 0.051964
0.000840 0.917750 -0.145920 2.842534 0.051784
0.000880 0.921809 -0.113360 2.988939 0.051531
0.000920 0.928523 -0.085451 3.114505 0.051213
0.000960 0.935899 -0.063237 3.215745 0.050847
0.001000 0.942256 -0.047092 3.290449 0.050448
0.001040 0.946441 -0.036997 3.337285 0.050030
0.001080 0.947788 -0.032814 3.355548 0.049606
0.001120 0.946092 -0.034470 3.345018 0.049183
0.001160 0.941583 -0.042021 3.305906 0.048770
0.001200 0.934923 -0.055607 3.238922 0.048378
0.001240 0.927257 -0.075279 3.145383 0.048018
0.001280 0.920240 -0.100716 3.027475 0.047705
0.001320 0.915800 -0.130963 2.888656 0.047451
0.001360 0.915790 -0.164275 2.733808 0.047266
0.001400 0.921521 -0.198267 2.568914 0.047158
0.001440 0.933427 -0.230208 2.400851 0.047134
0.001480 0.950791 -0.257378 2.237663 0.047198
0.001520 0.971605 -0.277754 2.088193 0.047349
0.001560 0.992903 -0.290758 1.960801 0.047586
0.001600 1.011533 -0.297403 1.862416 0.047901
0.001640 1.024882 -0.299692 1.798298 0.048278
0.001680 1.031262 -0.299617 1.771946 0.048695
0.001720 1.029990 -0.298238 1.784915 0.049124
0.001760 1.021387 -0.295178 1.836686 0.049535
0.001800 1.006797 -0.288789 1.924683 0.049902
0.001840 0.988537 -0.276965 2.044364 0.050201
0.001880 0.969623 -0.258187 2.189331 0.050416
0.001920 0.953118 -0.232344 2.351617 0.050540
0.001960 0.941292 -0.200871 2.522606 0.050567
0.002000 0.935181 -0.166132 2.694307 0.050497
0.002040 0.934650 -0.130734 2.859859 0.050336
0.002080 0.938670 -0.097079 3.013312 0.050097
0.002120 0.945609 -0.067090 3.149646 0.049796
0.002160 0.953631 -0.042039 3.265007 0.049450
0.002200 0.961143 -0.022505 3.356808 0.049071
0.002240 0.967016 -0.008525 3.423665 0.048660
0.002280 0.970587 0.000136 3.465023 0.048225
0.002320 0.971539 0.003723 3.480681 0.047777
0.002360 0.969797 0.002328 3.470607 0.047331
0.002400 0.965512 -0.004129 3.434924 0.046900
0.002440 0.959072 -0.015876 3.373926 0.046498
0.002480 0.951173 -0.033149 3.288220 0.046131
0.002520 0.942925 -0.055938 3.179134 0.045804
0.002560 0.935861 -0.083723 3.049190 0.045523
0.002600 0.931757 -0.115274 2.902306 0.045300
0.002640 0.932159 -0.148713 2.743631 0.045151
0.002680 0.937990 -0.181715 2.579142 0.045083
0.002720 0.949296 -0.211808 2.415503 0.045106
0.002760 0.965096 -0.236742 2.260244 0.045224
0.002800 0.983369 -0.255040 2.121465 0.045434
0.002840 1.001390 -0.266532 2.006789 0.045730
0.002880 1.016380 -0.272387 1.922481 0.046099
0.002920 1.026171 -0.274375 1.873096 0.046521
0.002960 1.029479 -0.274002 1.861350 0.046972
0.003000 1.025993 -0.271746 1.888017 0.047423
0.003040 1.016385 -0.266831 1.951853 0.047849
0.003080 1.002293 -0.257596 2.049611 0.048222
0.003120 0.986134 -0.242388 2.176133 0.048522
0.003160 0.970679 -0.220415 2.324583 0.048733
0.003200 0.958353 -0.192220 2.487170 0.048848
0.003240 0.950676 -0.159456 2.656256 0.048868
0.003280 0.948136 -0.124318 2.824996 0.048798
0.003320 0.950283 -0.089119 2.987236 0.048649
0.003360 0.955902 -0.056000 3.137420 0.048432
0.003400 0.963371 -0.026630 3.271181 0.048150
0.003440 0.971245 -0.001869 3.386191 0.047799
0.003480 0.978546 0.018117 3.481806 0.047380
0.003520 0.984650 0.033446 3.557525 0.046912
0.003560 0.989072 0.044277 3.612197 0.046414
0.003600 0.991412 0.050753 3.644427 0.045902
0.003640 0.991411 0.053001 3.653190 0.045386
0.003680 0.989016 0.051027 3.638222 0.044875
0.003720 0.984408 0.044762 3.600076 0.044380
0.003760 0.977988 0.034071 3.539999 0.043910
0.003800 0.970315 0.018788 3.459546 0.043479
0.003840 0.962082 -0.001186 3.360024 0.043106
0.003880 0.954122 -0.025832 3.242329 0.042805
0.003920 0.947553 -0.054695 3.107767 0.042579
0.003960 0.943726 -0.086628 2.959389 0.042425
0.004000 0.943909 -0.119798 2.802058 0.042345
0.004040 0.948834 -0.152052 2.641542 0.042344
0.004080 0.958430 -0.181244 2.484040 0.042426
0.004120 0.971766 -0.205510 2.336340 0.042594
0.004160 0.987085 -0.223655 2.205704 0.042848
0.004200 1.002091 -0.235521 2.099069 0.043181
0.004240 1.014431 -0.242014 2.022183 0.043579
0.004280 1.022263 -0.244500 1.979168 0.044023
0.004320 1.024524 -0.244080 1.972356 0.044491
0.004360 1.021019 -0.241035 2.002231 0.044956
0.004400 1.012472 -0.234634 2.067371 0.045396
0.004440 1.000441 -0.223549 2.164468 0.045786
0.004480 0.987060 -0.206617 2.288423 0.046108
0.004520 0.974639 -0.183444 2.432736 0.046350
0.004560 0.965082 -0.154695 2.590328 0.046509
0.004600 0.959524 -0.121838 2.754468 0.046585
0.004640 0.958233 -0.086741 2.919107 0.046578
0.004680 0.960662 -0.051439 3.078724 0.046485
0.004720 0.965724 -0.017814 3.228885 0.046301
0.004760 0.972340 0.012788 3.367292 0.046024
0.004800 0.979752 0.039500 3.492624 0.045676
0.004840 0.987316 0.061633 3.602352 0.045286
0.004880 0.994277 0.078774 3.692862 0.044865
0.004920 0.999813 0.090955 3.760715 0.044416
0.004960 1.003192 0.098456 3.803298 0.043946
0.005000 1.003909 0.101588 3.818995 0.043467
0.005040 1.001788 0.100465 3.807240 0.042991
0.005080 0.997015 0.094966 3.768559 0.042532
0.005120 0.990121 0.084803 3.704535 0.042100
0.005160 0.981896 0.069691 3.617708 0.041704
0.005200 0.973262 0.049598 3.511442 0.041347
0.005240 0.965141 0.024889 3.389500 0.041035
0.005280 0.958378 -0.003679 3.255156 0.040786
0.005320 0.953785 -0.035109 3.110763 0.040623
0.005360 0.952195 -0.068038 2.958918 0.040552
0.005400 0.954322 -0.100666 2.803721 0.040571
0.005440 0.960415 -0.131108 2.650300 0.040678
0.005480 0.970064 -0.157687 2.504140 0.040866
0.005520 0.982169 -0.179131 2.371210 0.041133
0.005560 0.995060 -0.194796 2.257844 0.041471
0.005600 1.006791 -0.204847 2.169963 0.041871
0.005640 1.015554 -0.210123 2.112279 0.042320
0.005680 1.020065 -0.211587 2.087904 0.042799
0.005720 1.019762 -0.209787 2.098203 0.043288
0.005760 1.014849 -0.204585 2.142733 0.043766
0.005800 1.006311 -0.195172 2.219241 0.044213
0.005840 0.995722 -0.180598 2.323727 0.044611
0.005880 0.984939 -0.160308 2.450778 0.044946
0.005920 0.975668 -0.134469 2.594318 0.045208
0.005960 0.969107 -0.103910 2.748514 0.045387
0.006000 0.965793 -0.069906 2.908157 0.045476
0.006040 0.965599 -0.034132 3.068545 0.045470
0.006080 0.968036 0.001575 3.225914 0.045371
0.006120 0.972635 0.035484 3.377575 0.045196
0.006160 0.979016 0.065953 3.520327 0.044963
0.006200 0.986648 0.091738 3.649920 0.044671
0.006240 0.994724 0.112267 3.762110 0.044317
0.006280 1.002229 0.127548 3.853075 0.043904
0.006320 1.008084 0.137969 3.919395 0.043446
0.006360 1.011364 0.144003 3.958323 0.042962
0.006400 1.011468 0.146048 3.968154 0.042467
0.006440 1.008252 0.144200 3.948496 0.041980
0.006480 1.002083 0.138181 3.900340 0.041517
0.006520 0.993753 0.127547 3.825917 0.041094
0.006560 0.984371 0.111856 3.728422 0.040727
0.006600 0.975139 0.090944 3.611613 0.040425
0.006640 0.967143 0.065110 3.479567 0.040193
0.006680 0.961213 0.035190 3.336657 0.040027
0.006720 0.957869 0.002611 3.187193 0.039926
0.006760 0.957431 -0.030903 3.034878 0.039900
0.006800 0.960096 -0.063534 2.883278 0.039953
0.006840 0.965842 -0.093532 2.736601 0.040089
0.006880 0.974248 -0.119501 2.599401 0.040309
0.006920 0.984407 -0.140560 2.476319 0.040608
0.006960 0.995042 -0.156288 2.372164 0.040978
0.007000 1.004662 -0.166819 2.291674 0.041405
0.007040 1.011878 -0.172676 2.238878 0.041873
0.007080 1.015679 -0.174485 2.216539 0.042367
0.007120 1.015604 -0.172613 2.225890 0.042870
0.007160 1.011821 -0.166959 2.266517 0.043364
0.007200 1.005082 -0.157011 2.336388 0.043831
0.007240 0.996571 -0.142159 2.432084 0.044254
0.007280 0.987655 -0.122000 2.549273 0.044615
0.007320 0.979586 -0.096537 2.683402 0.044901
0.007360 0.973275 -0.066276 2.830074 0.045105
0.007400 0.969225 -0.032287 2.984904 0.045231
0.007440 0.967592 0.003773 3.143760 0.045285
0.007480 0.968435 0.039952 3.303321 0.045265
0.007520 0.971866 0.074303 3.460229 0.045165
0.007560 0.977866 0.105155 3.610318 0.044979
0.007600 0.986008 0.131361 3.749109 0.044706
0.007640 0.995369 0.152277 3.871881 0.044357
0.007680 1.004612 0.167752 3.973584 0.043945
0.007720 1.012205 0.178175 4.049365 0.043485
0.007760 1.016792 0.184227 4.095379 0.042996
0.007800 1.017471 0.186539 4.109275 0.042495
0.007840 1.013971 0.185296 4.090396 0.042001
0.007880 1.006697 0.180147 4.039813 0.041532
0.007920 0.996688 0.170372 3.960243 0.041104
0.007960 0.985428 0.155335 3.855853 0.040731
0.008000 0.974554 0.134843 3.731769 0.040426
0.008040 0.965509 0.109312 3.593326 0.040200
0.008080 0.959312 0.079680 3.445568 0.040059
0.008120 0.956447 0.047322 3.293277 0.040006
0.008160 0.956882 0.013972 3.140928 0.040041
0.008200 0.960272 -0.018588 2.992178 0.040158
0.008240 0.966152 -0.048710 2.850260 0.040343
0.008280 0.973941 -0.074970 2.719037 0.040586
0.008320 0.982842 -0.096422 2.602845 0.040888
0.008360 0.991852 -0.112681 2.505758 0.041249
0.008400 0.999869 -0.123864 2.431351 0.041663
0.008440 1.005878 -0.130351 2.382586 0.042116
0.008480 1.009129 -0.132563 2.361554 0.042595
0.008520 1.009257 -0.130771 2.369237 0.043082
0.008560 1.006362 -0.124891 2.405363 0.043560
0.008600 1.000950 -0.114590 2.468480 0.044013
0.008640 0.993839 -0.099424 2.556153 0.044425
0.008680 0.986012 -0.079023 2.665210 0.044786
0.008720 0.978420 -0.053426 2.791864 0.045096
0.008760 0.971847 -0.023270 2.931846 0.045358
0.008800 0.966854 0.010215 3.081358 0.045558
0.008840 0.963952 0.045587 3.237910 0.045671
0.008880 0.963820 0.081213 3.398903 0.045686
0.008920 0.967099 0.115231 3.560191 0.045609
0.008960 0.973946 0.145885 3.716710 0.045443
0.009000 0.983772 0.171767 3.862847 0.045197
0.009040 0.995253 0.191963 3.992329 0.044877
0.009080 1.006538 0.206296 4.098761 0.044491
0.009120 1.015623 0.215430 4.176575 0.044053
0.009160 1.020851 0.220413 4.221716 0.043582
0.009200 1.021191 0.222135 4.231921 0.043100
0.009240 1.016412 0.220787 4.206768 0.042628
0.009280 1.007134 0.215717 4.147661 0.042188
0.009320 0.994712 0.205852 4.057778 0.041800
0.009360 0.981070 0.190254 3.941953 0.041477
0.009400 0.968284 0.168711 3.806300 0.041229
0.009440 0.958149 0.141912 3.657495 0.041061
0.009480 0.951832 0.111249 3.501908 0.040973
0.009520 0.949752 0.078516 3.345358 0.040969
0.009560 0.951600 0.045702 3.193288 0.041051
0.009600 0.956531 0.014670 3.050260 0.041222
0.009640 0.963543 -0.013229 2.919086 0.041482
0.009680 0.971721 -0.037176 2.801531 0.041816
0.009720 0.980211 -0.056629 2.699917 0.042199
0.009760 0.988144 -0.071282 2.617387 0.042619
0.009800 0.994680 -0.081118 2.557073 0.043068
0.009840 0.999110 -0.086343 2.521439 0.043539
0.009880 1.000973 -0.087177 2.511979 0.044024
0.009920 1.000122 -0.083708 2.529124 0.044512
0.009960 0.996741 -0.075820 2.572231 0.044993
0.010000 0.991303 -0.063284 2.639582 0.045457
0.010040 0.984476 -0.045924 2.728524 0.045899
0.010080 0.976980 -0.023825 2.835912 0.046308
0.010120 0.969480 0.002698 2.959126 0.046661
0.010160 0.962672 0.033169 3.096893 0.046932
0.010200 0.957548 0.066812 3.248015 0.047113
0.010240 0.955420 0.102135 3.409293 0.047212
0.010280 0.957419 0.137111 3.575625 0.047230
0.010320 0.963985 0.169622 3.741146 0.047166
0.010360 0.974692 0.197713 3.899464 0.047015
0.010400 0.988198 0.219921 4.043504 0.046776
0.010440 1.002372 0.235725 4.165977 0.046455
0.010480 1.014769 0.245717 4.260387 0.046064
0.010520 1.023185 0.251287 4.321784 0.045626
0.010560 1.026117 0.253823 4.347070 0.045163
0.010600 1.022957 0.253965 4.335075 0.044702
0.010640 1.014007 0.251294 4.286549 0.044268
0.010680 1.000497 0.244515 4.204129 0.043884
0.010720 0.984463 0.232134 4.092247 0.043571
0.010760 0.968387 0.213288 3.956966 0.043341
0.010800 0.954670 0.188244 3.805518 0.043201
0.010840 0.945067 0.158374 3.645387 0.043149
0.010880 0.940432 0.125707 3.483519 0.043183
0.010920 0.940724 0.092492 3.326226 0.043296
0.010960 0.945077 0.060927 3.179343 0.043479
0.011000 0.952077 0.032826 3.047829 0.043725
0.011040 0.960225 0.009320 2.934996 0.044036
0.011080 0.968313 -0.009206 2.842388 0.044410
0.011120 0.975473 -0.022828 2.770668 0.044840
0.011160 0.981085 -0.031782 2.720518 0.045310
0.011200 0.984694 -0.036279 2.692744 0.045805
0.011240 0.986033 -0.036495 2.687964 0.046312
0.011280 0.985015 -0.032455 2.706326 0.046820
0.011320 0.981742 -0.024080 2.747477 0.047316
0.011360 0.976475 -0.011187 2.810786 0.047783
0.011400 0.969604 0.006497 2.895726 0.048206
0.011440 0.961733 0.029214 3.002012 0.048571
0.011480 0.953867 0.056915 3.128900 0.048878
0.011520 0.947504 0.088872 3.274043 0.049130
0.011560 0.944351 0.123582 3.433258 0.049318
0.011600 0.945802 0.158985 3.601189 0.049428
0.011640 0.952574 0.192711 3.771783 0.049448
0.011680 0.964446 0.222400 3.938249 0.049371
0.011720 0.980100 0.246119 4.092886 0.049196
0.011760 0.997212 0.262940 4.227606 0.048929
0.011800 1.012904 0.273358 4.335083 0.048583
0.011840 1.024504 0.278988 4.409591 0.048178
0.011880 1.030085 0.281686 4.447303 0.047738
0.011920 1.028685 0.282602 4.446389 0.047291
0.011960 1.020336 0.281606 4.407055 0.046865
0.012000 1.006063 0.277358 4.331514 0.046487
0.012040 0.987855 0.267946 4.223861 0.046177
0.012080 0.968437 0.251851 4.089937 0.045950
0.012120 0.950747 0.228762 3.937149 0.045814
0.012160 0.937195 0.199833 3.773795 0.045771
0.012200 0.929129 0.167254 3.607906 0.045821
0.012240 0.926792 0.133573 3.446566 0.045956
0.012280 0.929468 0.101257 3.296041 0.046167
0.012320 0.935705 0.072381 3.161783 0.046444
0.012360 0.943700 0.048361 3.048088 0.046770
0.012400 0.951728 0.029913 2.957958 0.047134
0.012440 0.958439 0.017204 2.893233 0.047527
0.012480 0.962962 0.010088 2.854924 0.047943
0.012520 0.964802 0.008372 2.843519 0.048372
0.012560 0.963785 0.011966 2.859180 0.048803
0.012600 0.960007 0.020962 2.901818 0.049226
0.012640 0.953891 0.035562 2.971021 0.049630
0.012680 0.946268 0.055911 3.065811 0.050009
0.012720 0.938468 0.081833 3.184372 0.050354
0.012760 0.932234 0.112604 3.323808 0.050648
0.012800 0.929426 0.146814 3.480015 0.050874
0.012840 0.931633 0.182369 3.647704 0.051017
0.012880 0.939732 0.216717 3.820606 0.051069
0.012920 0.953599 0.247157 3.991381 0.051024
0.012960 0.971824 0.271380 4.151520 0.050886
0.013000 0.991747 0.288284 4.292261 0.050660
0.013040 1.010145 0.298397 4.405909 0.050353
0.013080 1.024052 0.303566 4.486489 0.049984
0.013120 1.031338 0.305970 4.529881 0.049575
0.013160 1.030894 0.307061 4.533953 0.049155
0.013200 1.022609 0.306903 4.498664 0.048754
0.013240 1.007400 0.304103 4.426040 0.048399
0.013280 0.987191 0.296490 4.320003 0.048111
0.013320 0.964801 0.282111 4.186184 0.047902
0.013360 0.943507 0.260184 4.031855 0.047778
0.013400 0.926243 0.231627 3.865679 0.047738
0.013440 0.914852 0.198749 3.696681 0.047782
0.013480 0.909817 0.164429 3.532930 0.047905
0.013520 0.910453 0.131444 3.381252 0.048099
0.013560 0.915258 0.102118 3.247541 0.048359
0.013600 0.922250 0.078078 3.136519 0.048675
0.013640 0.929463 0.060141 3.051399 0.049037
0.013680 0.935315 0.048507 2.994119 0.049430
0.013720 0.938736 0.043088 2.965757 0.049841
0.013760 0.939181 0.043767 2.966817 0.050260
0.013800 0.936599 0.050536 2.997350 0.050676
0.013840 0.931424 0.063508 3.056947 0.051078
0.013880 0.924612 0.082784 3.144643 0.051450
0.013920 0.917695 0.108193 3.258669 0.051779
0.013960 0.912643 0.138981 3.396023 0.052049
0.014000 0.911526 0.173590 3.552218 0.052253
0.014040 0.916060 0.209690 3.721495 0.052381
0.014080 0.927140 0.244407 3.896935 0.052427
0.014120 0.944420 0.274692 4.070149 0.052391
0.014160 0.965997 0.298120 4.231733 0.052273
0.014200 0.988723 0.313795 4.372736 0.052073
0.014240 1.009101 0.322621 4.485713 0.051796
0.014280 1.024109 0.326767 4.564925 0.051457
0.014320 1.031667 0.328613 4.606383 0.051080
0.014360 1.030732 0.329663 4.608051 0.050695
0.014400 1.021257 0.329872 4.570023 0.050329
0.014440 1.004200 0.327651 4.494486 0.050012
0.014480 0.981553 0.320586 4.385483 0.049762
0.014520 0.956239 0.306503 4.248628 0.049590
0.014560 0.931728 0.284448 4.091057 0.049497
0.014600 0.911317 0.255239 3.921483 0.049478
0.014640 0.897194 0.221335 3.749499 0.049528
0.014680 0.889984 0.185952 3.584033 0.049642
0.014720 0.888967 0.152161 3.432517 0.049813
0.014760 0.892468 0.122502 3.301212 0.050034
0.014800 0.898287 0.098774 3.195300 0.050300
0.014840 0.904230 0.081939 3.118509 0.050602
0.014880 0.908559 0.072295 3.073082 0.050931
0.014920 0.910173 0.069826 3.060120 0.051275
0.014960 0.908714 0.074488 3.079951 0.051619
0.015000 0.904539 0.086324 3.132238 0.051949
0.015040 0.898740 0.105332 3.215833 0.052252
0.015080 0.893088 0.131177 3.328422 0.052517
0.015120 0.889820 0.162836 3.466212 0.052737
0.015160 0.891170 0.198448 3.624019 0.052905
0.015200 0.898871 0.235373 3.795489 0.053014
0.015240 0.913646 0.270390 3.972816 0.053059
0.015280 0.934673 0.300240 4.146639 0.053035
0.015320 0.959474 0.322637 4.307258 0.052939
0.015360 0.984557 0.337065 4.446127 0.052766
0.015400 1.006357 0.344783 4.556324 0.052522
0.015440 1.021948 0.348166 4.632443 0.052220
0.015480 1.029376 0.349662 4.670703 0.051885
0.015520 1.027700 0.350722 4.669240 0.051544
0.015560 1.016952 0.351149 4.628317 0.051225
0.015600 0.998132 0.349195 4.550270 0.050954
0.015640 0.973263 0.342308 4.439209 0.050747
0.015680 0.945288 0.328227 4.300666 0.050614
0.015720 0.917761 0.305891 4.141502 0.050554
0.015760 0.894171 0.276019 3.970136 0.050560
0.015800 0.877031 0.241075 3.796262 0.050621
0.015840 0.867238 0.204467 3.629384 0.050730
0.015880 0.864130 0.169541 3.477527 0.050879
0.015920 0.865973 0.139043 3.347287 0.051061
0.015960 0.870443 0.114941 3.244121 0.051272
0.016000 0.875194 0.098376 3.172147 0.051503
0.016040 0.878363 0.089811 3.133993 0.051749
0.016080 0.878880 0.089352 3.130942 0.052001
0.016120 0.876589 0.097002 3.163142 0.052251
0.016160 0.872270 0.112696 3.229638 0.052489
0.016200 0.867544 0.136101 3.328203 0.052708
0.016240 0.864645 0.166299 3.455171 0.052901
0.016280 0.865977 0.201569 3.605514 0.053062
0.016320 0.873576 0.239357 3.772982 0.053183
0.016360 0.888525 0.276395 3.949843 0.053259
0.016400 0.910353 0.309181 4.126743 0.053283
0.016440 0.936868 0.334942 4.293838 0.053245
0.016480 0.964698 0.352537 4.442384 0.053139
0.016520 0.990172 0.362665 4.565224 0.052966
0.016560 1.010076 0.367401 4.656571 0.052735
0.016600 1.022071 0.369333 4.712010 0.052464
0.016640 1.024811 0.370487 4.728827 0.052175
0.016680 1.017900 0.371462 4.706311 0.051896
0.016720 1.001852 0.371160 4.645821 0.051650
0.016760 0.978139 0.367264 4.550607 0.051457
0.016800 0.949217 0.357193 4.425408 0.051327
0.016840 0.918354 0.339108 4.276129 0.051263
0.016880 0.889202 0.312648 4.109923 0.051259
0.016920 0.865079 0.279269 3.935506 0.051307
0.016960 0.848107 0.241966 3.762648 0.051392
0.017000 0.838713 0.204345 3.600595 0.051503
0.017040 0.835813 0.169728 3.457087 0.051633
0.017080 0.837355 0.140729 3.338494 0.051780
0.017120 0.840882 0.119124 3.249904 0.051941
0.017160 0.844144 0.105875 3.194930 0.052111
0.017200 0.845594 0.101368 3.175674 0.052285
0.017240 0.844623 0.105695 3.192864 0.052460
0.017280 0.841638 0.118785 3.245937 0.052632
0.017320 0.838023 0.140304 3.332982 0.052795
0.017360 0.835917 0.169397 3.450621 0.052945
0.017400 0.837770 0.204431 3.594011 0.053078
0.017440 0.845779 0.242924 3.756992 0.053192
0.017480 0.861250 0.281632 3.931973 0.053280
0.017520 0.883982 0.316953 4.109794 0.053333
0.017560 0.912035 0.345806 4.280685 0.053339
0.017600 0.942204 0.366563 4.435852 0.053291
0.017640 0.970839 0.379383 4.568059 0.053185
0.017680 0.994563 0.385940 4.671355 0.053027
0.017720 1.010757 0.388718 4.740966 0.052828
0.017760 1.017746 0.390053 4.773579 0.052606
0.017800 1.014787 0.391178 4.767695 0.052384
0.017840 1.001995 0.391697 4.723792 0.052183
0.017880 0.980365 0.389749 4.644236 0.052022
0.017920 0.951841 0.382759 4.532983 0.051912
0.017960 0.919270 0.368437 4.395177 0.051856
0.018000 0.886121 0.345603 4.236972 0.051851
0.018040 0.855993 0.314695 4.065788 0.051887
0.018080 0.831878 0.277870 3.890529 0.051952
0.018120 0.815401 0.238495 3.720735 0.052029
0.018160 0.806516 0.200193 3.565097 0.052108
0.018200 0.803769 0.166152 3.430936 0.052185
0.018240 0.804880 0.138829 3.324377 0.052263
0.018280 0.807412 0.119835 3.250187 0.052343
0.018320 0.809355 0.110012 3.211507 0.052426
0.018360 0.809542 0.109674 3.209878 0.052510
0.018400 0.807859 0.118833 3.245382 0.052594
0.018440 0.805254 0.137218 3.316673 0.052675
0.018480 0.803586 0.164088 3.420830 0.052752
0.018520 0.805234 0.197976 3.553315 0.052829
0.018560 0.812526 0.236593 3.708206 0.052905
0.018600 0.827089 0.276898 3.878380 0.052980
0.018640 0.849240 0.315350 4.055324 0.053044
0.018680 0.877600 0.348564 4.229579 0.053086
0.018720 0.909362 0.374246 4.392217 0.053094
0.018760 0.941040 0.391736 4.535764 0.053062
0.018800 0.969165 0.401954 4.654066 0.052989
0.018840 0.990791 0.406953 4.742035 0.052879
0.018880 1.003800 0.409164 4.795767 0.052744
0.018920 1.006981 0.410467 4.812859 0.052598
0.018960 0.999957 0.411433 4.792651 0.052460
0.019000 0.983137 0.411098 4.736269 0.052347
0.019040 0.957772 0.407326 4.646468 0.052271
0.019080 0.926025 0.397624 4.527316 0.052236
0.019120 0.890859 0.380039 4.383892 0.052238
0.019160 0.855735 0.353830 4.222222 0.052271
0.019200 0.824117 0.319828 4.049535 0.052321
0.019240 0.798839 0.280423 3.874382 0.052369
0.019280 0.781383 0.239031 3.705833 0.052403
0.019320 0.771570 0.199220 3.552153 0.052415
0.019360 0.767897 0.164126 3.420487 0.052404
0.019400 0.768114 0.136254 3.317105 0.052376
0.019440 0.769828 0.117331 3.247047 0.052340
0.019480 0.771108 0.108301 3.213604 0.052300
0.019520 0.770932 0.109515 3.218246 0.052261
0.019560 0.769376 0.120919 3.260755 0.052222
0.019600 0.767595 0.142037 3.339206 0.052187
0.019640 0.767591 0.171779 3.449859 0.052162
0.019680 0.771715 0.208289 3.587340 0.052153
0.019720 0.782057 0.248996 3.745197 0.052167
0.019760 0.799865 0.290755 3.916109 0.052200
0.019800 0.825002 0.330098 4.091619 0.052248
0.019840 0.855714 0.363894 4.262783 0.052298
0.019880 0.889096 0.390157 4.421515 0.052337
0.019920 0.921795 0.408397 4.561107 0.052357
0.019960 0.950555 0.419526 4.676014 0.052356
0.020000 0.972640 0.425435 4.761703 0.052333
0.020040 0.986091 0.428322 4.814752 0.052293
0.020080 0.989774 0.429885 4.833052 0.052248
0.020120 0.983303 0.430695 4.815965 0.052209
0.020160 0.966993 0.429967 4.764352 0.052191
0.020200 0.941906 0.425838 4.680446 0.052198
0.020240 0.909932 0.416014 4.567635 0.052232
0.020280 0.873746 0.398552 4.430271 0.052286
0.020320 0.836562 0.372509 4.273597 0.052350
0.020360 0.801732 0.338304 4.103812 0.052408
0.020400 0.772295 0.297801 3.928289 0.052440
0.020440 0.750319 0.254044 3.755403 0.052432
0.020480 0.736338 0.210546 3.593417 0.052380
0.020520 0.729407 0.170621 3.449763 0.052286
0.020560 0.727588 0.137138 3.331316 0.052156
0.020600 0.728481 0.112354 3.244209 0.052001
0.020640 0.729880 0.097733 3.193019 0.051830
0.020680 0.730340 0.093985 3.180290 0.051653
0.020720 0.729432 0.101243 3.206569 0.051478
0.020760 0.727839 0.119144 3.270479 0.051313
0.020800 0.727215 0.146720 3.368643 0.051167
0.020840 0.729793 0.182254 3.495796 0.051050
0.020880 0.737788 0.223333 3.645439 0.050970
0.020920 0.752779 0.267043 3.810513 0.050931
0.020960 0.775189 0.310139 3.983325 0.050935
0.021000 0.803963 0.349400 4.155558 0.050980
0.021040 0.836789 0.382315 4.319318 0.051052
0.021080 0.870697 0.407593 4.467962 0.051137
0.021120 0.902564 0.425239 4.595991 0.051225
0.021160 0.929530 0.436354 4.698863 0.051311
0.021200 0.949312 0.442696 4.773031 0.051394
0.021240 0.960351 0.446068 4.816001 0.051473
0.021280 0.961793 0.447695 4.826387 0.051554
0.021320 0.953420 0.447800 4.803931 0.051644
0.021360 0.935616 0.445516 4.749479 0.051748
0.021400 0.909425 0.439146 4.664892 0.051867
0.021440 0.876617 0.426696 4.552969 0.051994
0.021480 0.839700 0.406496 4.417418 0.052120
0.021520 0.801683 0.377747 4.262764 0.052231
0.021560 0.765683 0.340818 4.094248 0.052309
0.021600 0.734660 0.297336 3.918148 0.052332
0.021640 0.710879 0.250110 3.742052 0.052289
0.021680 0.695221 0.202589 3.574079 0.052180
0.021720 0.687023 0.158212 3.422064 0.052017
0.021760 0.684454 0.120042 3.293397 0.051805
0.021800 0.685167 0.090558 3.194699 0.051549
0.021840 0.686857 0.071472 3.131106 0.051262
0.021880 0.687844 0.063713 3.105757 0.050957
0.021920 0.687387 0.067570 3.119755 0.050652
0.021960 0.685809 0.082811 3.172276 0.050363
0.022000 0.684412 0.108633 3.260519 0.050103
0.022040 0.685224 0.143536 3.379721 0.049886
0.022080 0.690514 0.185307 3.523564 0.049717
0.022120 0.702165 0.231156 3.684837 0.049599
0.022160 0.721076 0.277907 3.855754 0.049543
0.022200 0.746769 0.322310 4.028193 0.049556
0.022240 0.777435 0.361587 4.194458 0.049632
0.022280 0.810476 0.393961 4.348165 0.049758
0.022320 0.843067 0.418795 4.484235 0.049917
0.022360 0.872451 0.436450 4.598399 0.050101
0.022400 0.896210 0.448038 4.687126 0.050302
0.022440 0.912500 0.455024 4.747810 0.050516
0.022480 0.920129 0.458720 4.778797 0.050738
0.022520 0.918507 0.459847 4.779301 0.050969
0.022560 0.907580 0.458293 4.749327 0.051208
0.022600 0.887832 0.453120 4.689638 0.051452
0.022640 0.860369 0.442814 4.601781 0.051695
0.022680 0.826978 0.425732 4.488166 0.051928
0.022720 0.790075 0.400593 4.351996 0.052137
0.022760 0.752444 0.366860 4.196993 0.052307
0.022800 0.717018 0.324965 4.027430 0.052418
0.022840 0.686709 0.276519 3.848799 0.052453
0.022880 0.663779 0.224327 3.668231 0.052395
0.022920 0.649096 0.171971 3.494166 0.052250
0.022960 0.641919 0.123037 3.335093 0.052027
0.023000 0.640385 0.080520 3.198409 0.051729
0.023040 0.642133 0.046789 3.090479 0.051361
0.023080 0.644848 0.023593 3.016528 0.050943
0.023120 0.646746 0.011978 2.980046 0.050498
0.023160 0.646875 0.012349 2.982570 0.050047
0.023200 0.645250 0.024592 3.023770 0.049612
0.023240 0.642823 0.048080 3.101454 0.049214
0.023280 0.641296 0.081567 3.211517 0.048874
0.023320 0.642818 0.123192 3.348298 0.048605
0.023360 0.649481 0.170590 3.505252 0.048413
0.023400 0.662785 0.220877 3.674910 0.048303
0.023440 0.683050 0.270699 3.848672 0.048286
0.023480 0.709168 0.316870 4.018189 0.048363
0.023520 0.738985 0.357084 4.176823 0.048521
0.023560 0.769908 0.390121 4.319639 0.048741
0.023600 0.799337 0.415724 4.442817 0.049013
0.023640 0.824880 0.434364 4.543187 0.049327
0.023680 0.844517 0.446963 4.618128 0.049675
0.023720 0.856732 0.454568 4.665704 0.050048
0.023760 0.860579 0.457990 4.684738 0.050438
0.023800 0.855659 0.457519 4.674755 0.050841
0.023840 0.842101 0.452801 4.635923 0.051249
0.023880 0.820594 0.442913 4.569069 0.051653
0.023920 0.792433 0.426601 4.475702 0.052043
0.023960 0.759498 0.402639 4.357947 0.052403
0.024000 0.724133 0.370168 4.218375 0.052720
0.024040 0.689041 0.329003 4.060005 0.052981
0.024080 0.657116 0.279874 3.886496 0.053164
0.024120 0.631064 0.224623 3.702770 0.053237
0.024160 0.612765 0.166357 3.516260 0.053182
0.024200 0.602637 0.108780 3.335896 0.053001
0.024240 0.599627 0.055091 3.169513 0.052703
0.024280 0.601813 0.008016 3.024209 0.052294
0.024320 0.606798 -0.029972 2.907007 0.051791
0.024360 0.612197 -0.057089 2.823389 0.051217
0.024400 0.616114 -0.072497 2.776366 0.050602
0.024440 0.617482 -0.075969 2.767022 0.049975
0.024480 0.616030 -0.067594 2.795302 0.049362
0.024520 0.612346 -0.047658 2.860146 0.048791
0.024560 0.607781 -0.016866 2.959037 0.048288
0.024600 0.604308 0.023352 3.087276 0.047878
0.024640 0.604104 0.070792 3.238132 0.047576
0.024680 0.609015 0.122872 3.404222 0.047387
0.024720 0.620138 0.176847 3.578169 0.047321
0.024760 0.637474 0.229593 3.751627 0.047387
0.024800 0.659744 0.278043 3.916211 0.047579
0.024840 0.684871 0.320172 4.066075 0.047875
0.024880 0.710591 0.355108 4.197838 0.048249
0.024920 0.734654 0.382679 4.308921 0.048687
0.024960 0.754973 0.403149 4.396931 0.049179
0.025000 0.769804 0.417061 4.459881 0.049716
0.025040 0.777893 0.425001 4.496349 0.050288
0.025080 0.778493 0.427349 4.505510 0.050884
0.025120 0.771393 0.424109 4.487084 0.051493
0.025160 0.756905 0.414861 4.441318 0.052103
0.025200 0.735899 0.398853 4.368984 0.052699
0.025240 0.709807 0.375209 4.271395 0.053267
0.025280 0.680588 0.343210 4.150349 0.053794
0.025320 0.650563 0.302487 4.007738 0.054263
0.025360 0.622213 0.253130 3.845185 0.054645
0.025400 0.598119 0.196118 3.665396 0.054907
0.025440 0.580663 0.133970 3.474518 0.055022
0.025480 0.571129 0.070124 3.281113 0.054988
0.025520 0.569391 0.007739 3.093212 0.054814
0.025560 0.574289 -0.050350 2.918408 0.054492
0.025600 0.583868 -0.101501 2.764040 0.054022
0.025640 0.595696 -0.143732 2.635772 0.053432
0.025680 0.607364 -0.175936 2.537098 0.052765
0.025720 0.616879 -0.197742 2.469797 0.052055
0.025760 0.622843 -0.209238 2.434552 0.051326
0.025800 0.624521 -0.210643 2.431449 0.050599
0.025840 0.621825 -0.202120 2.460285 0.049891
0.025880 0.615324 -0.183721 2.520546 0.049221
0.025920 0.606188 -0.155607 2.611124 0.048610
0.025960 0.596145 -0.118295 2.729736 0.048085
0.026000 0.587268 -0.072951 2.872355 0.047678
0.026040 0.581606 -0.021482 3.033136 0.047412
0.026080 0.580767 0.033694 3.205024 0.047290
0.026120 0.585607 0.089982 3.380651 0.047307
0.026160 0.596029 0.144656 3.552437 0.047462
0.026200 0.610853 0.194867 3.712366 0.047753
0.026240 0.628021 0.238260 3.853455 0.048166
0.026280 0.645250 0.273648 3.971619 0.048675
0.026320 0.660587 0.300898 4.065344 0.049262
0.026360 0.672508 0.320342 4.134109 0.049908
0.026400 0.679865 0.332333 4.177474 0.050600
0.026440 0.681893 0.337089 4.194962 0.051323
0.026480 0.678268 0.334622 4.186242 0.052063
0.026520 0.669137 0.324708 4.151217 0.052803
0.026560 0.655121 0.306905 4.089940 0.053528
0.026600 0.637284 0.280585 4.002403 0.054219
0.026640 0.617121 0.245075 3.888392 0.054857
0.026680 0.596642 0.200003 3.748140 0.055418
0.026720 0.578407 0.146028 3.583970 0.055870
0.026760 0.565076 0.085214 3.401450 0.056181
0.026800 0.558607 0.020434 3.208085 0.056331
0.026840 0.559903 -0.045524 3.011410 0.056321
0.026880 0.568928 -0.109971 2.818719 0.056152
0.026920 0.584640 -0.169985 2.637797 0.055825
0.026960 0.604880 -0.222679 2.476078 0.055364
0.027000 0.626938 -0.266302 2.338333 0.054799
0.027040 0.648373 -0.300550 2.226038 0.054161
0.027080 0.667269 -0.325936 2.139228 0.053472
0.027120 0.682129 -0.343127 2.077965 0.052751
0.027160 0.691848 -0.352718 2.042584 0.052016
0.027200 0.695766 -0.355143 2.033353 0.051283
0.027240 0.693724 -0.350631 2.050243 0.050566
0.027280 0.686057 -0.339174 2.092848 0.049879
0.027320 0.673561 -0.320577 2.160471 0.049236
0.027360 0.657416 -0.294511 2.252356 0.048651
0.027400 0.639119 -0.260622 2.367827 0.048139
0.027440 0.620519 -0.218845 2.505790 0.047719
0.027480 0.603824 -0.169986 2.663140 0.047414
0.027520 0.591205 -0.116117 2.833609 0.047243
0.027560 0.584091 -0.060100 3.009110 0.047211
0.027600 0.582790 -0.004778 3.181798 0.047313
0.027640 0.586577 0.047185 3.344192 0.047555
0.027680 0.593915 0.093281 3.488997 0.047938
0.027720 0.602805 0.131466 3.610066 0.048447
0.027760 0.611168 0.160463 3.703070 0.049049
0.027800 0.617271 0.179619 3.765461 0.049714
0.027840 0.619900 0.188667 3.795883 0.050419
0.027880 0.618449 0.187507 3.793687 0.051144
0.027920 0.612999 0.175973 3.758662 0.051870
0.027960 0.604282 0.153925 3.690980 0.052576
0.028000 0.593718 0.121355 3.591466 0.053235
0.028040 0.583311 0.078719 3.462059 0.053809
0.028080 0.575458 0.027247 3.306517 0.054257
0.028120 0.572571 -0.030919 3.130992 0.054562
0.028160 0.576536 -0.093033 2.943067 0.054726
0.028200 0.588444 -0.156207 2.750384 0.054751
0.028240 0.608213 -0.217117 2.561234 0.054627
0.028280 0.634296 -0.272361 2.383950 0.054361
0.028320 0.664244 -0.319749 2.223870 0.053984
0.028360 0.695443 -0.358480 2.083461 0.053530
0.028400 0.725352 -0.388516 1.964734 0.053023
0.028440 0.751630 -0.410315 1.869817 0.052478
0.028480 0.772379 -0.424719 1.800503 0.051909
0.028520 0.786244 -0.432674 1.758055 0.051328
0.028560 0.792435 -0.434946 1.743202 0.050750
0.028600 0.790711 -0.431916 1.756138 0.050186
0.028640 0.781360 -0.423507 1.796517 0.049647
0.028680 0.765196 -0.409248 1.863427 0.049143
0.028720 0.743551 -0.388471 1.955350 0.048683
0.028760 0.718240 -0.360575 2.070192 0.048278
0.028800 0.691436 -0.325288 2.205386 0.047934
0.028840 0.665476 -0.282855 2.358052 0.047667
0.028880 0.642681 -0.234271 2.524456 0.047502
0.028920 0.625101 -0.181680 2.698497 0.047460
0.028960 0.613910 -0.128218 2.871671 0.047545
0.029000 0.608963 -0.077042 3.035613 0.047748
0.029040 0.609029 -0.030874 3.183025 0.048061
0.029080 0.612199 0.007762 3.306708 0.048473
0.029120 0.616305 0.036715 3.400082 0.048971
0.029160 0.619433 0.054577 3.458513 0.049528
0.029200 0.620314 0.060657 3.479508 0.050120
0.029240 0.618534 0.054674 3.462129 0.050721
0.029280 0.614533 0.036636 3.406632 0.051303
0.029320 0.609609 0.006980 3.314779 0.051839
0.029360 0.605826 -0.033110 3.190524 0.052302
0.029400 0.605626 -0.081586 3.040010 0.052669
0.029440 0.611292 -0.135912 2.870178 0.052928
0.029480 0.624555 -0.193249 2.688165 0.053072
0.029520 0.646062 -0.250118 2.502413 0.053093
0.029560 0.674869 -0.302861 2.321666 0.052995
0.029600 0.708714 -0.348766 2.152512 0.052802
0.029640 0.744735 -0.386357 1.999528 0.052542
0.029680 0.780056 -0.415235 1.866264 0.052231
0.029720 0.812065 -0.435866 1.755670 0.051883
0.029760 0.838526 -0.449308 1.670303 0.051512
0.029800 0.857724 -0.456895 1.612185 0.051132
0.029840 0.868563 -0.459859 1.582639 0.050752
0.029880 0.870551 -0.458989 1.582283 0.050379
0.029920 0.863734 -0.454423 1.611084 0.050020
0.029960 0.848687 -0.445640 1.668340 0.049679
0.030000 0.826552 -0.431657 1.752599 0.049363
0.030040 0.799042 -0.411363 1.861620 0.049081
0.030080 0.768356 -0.383900 1.992478 0.048841
0.030120 0.737003 -0.348981 2.141705 0.048654
0.030160 0.707644 -0.307152 2.305059 0.048533
0.030200 0.682816 -0.260001 2.476970 0.048493
0.030240 0.664413 -0.210178 2.650135 0.048546
0.030280 0.653093 -0.161006 2.815989 0.048682
0.030320 0.648091 -0.115745 2.966244 0.048891
0.030360 0.647622 -0.077133 3.093719 0.049172
0.030400 0.649492 -0.047381 3.192127 0.049516
0.030440 0.651660 -0.028131 3.256344 0.049909
0.030480 0.652653 -0.020379 3.282990 0.050330
0.030520 0.651863 -0.024547 3.270595 0.050758
0.030560 0.649654 -0.040553 3.219543 0.051172
0.030600 0.647328 -0.067755 3.132127 0.051551
0.030640 0.646939 -0.104828 3.012560 0.051874
0.030680 0.650892 -0.149748 2.866603 0.052128
0.030720 0.661400 -0.199851 2.701106 0.052311
0.030760 0.679917 -0.251834 2.524011 0.052418
0.030800 0.706495 -0.302033 2.343880 0.052438
0.030840 0.739582 -0.347139 2.168666 0.052374
0.030880 0.776528 -0.384839 2.004877 0.052243
0.030920 0.814354 -0.414060 1.857498 0.052066
0.030960 0.850157 -0.434828 1.730657 0.051860
0.031000 0.881232 -0.448084 1.627997 0.051639
0.031040 0.905413 -0.455380 1.552468 0.051414
0.031080 0.921217 -0.458419 1.506143 0.051194
0.031120 0.927829 -0.458533 1.490255 0.050981
0.031160 0.925019 -0.456308 1.505243 0.050777
0.031200 0.913089 -0.451433 1.550744 0.050580
0.031240 0.892909 -0.442818 1.625532 0.050392
0.031280 0.865995 -0.428957 1.727451 0.050215
0.031320 0.834517 -0.408432 1.853360 0.050055
0.031360 0.801133 -0.380412 1.999243 0.049920
0.031400 0.768712 -0.344991 2.160335 0.049822
0.031440 0.740045 -0.303372 2.330833 0.049777
0.031480 0.717423 -0.257892 2.503532 0.049796
0.031520 0.702038 -0.211651 2.670383 0.049878
0.031560 0.693651 -0.167906 2.823457 0.050015
0.031600 0.690796 -0.129657 2.955299 0.050198
0.031640 0.691312 -0.099435 3.059074 0.050425
0.031680 0.692969 -0.079105 3.129156 0.050686
0.031720 0.694055 -0.069796 3.161766 0.050967
0.031760 0.693747 -0.071994 3.155143 0.051255
0.031800 0.692289 -0.085662 3.109481 0.051535
0.031840 0.690946 -0.110187 3.026962 0.051791
0.031880 0.691809 -0.144226 2.911853 0.052011
0.031920 0.697270 -0.185622 2.770212 0.052186
0.031960 0.709476 -0.231555 2.609127 0.052311
0.032000 0.729668 -0.278742 2.436155 0.052378
0.032040 0.757686 -0.323683 2.259306 0.052381
0.032080 0.791825 -0.363184 2.086604 0.052326
0.032120 0.829331 -0.395048 1.925057 0.052233
0.032160 0.867078 -0.418358 1.780442 0.052121
0.032200 0.901938 -0.433447 1.657723 0.052006
0.032240 0.931114 -0.441712 1.561072 0.051900
0.032280 0.952486 -0.445142 1.493772 0.051808
0.032320 0.964702 -0.445676 1.458167 0.051732
0.032360 0.967113 -0.444594 1.455586 0.051669
0.032400 0.959699 -0.442117 1.486226 0.051610
0.032440 0.943068 -0.437344 1.549097 0.051548
0.032480 0.918519 -0.428573 1.642041 0.051479
0.032520 0.888105 -0.413894 1.761805 0.051404
0.032560 0.854540 -0.391852 1.904111 0.051327
0.032600 0.820936 -0.361982 2.063705 0.051254
0.032640 0.790415 -0.325099 2.234258 0.051199
0.032680 0.765617 -0.283344 2.408138 0.051176
0.032720 0.748078 -0.239803 2.576930 0.051192
0.032760 0.737857 -0.197796 2.732637 0.051247
0.032800 0.733701 -0.160373 2.868044 0.051339
0.032840 0.733534 -0.130126 2.976474 0.051461
0.032880 0.735048 -0.109004 3.052214 0.051603
0.032920 0.736330 -0.098195 3.091268 0.051756
0.032960 0.736347 -0.098232 3.091633 0.051914
0.033000 0.735144 -0.109142 3.053228 0.052068
0.033040 0.733846 -0.130434 2.977900 0.052212
0.033080 0.734471 -0.160931 2.869524 0.052335
0.033120 0.739426 -0.198647 2.733744 0.052428
0.033160 0.750862 -0.240906 2.577206 0.052483
0.033200 0.770120 -0.284524 2.407111 0.052496
0.033240 0.797193 -0.325987 2.231512 0.052471
0.033280 0.830466 -0.361991 2.058988 0.052420
0.033320 0.867112 -0.390238 1.897423 0.052360
0.033360 0.903785 -0.409865 1.753474 0.052311
0.033400 0.937155 -0.421452 1.632755 0.052282
0.033440 0.964329 -0.426735 1.539978 0.052281
0.033480 0.983156 -0.428030 1.478913 0.052309
0.033520 0.992326 -0.427433 1.452213 0.052359
0.033560 0.991323 -0.426092 1.461167 0.052421
0.033600 0.980347 -0.423789 1.505531 0.052480
0.033640 0.960339 -0.419037 1.583519 0.052523
0.033680 0.933072 -0.409644 1.691941 0.052542
0.033720 0.901135 -0.393528 1.826439 0.052537
0.033760 0.867727 -0.369458 1.981626 0.052509
0.033800 0.836263 -0.337557 2.151002 0.052463
0.033840 0.809827 -0.299488 2.326682 0.052412
0.033880 0.790478 -0.258208 2.499701 0.052369
0.033920 0.778727 -0.217206 2.661322 0.052341
0.033960 0.773583 -0.179746 2.803950 0.052332
0.034000 0.773051 -0.148534 2.920975 0.052338
0.034040 0.774753 -0.125566 3.006813 0.052354
0.034080 0.776555 -0.112058 3.057417 0.052373
0.034120 0.777091 -0.108576 3.070527 0.052393
0.034160 0.776041 -0.115252 3.045575 0.052412
0.034200 0.774193 -0.131844 2.983625 0.052431
0.034240 0.773301 -0.157590 2.887496 0.052444
0.034280 0.775710 -0.190979 2.761788 0.052444
0.034320 0.783769 -0.229693 2.612496 0.052426
0.034360 0.799212 -0.270724 2.446563 0.052388
0.034400 0.822573 -0.310559 2.272034 0.052337
0.034440 0.852745 -0.345658 2.097977 0.052286
0.034480 0.887126 -0.373335 1.933261 0.052252
0.034520 0.922306 -0.392418 1.785496 0.052249
0.034560 0.954759 -0.403362 1.661001 0.052286
0.034600 0.981370 -0.407947 1.565106 0.052366
0.034640 0.999791 -0.408653 1.502156 0.052485
0.034680 1.008589 -0.407775 1.475224 0.052633
0.034720 1.007204 -0.406547 1.485771 0.052792
0.034760 0.995876 -0.404662 1.533448 0.052944
0.034800 0.975676 -0.400404 1.616106 0.053071
0.034840 0.948582 -0.391340 1.730018 0.053160
0.034880 0.917445 -0.375268 1.870209 0.053207
0.034920 0.885710 -0.351028 2.030634 0.053210
0.034960 0.856921 -0.319022 2.203964 0.053175
0.035000 0.834035 -0.281331 2.381377 0.053112
0.035040 0.818661 -0.241251 2.553327 0.053033
0.035080 0.810690 -0.202365 2.711071 0.052949
0.035120 0.808619 -0.167805 2.847304 0.052862
0.035160 0.810165 -0.139956 2.955972 0.052771
0.035200 0.812911 -0.120372 3.032377 0.052676
0.035240 0.814892 -0.109860 3.073409 0.052577
0.035280 0.815007 -0.108725 3.077523 0.052477
0.035320 0.813207 -0.116994 3.044593 0.052379
0.035360 0.810499 -0.134422 2.975905 0.052283
0.035400 0.808784 -0.160297 2.874299 0.052192
0.035440 0.810468 -0.193175 2.744237 0.052103
0.035480 0.817909 -0.230755 2.591605 0.052016
0.035520 0.832756 -0.269967 2.423506 0.051934
0.035560 0.855340 -0.307224 2.248429 0.051865
0.035600 0.884324 -0.339045 2.075918 0.051825
0.035640 0.916889 -0.363022 1.915140 0.051827
0.035680 0.949471 -0.378446 1.773818 0.051881
0.035720 0.978529 -0.386290 1.658326 0.051992
0.035760 1.001091 -0.388740 1.574000 0.052156
0.035800 1.015068 -0.388400 1.525020 0.052363
0.035840 1.019328 -0.387296 1.514012 0.052595
0.035880 1.013643 -0.386043 1.541720 0.052828
0.035920 0.998645 -0.383597 1.606889 0.053041
0.035960 0.975896 -0.377701 1.706392 0.053214
0.036000 0.947918 -0.365817 1.835578 0.053334
0.036040 0.918037 -0.346119 1.988586 0.053395
0.036080 0.889915 -0.318250 2.158280 0.053398
0.036120 0.866846 -0.283650 2.335963 0.053351
0.036160 0.850918 -0.245288 2.511857 0.053265
0.036200 0.842492 -0.206761 2.676667 0.053151
0.036240 0.840372 -0.171365 2.822656 0.053013
0.036280 0.842414 -0.141653 2.943560 0.052856
0.036320 0.846166 -0.119324 3.034420 0.052684
0.036360 0.849434 -0.105289 3.091712 0.052502
0.036400 0.850731 -0.099906 3.113377 0.052316
0.036440 0.849529 -0.103262 3.098700 0.052130
0.036480 0.846310 -0.115293 3.048241 0.051948
0.036520 0.842501 -0.135686 2.963904 0.051777
0.036560 0.840280 -0.163593 2.849073 0.051619
0.036600 0.842110 -0.197385 2.708619 0.051479
0.036640 0.850140 -0.234582 2.548705 0.051362
0.036680 0.865639 -0.271966 2.376823 0.051272
0.036720 0.888445 -0.305937 2.202019 0.051221
0.036760 0.916687 -0.333346 2.034119 0.051220
0.036800 0.947175 -0.352485 1.882109 0.051281
0.036840 0.976251 -0.363476 1.753401 0.051409
0.036880 1.000556 -0.368003 1.654088 0.051602
0.036920 1.017506 -0.368610 1.589098 0.051851
0.036960 1.025499 -0.367706 1.561902 0.052137
0.037000 1.023904 -0.366574 1.574106 0.052434
0.037040 1.013013 -0.364815 1.625243 0.052718
0.037080 0.994065 -0.360526 1.712807 0.052962
0.037120 0.969300 -0.351124 1.832534 0.053149
0.037160 0.941860 -0.334425 1.978742 0.053268
0.037200 0.915408 -0.309556 2.144369 0.053318
0.037240 0.893377 -0.277481 2.320764 0.053303
0.037280 0.878080 -0.240845 2.498109 0.053233
0.037320 0.870129 -0.203116 2.666965 0.053115
0.037360 0.868553 -0.167592 2.819490 0.052954
0.037400 0.871381 -0.136882 2.949348 0.052758
0.037440 0.876228 -0.112772 3.051413 0.052532
0.037480 0.880831 -0.096229 3.121915 0.052285
0.037520 0.883498 -0.087609 3.158524 0.052025
0.037560 0.883353 -0.086976 3.160182 0.051760
0.037600 0.880429 -0.094335 3.126897 0.051500
0.037640 0.875659 -0.109623 3.059743 0.051256
0.037680 0.870783 -0.132479 2.961077 0.051033
0.037720 0.868087 -0.161917 2.834738 0.050840
0.037760 0.869928 -0.196125 2.685960 0.050681
0.037800 0.878168 -0.232502 2.521105 0.050564
0.037840 0.893696 -0.267811 2.347868 0.050496
0.037880 0.915923 -0.298612 2.175505 0.050484
0.037920 0.942616 -0.322213 2.013807 0.050537
0.037960 0.970408 -0.337570 1.871507 0.050664
0.038000 0.995698 -0.345479 1.755758 0.050866
0.038040 1.015411 -0.348058 1.672327 0.051136
0.038080 1.027366 -0.347877 1.625578 0.051457
0.038120 1.030403 -0.346866 1.618145 0.051804
0.038160 1.024344 -0.345477 1.650612 0.052149
0.038200 1.009988 -0.342477 1.721419 0.052464
0.038240 0.989149 -0.335507 1.827034 0.052725
0.038280 0.964632 -0.322118 1.962246 0.052914
0.038320 0.939947 -0.300853 2.120297 0.053026
0.038360 0.918636 -0.271984 2.292801 0.053064
0.038400 0.903324 -0.237592 2.470138 0.053030
0.038440 0.895027 -0.200848 2.642874 0.052929
0.038480 0.893187 -0.164990 2.803068 0.052766
0.038520 0.896182 -0.132721 2.944256 0.052546
0.038560 0.901836 -0.105991 3.061146 0.052278
0.038600 0.907906 -0.085904 3.149826 0.051969
0.038640 0.912562 -0.072846 3.207880 0.051629
0.038680 0.914624 -0.066820 3.234074 0.051272
0.038720 0.913612 -0.067766 3.227975 0.050912
0.038760 0.909728 -0.075714 3.189764 0.050565
0.038800 0.903887 -0.090725 3.120281 0.050242
0.038840 0.897637 -0.112649 3.021352 0.049957
0.038880 0.893058 -0.140763 2.896190 0.049716
0.038920 0.892379 -0.173521 2.749541 0.049526
0.038960 0.897443 -0.208600 2.587350 0.049394
0.039000 0.909262 -0.243087 2.416602 0.049326
0.039040 0.927649 -0.273780 2.245723 0.049328
0.039080 0.950879 -0.297920 2.084215 0.049404
0.039120 0.975922 -0.314174 1.941161 0.049560
0.039160 0.999281 -0.323029 1.824178 0.049795
0.039200 1.017843 -0.326385 1.739314 0.050103
0.039240 1.029346 -0.326676 1.691061 0.050464
0.039280 1.032550 -0.325792 1.682129 0.050853
0.039320 1.027243 -0.324212 1.713176 0.051241
0.039360 1.014200 -0.320809 1.782721 0.051598
0.039400 0.995234 -0.313353 1.887261 0.051899
0.039440 0.973146 -0.299535 2.021479 0.052126
0.039480 0.951359 -0.278071 2.178334 0.052271
0.039520 0.933161 -0.249404 2.349184 0.052331
0.039560 0.920782 -0.215629 2.524657 0.052307
0.039600 0.914921 -0.179688 2.696133 0.052198
0.039640 0.914962 -0.144501 2.856443 0.052010
0.039680 0.919377 -0.112536 2.999607 0.051751
0.039720 0.926170 -0.085536 3.120854 0.051430
0.039760 0.933340 -0.064439 3.216861 0.051061
0.039800 0.939244 -0.049536 3.285593 0.050661
0.039840 0.942793 -0.040767 3.325873 0.050244
0.039880 0.943407 -0.038001 3.337119 0.049820
0.039920 0.940977 -0.041195 3.319225 0.049401
0.039960 0.935857 -0.050437 3.272524 0.048995
0.040000 0.928883 -0.065858 3.197862 0.048614
