 sig=    1.000000000000000      inputfile=
 /home/rjrj524/Finished/vmec_gc_tracer/revised_251128/nc/wout_pwO_nfp2_A6.nc                                                                                                                             
 dt=   2.0000000000000000E-008
 steps=      2000000
 x0=   5.0000000000000003E-002  -0.7260000000000000      
   -3.140000000000000     
 u=    4990.000000000000     
 v_perp=    13100.00000000000     
 
time(s)         x0(1)       x0(2)        x0(3)      r
    3.9980000000E-05    6.3820818532E-01    1.3046010771E-01   -2.9108562991E+00    4.9897401585E-02
    7.9980000000E-05    6.5220684799E-01    2.0146302966E-01   -2.6767962528E+00    4.9838473373E-02
    1.1998000000E-04    6.7855475511E-01    2.6955895243E-01   -2.4433748859E+00    4.9823187050E-02
    1.5998000000E-04    7.1606108198E-01    3.3138362954E-01   -2.2158090903E+00    4.9852183424E-02
    1.9998000000E-04    7.6218808626E-01    3.8411927178E-01   -1.9979013086E+00    4.9916626332E-02
    2.3998000000E-04    8.1395475622E-01    4.2587541863E-01   -1.7920600991E+00    5.0008365588E-02
    2.7998000000E-04    8.6846211303E-01    4.5570461958E-01   -1.5998957642E+00    5.0121294519E-02
    3.1998000000E-04    9.2294252458E-01    4.7360196213E-01   -1.4225637358E+00    5.0247728343E-02
    3.5998000000E-04    9.7492719016E-01    4.8046780918E-01   -1.2606571713E+00    5.0377180008E-02
    3.9998000000E-04    1.0224173040E+00    4.7791306244E-01   -1.1144126169E+00    5.0497083732E-02
    4.3998000000E-04    1.0639608738E+00    4.6808219351E-01   -9.8412739649E-01    5.0596917557E-02
    4.7998000000E-04    1.0987770261E+00    4.5344961265E-01   -8.7022516347E-01    5.0672049966E-02
    5.1998000000E-04    1.1267892401E+00    4.3650111180E-01   -7.7305071786E-01    5.0723721343E-02
    5.5998000000E-04    1.1484389856E+00    4.1945184884E-01   -6.9276732752E-01    5.0755653816E-02
    5.9998000000E-04    1.1644024328E+00    4.0413136078E-01   -6.2943406012E-01    5.0771741709E-02
    6.3998000000E-04    1.1753704054E+00    3.9197452660E-01   -5.8308992748E-01    5.0775846971E-02
    6.7998000000E-04    1.1819194266E+00    3.8402669562E-01   -5.5377003716E-01    5.0771992549E-02
    7.1998000000E-04    1.1844387230E+00    3.8094099899E-01   -5.4149306471E-01    5.0764328590E-02
    7.5998000000E-04    1.1830897687E+00    3.8297509117E-01   -5.4625260206E-01    5.0757058294E-02
    7.9998000000E-04    1.1777907769E+00    3.8999099694E-01   -5.6801497795E-01    5.0754432600E-02
    8.3998000000E-04    1.1682242839E+00    4.0145773555E-01   -6.0671972117E-01    5.0760758176E-02
    8.7998000000E-04    1.1538685310E+00    4.1645675334E-01   -6.6228496642E-01    5.0780339854E-02
    9.1998000000E-04    1.1340572821E+00    4.3368903289E-01   -7.3461955392E-01    5.0817399710E-02
    9.5998000000E-04    1.1080836315E+00    4.5147895996E-01   -8.2362083930E-01    5.0876165500E-02
    9.9998000000E-04    1.0753790977E+00    4.6778065624E-01   -9.2911708845E-01    5.0960834409E-02
    1.0399800000E-03    1.0357725658E+00    4.8024112783E-01   -1.0507905589E+00    5.1073850132E-02
    1.0799800000E-03    9.8971363133E-01    4.8640196553E-01   -1.1882426029E+00    5.1212418995E-02
    1.1199800000E-03    9.3830463046E-01    4.8398517999E-01   -1.3412165802E+00    5.1367422714E-02
    1.1599800000E-03    8.8321049836E-01    4.7109391607E-01   -1.5096693013E+00    5.1526243134E-02
    1.1999800000E-03    8.2663675241E-01    4.4637031368E-01   -1.6934291341E+00    5.1676516512E-02
    1.2399800000E-03    7.7124768595E-01    4.0924838253E-01   -1.8918005360E+00    5.1807788198E-02
    1.2799800000E-03    7.1992902362E-01    3.6011475453E-01   -2.1036336407E+00    5.1912561692E-02
    1.3199800000E-03    6.7572426726E-01    3.0032782520E-01   -2.3272892956E+00    5.1984836748E-02
    1.3599800000E-03    6.4161583831E-01    2.3225440053E-01   -2.5601660155E+00    5.2012326005E-02
    1.3999800000E-03    6.1965426012E-01    1.5911536324E-01   -2.7979882615E+00    5.1985296940E-02
    1.4399800000E-03    6.1029951027E-01    8.4316031749E-02   -3.0352344035E+00    5.1904024443E-02
    1.4799800000E-03    6.1260739143E-01    1.0793566771E-02   -3.2666412222E+00    5.1767059931E-02
    1.5199800000E-03    6.2458547503E-01   -5.8878161432E-02   -3.4871754486E+00    5.1574686044E-02
    1.5599800000E-03    6.4368194447E-01   -1.2272264473E-01   -3.6930261614E+00    5.1336167966E-02
    1.5999800000E-03    6.6770540289E-01   -1.7964106223E-01   -3.8826890731E+00    5.1063531671E-02
    1.6399800000E-03    6.9503830454E-01   -2.2901135210E-01   -4.0556715482E+00    5.0764979178E-02
    1.6799800000E-03    7.2420110382E-01   -2.7053900971E-01   -4.2115965849E+00    5.0442477033E-02
    1.7199800000E-03    7.5372408627E-01   -3.0441069475E-01   -4.3504609455E+00    5.0099348613E-02
    1.7599800000E-03    7.8224989912E-01   -3.3124175429E-01   -4.4725467599E+00    4.9744841026E-02
    1.7999800000E-03    8.0867148662E-01   -3.5187702395E-01   -4.5781822814E+00    4.9387815704E-02
    1.8399800000E-03    8.3218866771E-01   -3.6729123937E-01   -4.6677960943E+00    4.9032239154E-02
    1.8799800000E-03    8.5232248966E-01   -3.7847012262E-01   -4.7419723070E+00    4.8678726854E-02
    1.9199800000E-03    8.6884629525E-01   -3.8630738444E-01   -4.8013688279E+00    4.8327125687E-02
    1.9599800000E-03    8.8168728638E-01   -3.9154538309E-01   -4.8465915461E+00    4.7977463239E-02
    1.9999800000E-03    8.9085410670E-01   -3.9474258587E-01   -4.8781141883E+00    4.7629885992E-02
    2.0399800000E-03    8.9638075284E-01   -3.9628858705E-01   -4.8962643155E+00    4.7284453944E-02
    2.0799800000E-03    8.9830076988E-01   -3.9640982665E-01   -4.9012273972E+00    4.6941035636E-02
    2.1199800000E-03    8.9663100521E-01   -3.9518234094E-01   -4.8930574399E+00    4.6599368013E-02
    2.1599800000E-03    8.9137476537E-01   -3.9252146832E-01   -4.8716782083E+00    4.6259284502E-02
    2.1999800000E-03    8.8251172747E-01   -3.8820734548E-01   -4.8368851205E+00    4.5920777539E-02
    2.2399800000E-03    8.7002552722E-01   -3.8185266497E-01   -4.7883308479E+00    4.5584010799E-02
    2.2799800000E-03    8.5393167407E-01   -3.7289893162E-01   -4.7255245657E+00    4.5249206930E-02
    2.3199800000E-03    8.3433018868E-01   -3.6062166946E-01   -4.6478689097E+00    4.4916410697E-02
    2.3599800000E-03    8.1148992592E-01   -3.4415352919E-01   -4.5547519464E+00    4.4585583606E-02
    2.3999800000E-03    7.8592731014E-01   -3.2255788057E-01   -4.4456598363E+00    4.4257932655E-02
    2.4399800000E-03    7.5844502093E-01   -2.9493118632E-01   -4.3202256804E+00    4.3938275180E-02
    2.4799800000E-03    7.3013144516E-01   -2.6048203406E-01   -4.1781617533E+00    4.3635098143E-02
    2.5199800000E-03    7.0229704836E-01   -2.1867441167E-01   -4.0193020445E+00    4.3355297875E-02
    2.5599800000E-03    6.7639650258E-01   -1.6939331315E-01   -3.8438643809E+00    4.3100527578E-02
    2.5999800000E-03    6.5391459873E-01   -1.1297661946E-01   -3.6524103969E+00    4.2873044417E-02
    2.6399800000E-03    6.3651681651E-01   -5.0103576859E-02   -3.4457142925E+00    4.2680664002E-02
    2.6799800000E-03    6.2637514076E-01    1.7990892440E-02   -3.2258176973E+00    4.2533087996E-02
    2.7199800000E-03    6.2575140423E-01    8.9234904029E-02   -2.9968422109E+00    4.2435525671E-02
    2.7599800000E-03    6.3618876011E-01    1.6107516247E-01   -2.7636816590E+00    4.2387652672E-02
    2.7999800000E-03    6.5816708861E-01    2.3066516145E-01   -2.5313949742E+00    4.2390752251E-02
    2.8399800000E-03    6.9089101171E-01    2.9491071865E-01   -2.3051528453E+00    4.2443714925E-02
    2.8799800000E-03    7.3234412123E-01    3.5110019674E-01   -2.0887332231E+00    4.2535698273E-02
    2.9199800000E-03    7.7985316775E-01    3.9733870202E-01   -1.8844051268E+00    4.2656441867E-02
    2.9599800000E-03    8.3064307756E-01    4.3261328863E-01   -1.6937573606E+00    4.2802032394E-02
    2.9999800000E-03    8.8210932345E-01    4.5681259112E-01   -1.5178860091E+00    4.2966460052E-02
    3.0399800000E-03    9.3196058418E-01    4.7067047108E-01   -1.3573091583E+00    4.3140229031E-02
    3.0799800000E-03    9.7839578586E-01    4.7554621376E-01   -1.2120243274E+00    4.3313458539E-02
    3.1199800000E-03    1.0201399688E+00    4.7315040634E-01   -1.0818622900E+00    4.3477227213E-02
    3.1599800000E-03    1.0563809800E+00    4.6538520477E-01   -9.6678969603E-01    4.3624806212E-02
    3.1999800000E-03    1.0867478069E+00    4.5423024995E-01   -8.6692874313E-01    4.3752692161E-02
    3.2399800000E-03    1.1112790373E+00    4.4158707689E-01   -7.8243426935E-01    4.3860905321E-02
    3.2799800000E-03    1.1303142491E+00    4.2913043775E-01   -7.1339832213E-01    4.3951926269E-02
    3.3199800000E-03    1.1443368038E+00    4.1822970005E-01   -6.5984308710E-01    4.4029180818E-02
    3.3599800000E-03    1.1538329151E+00    4.0993224189E-01   -6.2175925470E-01    4.4096321723E-02
    3.3999800000E-03    1.1591966414E+00    4.0496956891E-01   -5.9913210638E-01    4.4157131582E-02
    3.4399800000E-03    1.1606753001E+00    4.0376376204E-01   -5.9194511991E-01    4.4215529213E-02
    3.4799800000E-03    1.1583423543E+00    4.0643082435E-01   -6.0017528345E-01    4.4275534295E-02
    3.5199800000E-03    1.1520904593E+00    4.1278234362E-01   -6.2379065351E-01    4.4341213512E-02
    3.5599800000E-03    1.1416423965E+00    4.2232689445E-01   -6.6275249240E-01    4.4416625739E-02
    3.5999800000E-03    1.1265821833E+00    4.3427071915E-01   -7.1701835188E-01    4.4505785137E-02
    3.6399800000E-03    1.1064143960E+00    4.4751607098E-01   -7.8653540196E-01    4.4612642592E-02
    3.6799800000E-03    1.0806645935E+00    4.6066078530E-01   -8.7121500348E-01    4.4740835655E-02
    3.7199800000E-03    1.0490183795E+00    4.7202448902E-01   -9.7091070449E-01    4.4892640170E-02
    3.7599800000E-03    1.0114591825E+00    4.7973460419E-01   -1.0854584353E+00    4.5067395960E-02
    3.7999800000E-03    9.6834926718E-01    4.8186087237E-01   -1.2147927320E+00    4.5261012901E-02
    3.8399800000E-03    9.2045518472E-01    4.7652926721E-01   -1.3590598355E+00    4.5466662325E-02
    3.8799800000E-03    8.6900337530E-01    4.6200165023E-01   -1.5185648396E+00    4.5675588049E-02
    3.9199800000E-03    8.1578581712E-01    4.3684399256E-01   -1.6934451326E+00    4.5877369685E-02
    3.9599800000E-03    7.6313600959E-01    4.0022454557E-01   -1.8833532102E+00    4.6060417098E-02
    3.9999800000E-03    7.1373720617E-01    3.5217055935E-01   -2.0873931385E+00    4.6216911377E-02
    4.0399800000E-03    6.7045314311E-01    2.9367601159E-01   -2.3042055717E+00    4.6342256501E-02
    4.0799800000E-03    6.3601771122E-01    2.2664957139E-01   -2.5319637855E+00    4.6424621312E-02
    4.1199800000E-03    6.1252925095E-01    1.5381499993E-01   -2.7673629623E+00    4.6450056261E-02
    4.1599800000E-03    6.0092737351E-01    7.8289881149E-02   -3.0053487455E+00    4.6415539004E-02
    4.1999800000E-03    6.0093010332E-01    2.9218795597E-03   -3.2407495610E+00    4.6323609599E-02
    4.2399800000E-03    6.1130906733E-01   -6.9730384235E-02   -3.4685115728E+00    4.6170223275E-02
    4.2799800000E-03    6.3014497999E-01   -1.3748242251E-01   -3.6842811950E+00    4.5956815376E-02
    4.3199800000E-03    6.5545581787E-01   -1.9876160573E-01   -3.8856049883E+00    4.5699894537E-02
    4.3599800000E-03    6.8550774446E-01   -2.5245989829E-01   -4.0713548522E+00    4.5412429640E-02
    4.3999800000E-03    7.1860293954E-01   -2.9797644495E-01   -4.2410717211E+00    4.5097209954E-02
    4.4399800000E-03    7.5302128018E-01   -3.3523942533E-01   -4.3946200822E+00    4.4760451019E-02
    4.4799800000E-03    7.8708398817E-01   -3.6463460116E-01   -4.5318541782E+00    4.4412457811E-02
    4.5199800000E-03    8.1937286483E-01   -3.8696823483E-01   -4.6528777971E+00    4.4059998396E-02
    4.5599800000E-03    8.4889838608E-01   -4.0337147861E-01   -4.7582950967E+00    4.3705899395E-02
    4.5999800000E-03    8.7510467468E-01   -4.1503773826E-01   -4.8489959865E+00    4.3352045277E-02
    4.6399800000E-03    8.9772449247E-01   -4.2305861015E-01   -4.9258163164E+00    4.3000362320E-02
    4.6799800000E-03    9.1665603530E-01   -4.2834968845E-01   -4.9893773575E+00    4.2652287708E-02
    4.7199800000E-03    9.3188940548E-01   -4.3164508389E-01   -5.0401005861E+00    4.2308473669E-02
    4.7599800000E-03    9.4346485965E-01   -4.3351592694E-01   -5.0782769610E+00    4.1968825690E-02
    4.7999800000E-03    9.5144399678E-01   -4.3438653426E-01   -5.1041153065E+00    4.1632832468E-02
    4.8399800000E-03    9.5588837287E-01   -4.3453863196E-01   -5.1177593397E+00    4.1299813383E-02
    4.8799800000E-03    9.5684084114E-01   -4.3412691041E-01   -5.1192879539E+00    4.0969052868E-02
    4.9199800000E-03    9.5431647312E-01   -4.3318366584E-01   -5.1087116971E+00    4.0639819910E-02
    4.9599800000E-03    9.4830202573E-01   -4.3161754565E-01   -5.0859736580E+00    4.0311404237E-02
    4.9999800000E-03    9.3876330821E-01   -4.2920750600E-01   -5.0509531806E+00    3.9983165592E-02
    5.0399800000E-03    9.2565800249E-01   -4.2560178292E-01   -5.0034686818E+00    3.9654646969E-02
    5.0799800000E-03    9.0895485651E-01   -4.2030715050E-01   -4.9432647248E+00    3.9325780320E-02
    5.1199800000E-03    8.8865712507E-01   -4.1267515697E-01   -4.8699703242E+00    3.8997132032E-02
    5.1599800000E-03    8.6483564824E-01   -4.0188748864E-01   -4.7830343805E+00    3.8669996113E-02
    5.1999800000E-03    8.3768973168E-01   -3.8695554930E-01   -4.6816985337E+00    3.8346113727E-02
    5.2399800000E-03    8.0765832576E-01   -3.6676349444E-01   -4.5651097448E+00    3.8027102437E-02
    5.2799800000E-03    7.7555425200E-01   -3.4020644819E-01   -4.4326145208E+00    3.7715093425E-02
    5.3199800000E-03    7.4260688142E-01   -3.0641151295E-01   -4.2840307138E+00    3.7415167411E-02
    5.3599800000E-03    7.1034614629E-01   -2.6487176132E-01   -4.1195424591E+00    3.7135995719E-02
    5.3999800000E-03    6.8041666332E-01   -2.1549796144E-01   -3.9394197539E+00    3.6884145115E-02
    5.4399800000E-03    6.5450071773E-01   -1.5868515998E-01   -3.7441869177E+00    3.6661499822E-02
    5.4799800000E-03    6.3428475837E-01   -9.5358345510E-02   -3.5349895283E+00    3.6475889631E-02
    5.5199800000E-03    6.2154344389E-01   -2.6920737106E-02   -3.3140075169E+00    3.6342005133E-02
    5.5599800000E-03    6.1804437918E-01    4.4666691914E-02   -3.0850534299E+00    3.6264176238E-02
    5.5999800000E-03    6.2497805367E-01    1.1697796167E-01   -2.8529046133E+00    3.6237957409E-02
    5.6399800000E-03    6.4266517448E-01    1.8740462915E-01   -2.6223886003E+00    3.6264645206E-02
    5.6799800000E-03    6.7041781844E-01    2.5319655199E-01   -2.3983925888E+00    3.6344125400E-02
    5.7199800000E-03    7.0659668961E-01    3.1188415730E-01   -2.1846686703E+00    3.6467019913E-02
    5.7599800000E-03    7.4900457570E-01    3.6169158053E-01   -1.9831871834E+00    3.6622846730E-02
    5.7999800000E-03    7.9515187354E-01    4.0155851593E-01   -1.7953492350E+00    3.6806506998E-02
    5.8399800000E-03    8.4253446786E-01    4.3124431740E-01   -1.6222978349E+00    3.7013243427E-02
    5.8799800000E-03    8.8898392739E-01    4.5134014195E-01   -1.4645181149E+00    3.7233574818E-02
    5.9199800000E-03    9.3282751521E-01    4.6302977772E-01   -1.3218994004E+00    3.7457613208E-02
    5.9599800000E-03    9.7290767470E-01    4.6779767659E-01   -1.1940475616E+00    3.7678468458E-02
    5.9999800000E-03    1.0085123416E+00    4.6721139243E-01   -1.0805605427E+00    3.7891318910E-02
    6.0399800000E-03    1.0392709938E+00    4.6281207852E-01   -9.8117264458E-01    3.8092730519E-02
    6.0799800000E-03    1.0650749701E+00    4.5606362486E-01   -8.9574688773E-01    3.8280744902E-02
    6.1199800000E-03    1.0860174671E+00    4.4830367715E-01   -8.2421421275E-01    3.8454891518E-02
    6.1599800000E-03    1.1023280083E+00    4.4069151232E-01   -7.6653338110E-01    3.8616160771E-02
    6.1999800000E-03    1.1142976512E+00    4.3417164053E-01   -7.2267001510E-01    3.8766757728E-02
    6.2399800000E-03    1.1222103681E+00    4.2945731794E-01   -6.9258846761E-01    3.8909645608E-02
    6.2799800000E-03    1.1262896050E+00    4.2702775645E-01   -6.7625247672E-01    3.9048172999E-02
    6.3199800000E-03    1.1266632034E+00    4.2713096882E-01   -6.7362813622E-01    3.9185870247E-02
    6.3599800000E-03    1.1233456546E+00    4.2978734509E-01   -6.8468548925E-01    3.9326346324E-02
    6.3999800000E-03    1.1162361794E+00    4.3479178767E-01   -7.0939855212E-01    3.9473219481E-02
    6.4399800000E-03    1.1051325086E+00    4.4171389693E-01   -7.4774434130E-01    3.9630026069E-02
    6.4799800000E-03    1.0897611055E+00    4.4989782079E-01   -7.9970189151E-01    3.9800026223E-02
    6.5199800000E-03    1.0698238492E+00    4.5846604627E-01   -8.6525540666E-01    3.9985826716E-02
    6.5599800000E-03    1.0450574650E+00    4.6633393943E-01   -9.4440748588E-01    4.0188899120E-02
    6.5999800000E-03    1.0152996735E+00    4.7223937640E-01   -1.0372033936E+00    4.0409331853E-02
    6.6399800000E-03    9.8055355404E-01    4.7478340283E-01   -1.1437665752E+00    4.0645879431E-02
    6.6799800000E-03    9.4103892218E-01    4.7246548026E-01   -1.2643542301E+00    4.0895885869E-02
    6.7199800000E-03    8.9726789194E-01    4.6370905518E-01   -1.3993931219E+00    4.1155382584E-02
    6.7599800000E-03    8.5016891953E-01    4.4693017554E-01   -1.5493867156E+00    4.1418710425E-02
    6.7999800000E-03    8.0120223189E-01    4.2070528491E-01   -1.7147115408E+00    4.1676277740E-02
    6.8399800000E-03    7.5238653093E-01    3.8404153162E-01   -1.8953578297E+00    4.1915212537E-02
    6.8799800000E-03    7.0620645832E-01    3.3671556682E-01   -2.0906570236E+00    4.2125973812E-02
    6.9199800000E-03    6.6528802300E-01    2.7944753262E-01   -2.2994952118E+00    4.2302959316E-02
    6.9599800000E-03    6.3201525884E-01    2.1373529884E-01   -2.5206803869E+00    4.2437845482E-02
    6.9999800000E-03    6.0840514942E-01    1.4177229694E-01   -2.7517917584E+00    4.2519454019E-02
    7.0399800000E-03    5.9577978332E-01    6.6293601683E-02   -2.9884122376E+00    4.2542185335E-02
    7.0799800000E-03    5.9444114326E-01   -9.9982992098E-03   -3.2255341669E+00    4.2506931897E-02
    7.1199800000E-03    6.0387681120E-01   -8.4629011333E-02   -3.4582684058E+00    4.2408553432E-02
    7.1599800000E-03    6.2291751091E-01   -1.5528941056E-01   -3.6820293779E+00    4.2245978227E-02
    7.1999800000E-03    6.4990002278E-01   -2.1991465126E-01   -3.8933445556E+00    4.2034597865E-02
    7.2399800000E-03    6.8296490584E-01   -2.7690820185E-01   -4.0903201193E+00    4.1787192925E-02
    7.2799800000E-03    7.2022577646E-01   -3.2531943171E-01   -4.2722860020E+00    4.1508020359E-02
    7.3199800000E-03    7.5971862320E-01   -3.6471274295E-01   -4.4387632336E+00    4.1202890954E-02
    7.3599800000E-03    7.9941954602E-01   -3.9526764236E-01   -4.5892608988E+00    4.0879686101E-02
    7.3999800000E-03    8.3761259937E-01   -4.1783901709E-01   -4.7239063936E+00    4.0546055821E-02
    7.4399800000E-03    8.7312714400E-01   -4.3369195430E-01   -4.8434573555E+00    4.0209233225E-02
    7.4799800000E-03    9.0526060598E-01   -4.4416734840E-01   -4.9487750839E+00    3.9874924977E-02
    7.5199800000E-03    9.3362597985E-01   -4.5049847995E-01   -5.0405230571E+00    3.9546211489E-02
    7.5599800000E-03    9.5805608198E-01   -4.5377529677E-01   -5.1191918453E+00    3.9224060434E-02
    7.5999800000E-03    9.7854299578E-01   -4.5493274242E-01   -5.1851972771E+00    3.8908632840E-02
    7.6399800000E-03    9.9517661309E-01   -4.5474471339E-01   -5.2389101284E+00    3.8599980635E-02
    7.6799800000E-03    1.0080888448E+00   -4.5383108268E-01   -5.2806387194E+00    3.8297953041E-02
    7.7199800000E-03    1.0174135327E+00   -4.5266686426E-01   -5.3106138328E+00    3.8001948608E-02
    7.7599800000E-03    1.0232625919E+00   -4.5159272247E-01   -5.3289884927E+00    3.7710897778E-02
    7.7999800000E-03    1.0257122464E+00   -4.5082060889E-01   -5.3358454270E+00    3.7423392912E-02
    7.8399800000E-03    1.0247964908E+00   -4.5043830740E-01   -5.3312041196E+00    3.7137869148E-02
    7.8799800000E-03    1.0205046696E+00   -4.5041022912E-01   -5.3150245337E+00    3.6852758924E-02
    7.9199800000E-03    1.0127830367E+00   -4.5057587396E-01   -5.2872075347E+00    3.6566654787E-02
    7.9599800000E-03    1.0015408462E+00   -4.5064621405E-01   -5.2475919813E+00    3.6278475366E-02
    7.9999800000E-03    9.8666368753E-01   -4.5019881828E-01   -5.1959522956E+00    3.5987553254E-02
    8.0399800000E-03    9.6803641678E-01   -4.4866950089E-01   -5.1320022723E+00    3.5693668359E-02
    8.0799800000E-03    9.4557939256E-01   -4.4534304046E-01   -5.0554067429E+00    3.5396891061E-02
    8.1199800000E-03    9.1929787773E-01   -4.3934902832E-01   -4.9657915925E+00    3.5097468864E-02
    8.1599800000E-03    8.8933382508E-01   -4.2966592731E-01   -4.8627127626E+00    3.4796281197E-02
    8.1999800000E-03    8.5601651621E-01   -4.1513396545E-01   -4.7455669389E+00    3.4495862291E-02
    8.2399800000E-03    8.1994458697E-01   -3.9449163159E-01   -4.6135599770E+00    3.4200979910E-02
    8.2799800000E-03    7.8213469724E-01   -3.6651094494E-01   -4.4659670375E+00    3.3918025758E-02
    8.3199800000E-03    7.4412770752E-01   -3.3029398891E-01   -4.3026411092E+00    3.3654089740E-02
    8.3599800000E-03    7.0782211042E-01   -2.8554189796E-01   -4.1241266727E+00    3.3416210527E-02
    8.3999800000E-03    6.7513197665E-01   -2.3254270294E-01   -3.9311074481E+00    3.3209317855E-02
    8.4399800000E-03    6.4791110688E-01   -1.7207897832E-01   -3.7243975573E+00    3.3036174101E-02
    8.4799800000E-03    6.2798601560E-01   -1.0555497662E-01   -3.5059007876E+00    3.2904775472E-02
    8.5199800000E-03    6.1691462891E-01   -3.4944975860E-02   -3.2790090683E+00    3.2826993108E-02
    8.5599800000E-03    6.1570628667E-01    3.7481622326E-02   -3.0480671280E+00    3.2804556696E-02
    8.5999800000E-03    6.2472253183E-01    1.0933400034E-01   -2.8176851507E+00    3.2834226794E-02
    8.6399800000E-03    6.4360160248E-01    1.7814474614E-01   -2.5925008740E+00    3.2915655109E-02
    8.6799800000E-03    6.7113411556E-01    2.4151471358E-01   -2.3767883010E+00    3.3043586445E-02
    8.7199800000E-03    7.0552288968E-01    2.9755832867E-01   -2.1732872943E+00    3.3210117155E-02
    8.7599800000E-03    7.4478547126E-01    3.4506067912E-01   -1.9832248671E+00    3.3410563651E-02
    8.7999800000E-03    7.8675837782E-01    3.8336591583E-01   -1.8075906254E+00    3.3640977922E-02
    8.8399800000E-03    8.2922862523E-01    4.1252700345E-01   -1.6472332306E+00    3.3894629582E-02
    8.8799800000E-03    8.7035141410E-01    4.3333943728E-01   -1.5022669279E+00    3.4161653771E-02
    8.9199800000E-03    9.0882806763E-01    4.4703443096E-01   -1.3722126051E+00    3.4432547291E-02
    8.9599800000E-03    9.4382066291E-01    4.5497889241E-01   -1.2564705433E+00    3.4701507152E-02
    8.9999800000E-03    9.7484283819E-01    4.5851603692E-01   -1.1545206286E+00    3.4965853462E-02
    9.0399800000E-03    1.0016765376E+00    4.5888745052E-01   -1.0659366179E+00    3.5223991764E-02
    9.0799800000E-03    1.0242893900E+00    4.5719600373E-01   -9.9038118691E-01    3.5474790622E-02
    9.1199800000E-03    1.0427645937E+00    4.5439483464E-01   -9.2759535609E-01    3.5717893858E-02
    9.1599800000E-03    1.0572482718E+00    4.5128295771E-01   -8.7737567544E-01    3.5953836273E-02
    9.1999800000E-03    1.0679096995E+00    4.4850139011E-01   -8.3955791194E-01    3.6183849636E-02
    9.2399800000E-03    1.0749062490E+00    4.4652994306E-01   -8.1401246431E-01    3.6409668467E-02
    9.2799800000E-03    1.0783583693E+00    4.4568706661E-01   -8.0064603447E-01    3.6633394439E-02
    9.3199800000E-03    1.0783310910E+00    4.4613053312E-01   -7.9940027239E-01    3.6857360423E-02
    9.3599800000E-03    1.0748239926E+00    4.4785850284E-01   -8.1024819270E-01    3.7083999692E-02
    9.3999800000E-03    1.0677723074E+00    4.5071096639E-01   -8.3319624782E-01    3.7315704970E-02
    9.4399800000E-03    1.0570546070E+00    4.5437083394E-01   -8.6828779966E-01    3.7554687333E-02
    9.4799800000E-03    1.0425083039E+00    4.5836496060E-01   -9.1560593254E-01    3.7802864716E-02
    9.5199800000E-03    1.0239555471E+00    4.6206687572E-01   -9.7527687248E-01    3.8061738211E-02
    9.5599800000E-03    1.0012317054E+00    4.6469887279E-01   -1.0474776046E+00    3.8332158581E-02
    9.5999800000E-03    9.7421993205E-01    4.6533213244E-01   -1.1324584861E+00    3.8614054693E-02
    9.6399800000E-03    9.4289745000E-01    4.6288396658E-01   -1.2305714708E+00    3.8906447567E-02
    9.6799800000E-03    9.0740628902E-01    4.5612030848E-01   -1.3422725527E+00    3.9207918509E-02
    9.7199800000E-03    8.6814822598E-01    4.4368068676E-01   -1.4681018154E+00    3.9516314550E-02
    9.7599800000E-03    8.2588336610E-01    4.2414148845E-01   -1.6086908957E+00    3.9826420210E-02
    9.7999800000E-03    7.8183387519E-01    3.9613767584E-01   -1.7646841723E+00    4.0128323374E-02
    9.8399800000E-03    7.3779049753E-01    3.5864228915E-01   -1.9363324003E+00    4.0410338942E-02
    9.8799800000E-03    6.9600917702E-01    3.1136649898E-01   -2.1231256566E+00    4.0663332260E-02
    9.9199800000E-03    6.5876881192E-01    2.5484775357E-01   -2.3242527920E+00    4.0881546553E-02
    9.9599800000E-03    6.2812633235E-01    1.9022155161E-01   -2.5389382389E+00    4.1060261810E-02
    9.9999800000E-03    6.0602252834E-01    1.1926703100E-01   -2.7652353041E+00    4.1190868723E-02
    1.0039980000E-02    5.9401197835E-01    4.4341257144E-02   -2.9993156757E+00    4.1262491601E-02
    1.0079980000E-02    5.9288623369E-01   -3.2095402594E-02   -3.2364881924E+00    4.1272241853E-02
    1.0119980000E-02    6.0275854309E-01   -1.0764259043E-01   -3.4719904180E+00    4.1220944734E-02
    1.0159980000E-02    6.2308716737E-01   -1.7982214345E-01   -3.7010451883E+00    4.1109927010E-02
    1.0199980000E-02    6.5250594506E-01   -2.4615544142E-01   -3.9194313520E+00    4.0947810178E-02
    1.0239980000E-02    6.8911319438E-01   -3.0465515911E-01   -4.1247213446E+00    4.0744051778E-02
    1.0279980000E-02    7.3084727680E-01   -3.5400393324E-01   -4.3159771000E+00    4.0504195812E-02
    1.0319980000E-02    7.7541515041E-01   -3.9348305997E-01   -4.4923569879E+00    4.0233563284E-02
    1.0359980000E-02    8.2046564572E-01   -4.2318795519E-01   -4.6531963624E+00    3.9940718173E-02
    1.0399980000E-02    8.6405480558E-01   -4.4402329001E-01   -4.7985707503E+00    3.9637619508E-02
    1.0439980000E-02    9.0481238905E-01   -4.5731965120E-01   -4.9290389882E+00    3.9335161416E-02
    1.0479980000E-02    9.4186253524E-01   -4.6452271149E-01   -5.0452170429E+00    3.9039406349E-02
    1.0519980000E-02    9.7472194179E-01   -4.6704430764E-01   -5.1476532321E+00    3.8752995822E-02
    1.0559980000E-02    1.0031949070E+00   -4.6618411206E-01   -5.2368074827E+00    3.8477670383E-02
    1.0599980000E-02    1.0272713425E+00   -4.6309667835E-01   -5.3130244423E+00    3.8214608999E-02
    1.0639980000E-02    1.0470540554E+00   -4.5878657596E-01   -5.3765423523E+00    3.7963985981E-02
    1.0679980000E-02    1.0627105916E+00   -4.5410767885E-01   -5.4275278297E+00    3.7725027383E-02
    1.0719980000E-02    1.0744328352E+00   -4.4975874438E-01   -5.4660992197E+00    3.7496289464E-02
    1.0759980000E-02    1.0824035122E+00   -4.4627845569E-01   -5.4923333189E+00    3.7275830568E-02
    1.0799980000E-02    1.0867673734E+00   -4.4404143653E-01   -5.5062689705E+00    3.7061331561E-02
    1.0839980000E-02    1.0876099602E+00   -4.4325630302E-01   -5.5079126651E+00    3.6850224054E-02
    1.0879980000E-02    1.0849475105E+00   -4.4396448753E-01   -5.4972423188E+00    3.6639845782E-02
    1.0919980000E-02    1.0787256302E+00   -4.4603889201E-01   -5.4742095565E+00    3.6427604907E-02
    1.0959980000E-02    1.0688254503E+00   -4.4918257805E-01   -5.4387397705E+00    3.6211142448E-02
    1.0999980000E-02    1.0550808398E+00   -4.5292778885E-01   -5.3907270718E+00    3.5988477099E-02
    1.1039980000E-02    1.0373073227E+00   -4.5663683763E-01   -5.3300312713E+00    3.5758141843E-02
    1.1079980000E-02    1.0153363824E+00   -4.5950615460E-01   -5.2564787567E+00    3.5519323971E-02
    1.1119980000E-02    9.8905902664E-01   -4.6057419270E-01   -5.1698526262E+00    3.5272059781E-02
    1.1159980000E-02    9.5847409625E-01   -4.5873020077E-01   -5.0698663645E+00    3.5017351925E-02
    1.1199980000E-02    9.2375272078E-01   -4.5272548150E-01   -4.9561371752E+00    3.4756901223E-02
    1.1239980000E-02    8.8532051467E-01   -4.4120168228E-01   -4.8281841036E+00    3.4493138764E-02
    1.1279980000E-02    8.4394614277E-01   -4.2276120771E-01   -4.6854503575E+00    3.4230828710E-02
    1.1319980000E-02    8.0083566197E-01   -3.9610477062E-01   -4.5274349820E+00    3.3978733279E-02
    1.1359980000E-02    7.5773036345E-01   -3.6029223313E-01   -4.3540892991E+00    3.3747363460E-02
    1.1399980000E-02    7.1682839126E-01   -3.1507440193E-01   -4.1661415333E+00    3.3544421133E-02
    1.1439980000E-02    6.8039774291E-01   -2.6098191583E-01   -3.9646575692E+00    3.3374318148E-02
    1.1479980000E-02    6.5050337326E-01   -1.9914316783E-01   -3.7507633118E+00    3.3241728425E-02
    1.1519980000E-02    6.2901969923E-01   -1.3133133701E-01   -3.5267962423E+00    3.3154374134E-02
    1.1559980000E-02    6.1731766393E-01   -5.9918399621E-02   -3.2968435569E+00    3.3118316200E-02
    1.1599980000E-02    6.1590051648E-01    1.2578010184E-02   -3.0655775909E+00    3.3133825137E-02
    1.1639980000E-02    6.2447604025E-01    8.3730497604E-02   -2.8376538167E+00    3.3203940851E-02
    1.1679980000E-02    6.4208726537E-01    1.5124958351E-01   -2.6175227453E+00    3.3330151792E-02
    1.1719980000E-02    6.6724462905E-01    2.1312942565E-01   -2.4087595384E+00    3.3501439494E-02
    1.1759980000E-02    6.9816708602E-01    2.6786354335E-01   -2.2135573889E+00    3.3707062786E-02
    1.1799980000E-02    7.3302595969E-01    3.1456968445E-01   -2.0328739804E+00    3.3943730169E-02
    1.1839980000E-02    7.6996854813E-01    3.5288956430E-01   -1.8673149650E+00    3.4207205855E-02
    1.1879980000E-02    8.0712163167E-01    3.8297967452E-01   -1.7174687473E+00    3.4490520890E-02
    1.1919980000E-02    8.4286388738E-01    4.0558950645E-01   -1.5833890897E+00    3.4786959869E-02
    1.1959980000E-02    8.7606980810E-01    4.2187790753E-01   -1.4644566619E+00    3.5090729797E-02
    1.1999980000E-02    9.0607218768E-01    4.3309975923E-01   -1.3598242070E+00    3.5397020273E-02
    1.2039980000E-02    9.3250320636E-01    4.4042221343E-01   -1.2687948376E+00    3.5702705167E-02
    1.2079980000E-02    9.5518620046E-01    4.4487382439E-01   -1.1908771125E+00    3.6006442616E-02
    1.2119980000E-02    9.7408235287E-01    4.4733118890E-01   -1.1256890014E+00    3.6307921613E-02
    1.2159980000E-02    9.8924601952E-01    4.4851634229E-01   -1.0728924180E+00    3.6607166199E-02
    1.2199980000E-02    1.0007782042E+00    4.4899994747E-01   -1.0321870332E+00    3.6904402585E-02
    1.2239980000E-02    1.0087876130E+00    4.4921002073E-01   -1.0033255358E+00    3.7200142208E-02
    1.2279980000E-02    1.0133638936E+00    4.4944058986E-01   -9.8612545233E-01    3.7495246064E-02
    1.2319980000E-02    1.0145624091E+00    4.4985880810E-01   -9.8047196180E-01    3.7790877807E-02
    1.2359980000E-02    1.0123970918E+00    4.5051065416E-01   -9.8631786357E-01    3.8088366276E-02
    1.2399980000E-02    1.0068377635E+00    4.5132118662E-01   -1.0036843683E+00    3.8389062103E-02
    1.2439980000E-02    9.9781205202E-01    4.5209272656E-01   -1.0326644864E+00    3.8694151952E-02
    1.2479980000E-02    9.8521265341E-01    4.5250127262E-01   -1.0734277265E+00    3.9004521049E-02
    1.2519980000E-02    9.6891186647E-01    4.5208870996E-01   -1.1262214972E+00    3.9320673141E-02
    1.2559980000E-02    9.4878773086E-01    4.5025277804E-01   -1.1913621190E+00    3.9642855261E-02
    1.2599980000E-02    9.2476532033E-01    4.4623507565E-01   -1.2692150844E+00    3.9971198880E-02
    1.2639980000E-02    8.9686974281E-01    4.3911928334E-01   -1.3601911153E+00    4.0305552312E-02
    1.2679980000E-02    8.6527981589E-01    4.2783094376E-01   -1.4648033991E+00    4.0644644723E-02
    1.2719980000E-02    8.3038865731E-01    4.1114219811E-01   -1.5837728368E+00    4.0985114365E-02
    1.2759980000E-02    7.9291020278E-01    3.8773054016E-01   -1.7180024328E+00    4.1321560453E-02
    1.2799980000E-02    7.5403976031E-01    3.5637173459E-01   -1.8682022790E+00    4.1647636307E-02
    1.2839980000E-02    7.1549590231E-01    3.1627793191E-01   -2.0344171158E+00    4.1956157990E-02
    1.2879980000E-02    6.7924812070E-01    2.6731993194E-01   -2.2161791100E+00    4.2239004741E-02
    1.2919980000E-02    6.4721746044E-01    2.0990968737E-01   -2.4130726197E+00    4.2490552431E-02
    1.2959980000E-02    6.2125763687E-01    1.4501126696E-01   -2.6243923106E+00    4.2706239468E-02
    1.2999980000E-02    6.0321263320E-01    7.4203537823E-02   -2.8481999543E+00    4.2871675879E-02
    1.3039980000E-02    5.9476542565E-01   -4.8293072368E-04   -3.0810307810E+00    4.2972002372E-02
    1.3079980000E-02    5.9713775549E-01   -7.6728895199E-02   -3.3182536460E+00    4.3009998789E-02
    1.3119980000E-02    6.1089052098E-01   -1.5204023703E-01   -3.5549199657E+00    4.2990260242E-02
    1.3159980000E-02    6.3569640832E-01   -2.2364910064E-01   -3.7859861386E+00    4.2911269278E-02
    1.3199980000E-02    6.7017771024E-01   -2.8877900239E-01   -4.0070970864E+00    4.2779242558E-02
    1.3239980000E-02    7.1225590266E-01   -3.4523635124E-01   -4.2159074775E+00    4.2606154962E-02
    1.3279980000E-02    7.5945054243E-01   -3.9153390156E-01   -4.4111745609E+00    4.2400482691E-02
    1.3319980000E-02    8.0908586239E-01   -4.2701043401E-01   -4.5917651530E+00    4.2167696889E-02
    1.3359980000E-02    8.5868329584E-01   -4.5195497473E-01   -4.7570443537E+00    4.1917692283E-02
    1.3399980000E-02    9.0623134392E-01   -4.6740386522E-01   -4.9070033855E+00    4.1663119930E-02
    1.3439980000E-02    9.5028141593E-01   -4.7481793799E-01   -5.0420086443E+00    4.1413090983E-02
    1.3479980000E-02    9.8991988583E-01   -4.7581395131E-01   -5.1625406112E+00    4.1173415646E-02
    1.3519980000E-02    1.0246376276E+00   -4.7200452177E-01   -5.2689744903E+00    4.0948324895E-02
    1.3559980000E-02    1.0542210078E+00   -4.6494006674E-01   -5.3615061077E+00    4.0740555952E-02
    1.3599980000E-02    1.0786868626E+00   -4.5607557988E-01   -5.4402036627E+00    4.0551323661E-02
    1.3639980000E-02    1.0982264442E+00   -4.4672195058E-01   -5.5050674735E+00    4.0380232681E-02
    1.3679980000E-02    1.1131355867E+00   -4.3799685586E-01   -5.5560703477E+00    4.0225329157E-02
    1.3719980000E-02    1.1237409654E+00   -4.3079310476E-01   -5.5931812829E+00    4.0083598456E-02
    1.3759980000E-02    1.1303335355E+00   -4.2576682367E-01   -5.6163730368E+00    3.9951520600E-02
    1.3799980000E-02    1.1331195815E+00   -4.2333585112E-01   -5.6256200145E+00    3.9825401492E-02
    1.3839980000E-02    1.1321910033E+00   -4.2368071455E-01   -5.6208951956E+00    3.9701512840E-02
    1.3879980000E-02    1.1275132497E+00   -4.2674444805E-01   -5.6021687828E+00    3.9576157232E-02
    1.3919980000E-02    1.1189295914E+00   -4.3223016028E-01   -5.5694082062E+00    3.9445722658E-02
    1.3959980000E-02    1.1061824740E+00   -4.3959676851E-01   -5.5225804198E+00    3.9306762977E-02
    1.3999980000E-02    1.0889546972E+00   -4.4805509839E-01   -5.4616576148E+00    3.9156179683E-02
    1.4039980000E-02    1.0669321482E+00   -4.5657069433E-01   -5.3866223782E+00    3.8991623191E-02
    1.4079980000E-02    1.0398823748E+00   -4.6388483055E-01   -5.2974613835E+00    3.8812081110E-02
    1.4119980000E-02    1.0077375321E+00   -4.6856032261E-01   -5.1941376441E+00    3.8618247697E-02
    1.4159980000E-02    9.7066523843E-01   -4.6904590429E-01   -5.0765392953E+00    3.8412512540E-02
    1.4199980000E-02    9.2912440242E-01   -4.6373752159E-01   -4.9444154881E+00    3.8198914508E-02
    1.4239980000E-02    8.8394284150E-01   -4.5103822176E-01   -4.7973834079E+00    3.7983045970E-02
    1.4279980000E-02    8.3642216880E-01   -4.2948568427E-01   -4.6351132006E+00    3.7772597348E-02
    1.4319980000E-02    7.8838818410E-01   -3.9799491006E-01   -4.4576346136E+00    3.7577691526E-02
    1.4359980000E-02    7.4212968041E-01   -3.5614851273E-01   -4.2656106958E+00    3.7406829109E-02
    1.4399980000E-02    7.0021469080E-01   -3.0438919040E-01   -4.0602971958E+00    3.7263963445E-02
    1.4439980000E-02    6.6515162869E-01   -2.4397420606E-01   -3.8432079251E+00    3.7155403023E-02
    1.4479980000E-02    6.3909193501E-01   -1.7689772147E-01   -3.6167138775E+00    3.7092919469E-02
    1.4519980000E-02    6.2349339371E-01   -1.0580894171E-01   -3.3850271338E+00    3.7084361163E-02
    1.4559980000E-02    6.1876865042E-01   -3.3490847069E-02   -3.1531212768E+00    3.7128073122E-02
    1.4599980000E-02    6.2431898774E-01    3.7466550252E-02   -2.9258335232E+00    3.7223807648E-02
    1.4639980000E-02    6.3867722001E-01    1.0470646625E-01   -2.7078750086E+00    3.7374966013E-02
    1.4679980000E-02    6.5996202244E-01    1.6641823689E-01   -2.5026376785E+00    3.7574195571E-02
    1.4719980000E-02    6.8639897985E-01    2.2138340243E-01   -2.3118967622E+00    3.7807418739E-02
    1.4759980000E-02    7.1634585466E-01    2.6882054944E-01   -2.1365917540E+00    3.8068931378E-02
    1.4799980000E-02    7.4815285595E-01    3.0847766733E-01   -1.9771433141E+00    3.8356841785E-02
    1.4839980000E-02    7.8022901982E-01    3.4057028876E-01   -1.8337427396E+00    3.8663723480E-02
    1.4879980000E-02    8.1113892405E-01    3.6569778093E-01   -1.7064729523E+00    3.8980913158E-02
    1.4919980000E-02    8.3976084757E-01    3.8478041987E-01   -1.5950727122E+00    3.9303889766E-02
    1.4959980000E-02    8.6538170273E-01    3.9889995725E-01   -1.4988723847E+00    3.9631057298E-02
    1.4999980000E-02    8.8762381300E-01    4.0913295713E-01   -1.4170402019E+00    3.9961234340E-02
    1.5039980000E-02    9.0632792448E-01    4.1641375202E-01   -1.3488410303E+00    4.0293029868E-02
    1.5079980000E-02    9.2144813691E-01    4.2150169300E-01   -1.2937352001E+00    4.0625277315E-02
    1.5119980000E-02    9.3299194460E-01    4.2498970667E-01   -1.2513583484E+00    4.0957477194E-02
    1.5159980000E-02    9.4099065763E-01    4.2731348356E-01   -1.2214690265E+00    4.1289702653E-02
    1.5199980000E-02    9.4547815055E-01    4.2876727876E-01   -1.2039096085E+00    4.1622398869E-02
    1.5239980000E-02    9.4647506919E-01    4.2951636740E-01   -1.1985903790E+00    4.1956202848E-02
    1.5279980000E-02    9.4397932273E-01    4.2960284523E-01   -1.2054864081E+00    4.2291842177E-02
    1.5319980000E-02    9.3796560507E-01    4.2893780038E-01   -1.2246387292E+00    4.2630056116E-02
    1.5359980000E-02    9.2838765451E-01    4.2730690819E-01   -1.2561542579E+00    4.2971530926E-02
    1.5399980000E-02    9.1518985864E-01    4.2436344012E-01   -1.3002096855E+00    4.3316776189E-02
    1.5439980000E-02    8.9832583010E-01    4.1961425167E-01   -1.3570695588E+00    4.3665958594E-02
    1.5479980000E-02    8.7778324781E-01    4.1240308304E-01   -1.4271285849E+00    4.4018619783E-02
    1.5519980000E-02    8.5361941746E-01    4.0189676811E-01   -1.5109689910E+00    4.4373585401E-02
    1.5559980000E-02    8.2602956129E-01    3.8707666720E-01   -1.6093783757E+00    4.4729342864E-02
    1.5599980000E-02    7.9545530945E-01    3.6679278130E-01   -1.7232344709E+00    4.5084548276E-02
    1.5639980000E-02    7.6272033087E-01    3.3990663056E-01   -1.8532160434E+00    4.5437231587E-02
    1.5679980000E-02    7.2908487674E-01    3.0550196826E-01   -1.9995634619E+00    4.5781841789E-02
    1.5719980000E-02    6.9611278141E-01    2.6304183193E-01   -2.1622255300E+00    4.6108133462E-02
    1.5759980000E-02    6.6549294561E-01    2.1239307482E-01   -2.3411300047E+00    4.6408049900E-02
    1.5799980000E-02    6.3888583522E-01    1.5395015421E-01   -2.5359821416E+00    4.6679484649E-02
    1.5839980000E-02    6.1796320209E-01    8.8609651756E-02   -2.7459685701E+00    4.6913714767E-02
    1.5879980000E-02    6.0464953979E-01    1.7695358919E-02   -2.9693179656E+00    4.7093636538E-02
    1.5919980000E-02    6.0104554569E-01   -5.6824948618E-02   -3.2023006613E+00    4.7212015166E-02
    1.5959980000E-02    6.0876443563E-01   -1.3247384697E-01   -3.4399169792E+00    4.7272548773E-02
    1.5999980000E-02    6.2850333278E-01   -2.0649883233E-01   -3.6770638754E+00    4.7274526989E-02
    1.6039980000E-02    6.5980310662E-01   -2.7577320519E-01   -3.9084295338E+00    4.7217394363E-02
    1.6079980000E-02    7.0088818780E-01   -3.3729878564E-01   -4.1299279748E+00    4.7112235939E-02
    1.6119980000E-02    7.4911343905E-01   -3.8882933678E-01   -4.3392935413E+00    4.6973383487E-02
    1.6159980000E-02    8.0157097195E-01   -4.2902806762E-01   -4.5349993214E+00    4.6806803269E-02
    1.6199980000E-02    8.5547748627E-01   -4.5752716761E-01   -4.7159632506E+00    4.6618429529E-02
    1.6239980000E-02    9.0832420061E-01   -4.7487665512E-01   -4.8816163041E+00    4.6419126825E-02
    1.6279980000E-02    9.5808081215E-01   -4.8234710750E-01   -5.0319239566E+00    4.6219967060E-02
    1.6319980000E-02    1.0032963329E+00   -4.8162580558E-01   -5.1671400679E+00    4.6030763010E-02
    1.6359980000E-02    1.0430185744E+00   -4.7460460516E-01   -5.2874199790E+00    4.5859578693E-02
    1.6399980000E-02    1.0767333642E+00   -4.6328490473E-01   -5.3926925613E+00    4.5711607556E-02
    1.6439980000E-02    1.1043538555E+00   -4.4965652279E-01   -5.4827635419E+00    4.5588219163E-02
    1.6479980000E-02    1.1261522049E+00   -4.3553959344E-01   -5.5574536167E+00    4.5487381294E-02
    1.6519980000E-02    1.1426116877E+00   -4.2247632298E-01   -5.6166543422E+00    4.5405444684E-02
    1.6559980000E-02    1.1542679132E+00   -4.1169415845E-01   -5.6603037892E+00    4.5338407795E-02
    1.6599980000E-02    1.1615920756E+00   -4.0410252068E-01   -5.6883529294E+00    4.5282219456E-02
    1.6639980000E-02    1.1649197288E+00   -4.0029516777E-01   -5.7007566628E+00    4.5232780549E-02
    1.6679980000E-02    1.1644122950E+00   -4.0054974630E-01   -5.6974783010E+00    4.5185971819E-02
    1.6719980000E-02    1.1600411591E+00   -4.0482578527E-01   -5.6784934759E+00    4.5137707056E-02
    1.6759980000E-02    1.1515903456E+00   -4.1276299958E-01   -5.6437888495E+00    4.5083987038E-02
    1.6799980000E-02    1.1386785244E+00   -4.2367957981E-01   -5.5933563128E+00    4.5020949099E-02
    1.6839980000E-02    1.1208061389E+00   -4.3656813758E-01   -5.5271900162E+00    4.4944871686E-02
    1.6879980000E-02    1.0974412837E+00   -4.5008786927E-01   -5.4453033941E+00    4.4852151645E-02
    1.6919980000E-02    1.0681586535E+00   -4.6256812901E-01   -5.3477741088E+00    4.4739686280E-02
    1.6959980000E-02    1.0328156519E+00   -4.7206743264E-01   -5.2347704231E+00    4.4606303261E-02
    1.6999980000E-02    9.9169724989E-01   -4.7652020923E-01   -5.1064821423E+00    4.4454472898E-02
    1.7039980000E-02    9.4556550836E-01   -4.7392362290E-01   -4.9629788018E+00    4.4290550968E-02
    1.7079980000E-02    8.9565813572E-01   -4.6247892086E-01   -4.8041628687E+00    4.4123648869E-02
    1.7119980000E-02    8.4372906865E-01   -4.4073113669E-01   -4.6300128750E+00    4.3963940580E-02
    1.7159980000E-02    7.9203768998E-01   -4.0781966554E-01   -4.4409766959E+00    4.3821158807E-02
    1.7199980000E-02    7.4317796163E-01   -3.6371723404E-01   -4.2380804875E+00    4.3702243900E-02
    1.7239980000E-02    6.9993266271E-01   -3.0930238390E-01   -4.0228478605E+00    4.3611085620E-02
    1.7279980000E-02    6.6507628286E-01   -2.4635468956E-01   -3.7974562927E+00    4.3556497460E-02
    1.7319980000E-02    6.4083855570E-01   -1.7751199792E-01   -3.5654455077E+00    4.3549921278E-02
    1.7359980000E-02    6.2825054800E-01   -1.0591147105E-01   -3.3319082687E+00    4.3593501803E-02
    1.7399980000E-02    6.2698230872E-01   -3.4503624228E-02   -3.1020227803E+00    4.3686031625E-02
    1.7439980000E-02    6.3558459689E-01    3.4094209793E-02   -2.8806993340E+00    4.3828189681E-02
    1.7479980000E-02    6.5178175228E-01    9.7693097321E-02   -2.6723056321E+00    4.4014939102E-02
    1.7519980000E-02    6.7326967372E-01    1.5493753603E-01   -2.4792077529E+00    4.4237035539E-02
    1.7559980000E-02    6.9827479368E-01    2.0513797250E-01   -2.3022127437E+00    4.4486874220E-02
    1.7599980000E-02    7.2533397225E-01    2.4792729614E-01   -2.1418670848E+00    4.4761125563E-02
    1.7639980000E-02    7.5301160818E-01    2.8335138406E-01   -1.9984861017E+00    4.5058658555E-02
    1.7679980000E-02    7.7999428549E-01    3.1189931507E-01   -1.8719366582E+00    4.5374358617E-02
    1.7719980000E-02    8.0519074255E-01    3.3433811146E-01   -1.7618815813E+00    4.5699953649E-02
    1.7759980000E-02    8.2777456348E-01    3.5155004028E-01   -1.6679479650E+00    4.6029478922E-02
    1.7799980000E-02    8.4718964828E-01    3.6444761060E-01   -1.5896776767E+00    4.6360841441E-02
    1.7839980000E-02    8.6312562515E-01    3.7388369712E-01   -1.5265225857E+00    4.6693919232E-02
    1.7879980000E-02    8.7544839902E-01    3.8058385251E-01   -1.4779221797E+00    4.7028867099E-02
    1.7919980000E-02    8.8412368138E-01    3.8511204695E-01   -1.4433898152E+00    4.7365633528E-02
    1.7959980000E-02    8.8915878885E-01    3.8785795543E-01   -1.4225716924E+00    4.7704116943E-02
    1.7999980000E-02    8.9056559489E-01    3.8904639549E-01   -1.4152573204E+00    4.8044306094E-02
    1.8039980000E-02    8.8834517315E-01    3.8874125018E-01   -1.4213771949E+00    4.8386280077E-02
    1.8079980000E-02    8.8247578108E-01    3.8685990442E-01   -1.4409985372E+00    4.8730172088E-02
    1.8119980000E-02    8.7292933441E-01    3.8314901164E-01   -1.4743354553E+00    4.9076048760E-02
    1.8159980000E-02    8.5968132677E-01    3.7719122555E-01   -1.5217480539E+00    4.9423883347E-02
    1.8199980000E-02    8.4275152167E-01    3.6839115543E-01   -1.5837315976E+00    4.9773705278E-02
    1.8239980000E-02    8.2226546482E-01    3.5597816470E-01   -1.6608741336E+00    5.0125733983E-02
    1.8279980000E-02    7.9852854905E-01    3.3905164788E-01   -1.7537665204E+00    5.0480028869E-02
    1.8319980000E-02    7.7211041457E-01    3.1665093643E-01   -1.8629055185E+00    5.0834788901E-02
    1.8359980000E-02    7.4388943582E-01    2.8784277259E-01   -1.9886967576E+00    5.1183925484E-02
    1.8399980000E-02    7.1502516421E-01    2.5183012732E-01   -2.1315216752E+00    5.1517950296E-02
    1.8439980000E-02    6.8688855975E-01    2.0810408537E-01   -2.2916226705E+00    5.1830269038E-02
    1.8479980000E-02    6.6091948770E-01    1.5663290697E-01   -2.4688259504E+00    5.2119216636E-02
    1.8519980000E-02    6.3859253115E-01    9.7787779437E-02   -2.6627368083E+00    5.2380779347E-02
    1.8559980000E-02    6.2169473547E-01    3.2246444086E-02   -2.8727808381E+00    5.2606065791E-02
    1.8599980000E-02    6.1267825343E-01   -3.8648859209E-02   -3.0967787241E+00    5.2783234665E-02
    1.8639980000E-02    6.1408773100E-01   -1.1266344721E-01   -3.3303239090E+00    5.2904541020E-02
    1.8679980000E-02    6.2766807295E-01   -1.8709620678E-01   -3.5683088010E+00    5.2971921767E-02
    1.8719980000E-02    6.5399897279E-01   -2.5880099036E-01   -3.8052765297E+00    5.2985994800E-02
    1.8759980000E-02    6.9207554647E-01   -3.2428743930E-01   -4.0358925503E+00    5.2948211119E-02
    1.8799980000E-02    7.3938230045E-01   -3.8052936414E-01   -4.2564178507E+00    5.2870434558E-02
    1.8839980000E-02    7.9281173388E-01   -4.2546445710E-01   -4.4645815092E+00    5.2762466541E-02
    1.8879980000E-02    8.4935483320E-01   -4.5803615740E-01   -4.6589221869E+00    5.2630424856E-02
    1.8919980000E-02    9.0614702331E-01   -4.7815597928E-01   -4.8383847836E+00    5.2483072694E-02
    1.8959980000E-02    9.6061042922E-01   -4.8667376625E-01   -5.0024283980E+00    5.2331611009E-02
    1.8999980000E-02    1.0106643385E+00   -4.8516974703E-01   -5.1509317812E+00    5.2189322393E-02
    1.9039980000E-02    1.0547731261E+00   -4.7574179949E-01   -5.2837188654E+00    5.2068474082E-02
    1.9079980000E-02    1.0920304212E+00   -4.6084612173E-01   -5.4003915781E+00    5.1975895913E-02
    1.9119980000E-02    1.1222452799E+00   -4.4301813995E-01   -5.5005311501E+00    5.1911540455E-02
    1.9159980000E-02    1.1458088637E+00   -4.2457517918E-01   -5.5838750351E+00    5.1871614132E-02
    1.9199980000E-02    1.1634071922E+00   -4.0747600052E-01   -5.6502860179E+00    5.1851765222E-02
    1.9239980000E-02    1.1757778786E+00   -3.9329434433E-01   -5.6996612985E+00    5.1847752881E-02
    1.9279980000E-02    1.1835629134E+00   -3.8321539794E-01   -5.7319049431E+00    5.1855269781E-02
    1.9319980000E-02    1.1872240038E+00   -3.7802781595E-01   -5.7469390619E+00    5.1869966320E-02
    1.9359980000E-02    1.1869936785E+00   -3.7811576207E-01   -5.7447129876E+00    5.1887548014E-02
    1.9399980000E-02    1.1828529392E+00   -3.8345444279E-01   -5.7252047354E+00    5.1903785636E-02
    1.9439980000E-02    1.1745331399E+00   -3.9360855402E-01   -5.6884206970E+00    5.1914478933E-02
    1.9479980000E-02    1.1615424722E+00   -4.0773384138E-01   -5.6343928303E+00    5.1915476107E-02
    1.9519980000E-02    1.1432204810E+00   -4.2458163275E-01   -5.5631671198E+00    5.1902768905E-02
    1.9559980000E-02    1.1188327100E+00   -4.4250043124E-01   -5.4747930853E+00    5.1872466298E-02
    1.9599980000E-02    1.0877370559E+00   -4.5943248604E-01   -5.3693627935E+00    5.1820553012E-02
    1.9639980000E-02    1.0496511149E+00   -4.7295249176E-01   -5.2471213827E+00    5.1743640410E-02
    1.9679980000E-02    1.0049463962E+00   -4.8045465109E-01   -5.1085052473E+00    5.1642276600E-02
    1.9719980000E-02    9.5476282932E-01   -4.7949987857E-01   -4.9539651031E+00    5.1523886914E-02
    1.9759980000E-02    9.0088611181E-01   -4.6812712483E-01   -4.7838113000E+00    5.1400908423E-02
    1.9799980000E-02    8.4561205547E-01   -4.4502955301E-01   -4.5984477703E+00    5.1285681055E-02
    1.9839980000E-02    7.9162885596E-01   -4.0973976316E-01   -4.3987831756E+00    5.1187290180E-02
    1.9879980000E-02    7.4180822048E-01   -3.6274878752E-01   -4.1862266865E+00    5.1112683888E-02
    1.9919980000E-02    6.9913247901E-01   -3.0548654893E-01   -3.9627344538E+00    5.1068814178E-02
    1.9959980000E-02    6.6651360032E-01   -2.4034691295E-01   -3.7313944198E+00    5.1065123501E-02
    1.9999980000E-02    6.4596458096E-01   -1.7053034855E-01   -3.4968154509E+00    5.1105613810E-02
    2.0039980000E-02    6.3785357864E-01   -9.9443336133E-02   -3.2645229237E+00    5.1187455782E-02
    2.0079980000E-02    6.4098821622E-01   -3.0117989470E-02   -3.0397934663E+00    5.1314804535E-02
    2.0119980000E-02    6.5303500778E-01    3.4891436993E-02   -2.8274278946E+00    5.1486350405E-02
    2.0159980000E-02    6.7117320906E-01    9.3779995999E-02   -2.6308645371E+00    5.1689321184E-02
    2.0199980000E-02    6.9299234406E-01    1.4568650310E-01   -2.4514349275E+00    5.1917060382E-02
    2.0239980000E-02    7.1677852119E-01    1.9034257517E-01   -2.2894215526E+00    5.2168105603E-02
    2.0279980000E-02    7.4119642024E-01    2.2775844877E-01   -2.1451167956E+00    5.2438108112E-02
    2.0319980000E-02    7.6504360939E-01    2.5824594868E-01   -2.0187310234E+00    5.2722516224E-02
    2.0359980000E-02    7.8728124532E-01    2.8245231161E-01   -1.9100437156E+00    5.3018090973E-02
    2.0399980000E-02    8.0711131517E-01    3.0121923990E-01   -1.8185134852E+00    5.3321225816E-02
    2.0439980000E-02    8.2396823737E-01    3.1540828106E-01   -1.7435685301E+00    5.3628346671E-02
    2.0479980000E-02    8.3748331636E-01    3.2578834684E-01   -1.6847402663E+00    5.3937246772E-02
    2.0519980000E-02    8.4742844157E-01    3.3299998878E-01   -1.6416590830E+00    5.4247174049E-02
    2.0559980000E-02    8.5367914185E-01    3.3752454209E-01   -1.6140415352E+00    5.4558154705E-02
    2.0599980000E-02    8.5617568050E-01    3.3966934804E-01   -1.6016950040E+00    5.4870454292E-02
    2.0639980000E-02    8.5490035220E-01    3.3955279888E-01   -1.6045357797E+00    5.5184348878E-02
    2.0679980000E-02    8.4984363831E-01    3.3712499749E-01   -1.6225950767E+00    5.5500120043E-02
    2.0719980000E-02    8.4102566079E-01    3.3214817876E-01   -1.6560215683E+00    5.5818096444E-02
    2.0759980000E-02    8.2851333375E-01    3.2420642157E-01   -1.7050654313E+00    5.6138577732E-02
    2.0799980000E-02    8.1247264029E-01    3.1270036477E-01   -1.7700678969E+00    5.6461479289E-02
    2.0839980000E-02    7.9319118875E-01    2.9689338186E-01   -1.8514544809E+00    5.6785574833E-02
    2.0879980000E-02    7.7114624643E-01    2.7592387170E-01   -1.9497634632E+00    5.7107771363E-02
    2.0919980000E-02    7.4704443471E-01    2.4887960887E-01   -2.0656197716E+00    5.7423694178E-02
    2.0959980000E-02    7.2183475158E-01    2.1495164649E-01   -2.1995296033E+00    5.7729378939E-02
    2.0999980000E-02    6.9668451983E-01    1.7361766595E-01   -2.3515899153E+00    5.8020978888E-02
    2.1039980000E-02    6.7286377973E-01    1.2472671517E-01   -2.5215665554E+00    5.8292945955E-02
    2.1079980000E-02    6.5181894332E-01    6.8385048437E-02   -2.7093327707E+00    5.8541327541E-02
    2.1119980000E-02    6.3557059853E-01    5.0463858046E-03   -2.9145014801E+00    5.8763073600E-02
    2.1159980000E-02    6.2694116785E-01   -6.4022864470E-02   -3.1349759617E+00    5.8945064974E-02
    2.1199980000E-02    6.2888877438E-01   -1.3657302439E-01   -3.3665050928E+00    5.9075073349E-02
    2.1239980000E-02    6.4352228621E-01   -2.0972529024E-01   -3.6038469672E+00    5.9157928224E-02
    2.1279980000E-02    6.7155317944E-01   -2.8005854241E-01   -3.8412946157E+00    5.9195842546E-02
    2.1319980000E-02    7.1181508019E-01   -3.4387379258E-01   -4.0734267316E+00    5.9186868127E-02
    2.1359980000E-02    7.6151097316E-01   -3.9797432461E-01   -4.2961881007E+00    5.9138840770E-02
    2.1399980000E-02    8.1737492717E-01   -4.4017485491E-01   -4.5070530626E+00    5.9061659648E-02
    2.1439980000E-02    8.7626830283E-01   -4.6930287371E-01   -4.7043801918E+00    5.8964462862E-02
    2.1479980000E-02    9.3512787104E-01   -4.8518968139E-01   -4.8869173140E+00    5.8856263496E-02
    2.1519980000E-02    9.9110809405E-01   -4.8870538792E-01   -5.0539240881E+00    5.8749934208E-02
    2.1559980000E-02    1.0417781698E+00   -4.8165715030E-01   -5.2048743669E+00    5.8661782127E-02
    2.1599980000E-02    1.0853890816E+00   -4.6662985700E-01   -5.3390748966E+00    5.8603571157E-02
    2.1639980000E-02    1.1211819962E+00   -4.4662063994E-01   -5.4558188973E+00    5.8577304991E-02
    2.1679980000E-02    1.1493403719E+00   -4.2454966932E-01   -5.5546690789E+00    5.8578868347E-02
    2.1719980000E-02    1.1705985603E+00   -4.0297292115E-01   -5.6354132144E+00    5.8603349999E-02
    2.1759980000E-02    1.1858676022E+00   -3.8401078479E-01   -5.6978986934E+00    5.8646175325E-02
    2.1799980000E-02    1.1960120425E+00   -3.6933204444E-01   -5.7419861530E+00    5.8702734516E-02
    2.1839980000E-02    1.2017212973E+00   -3.6013368454E-01   -5.7675694018E+00    5.8768464952E-02
    2.1879980000E-02    1.2034291965E+00   -3.5712540845E-01   -5.7745826125E+00    5.8839041906E-02
    2.1919980000E-02    1.2012694528E+00   -3.6052341639E-01   -5.7629918269E+00    5.8910352836E-02
    2.1959980000E-02    1.1950630871E+00   -3.7004778693E-01   -5.7327899172E+00    5.8978318914E-02
    2.1999980000E-02    1.1843363817E+00   -3.8492079995E-01   -5.6840023743E+00    5.9038723151E-02
    2.2039980000E-02    1.1683718088E+00   -4.0387079076E-01   -5.6166940890E+00    5.9087201080E-02
    2.2079980000E-02    1.1462968097E+00   -4.2514617435E-01   -5.5309577113E+00    5.9119425153E-02
    2.2119980000E-02    1.1172262027E+00   -4.4653084377E-01   -5.4268953340E+00    5.9131092937E-02
    2.2159980000E-02    1.0805128860E+00   -4.6535523497E-01   -5.3046874961E+00    5.9117478374E-02
    2.2199980000E-02    1.0361557768E+00   -4.7859474266E-01   -5.1647893776E+00    5.9074840612E-02
    2.2239980000E-02    9.8518148484E-01   -4.8323846320E-01   -5.0079773691E+00    5.9005911979E-02
    2.2279980000E-02    9.2962046845E-01   -4.7684421516E-01   -4.8350727664E+00    5.8922673900E-02
    2.2319980000E-02    8.7212738067E-01   -4.5789819389E-01   -4.6468483177E+00    5.8840120716E-02
    2.2359980000E-02    8.1567332921E-01   -4.2592076021E-01   -4.4444015653E+00    5.8768826928E-02
    2.2399980000E-02    7.6334660052E-01   -3.8148725241E-01   -4.2293486033E+00    5.8716699236E-02
    2.2439980000E-02    7.1827383426E-01   -3.2615974469E-01   -4.0038479164E+00    5.8693428225E-02
    2.2479980000E-02    6.8354806490E-01   -2.6248377361E-01   -3.7712384794E+00    5.8707995519E-02
    2.2519980000E-02    6.6144198757E-01   -1.9382020713E-01   -3.5362666691E+00    5.8762258143E-02
    2.2559980000E-02    6.5246747969E-01   -1.2377489826E-01   -3.3044749585E+00    5.8852184020E-02
    2.2599980000E-02    6.5529136046E-01   -5.5669099731E-02   -3.0814504983E+00    5.8982689300E-02
    2.2639980000E-02    6.6724812815E-01    7.7718400613E-03   -2.8721193540E+00    5.9153797427E-02
    2.2679980000E-02    6.8519496266E-01    6.4752907933E-02   -2.6797454583E+00    5.9350808227E-02
    2.2719980000E-02    7.0642261783E-01    1.1446904892E-01   -2.5056459092E+00    5.9566042732E-02
    2.2759980000E-02    7.2897131855E-01    1.5677201566E-01   -2.3501095827E+00    5.9801534458E-02
    2.2799980000E-02    7.5144589235E-01    1.9187911860E-01   -2.2131895193E+00    6.0055068374E-02
    2.2839980000E-02    7.7276856550E-01    2.2025751299E-01   -2.0948842900E+00    6.0318772142E-02
    2.2879980000E-02    7.9207174735E-01    2.4257542032E-01   -1.9950212116E+00    6.0586349805E-02
    2.2919980000E-02    8.0869062736E-01    2.5962512637E-01   -1.9131962821E+00    6.0855492139E-02
    2.2959980000E-02    8.2216437769E-01    2.7220276578E-01   -1.8488828132E+00    6.1125802552E-02
    2.2999980000E-02    8.3220023667E-01    2.8100434137E-01   -1.8015834303E+00    6.1397169685E-02
    2.3039980000E-02    8.3862735817E-01    2.8656320758E-01   -1.7709177565E+00    6.1669509389E-02
    2.3079980000E-02    8.4135325801E-01    2.8922648714E-01   -1.7566441391E+00    6.1942876383E-02
    2.3119980000E-02    8.4033823642E-01    2.8914498142E-01   -1.7586575866E+00    6.2217471520E-02
    2.3159980000E-02    8.3558172775E-01    2.8627242068E-01   -1.7769846784E+00    6.2493531591E-02
    2.3199980000E-02    8.2712842738E-01    2.8036278065E-01   -1.8117863955E+00    6.2771251143E-02
    2.3239980000E-02    8.1508608949E-01    2.7097515620E-01   -1.8633624212E+00    6.3050703861E-02
    2.3279980000E-02    7.9966261243E-01    2.5748295076E-01   -1.9321546362E+00    6.3331766043E-02
    2.3319980000E-02    7.8121223293E-01    2.3910893410E-01   -2.0187151399E+00    6.3614219188E-02
    2.3359980000E-02    7.6028455648E-01    2.1500350834E-01   -2.1235963250E+00    6.3897340023E-02
    2.3399980000E-02    7.3764769968E-01    1.8437172744E-01   -2.2471814620E+00    6.4177922499E-02
    2.3439980000E-02    7.1427574146E-01    1.4659368138E-01   -2.3896097279E+00    6.4448411749E-02
    2.3479980000E-02    6.9134269519E-01    1.0128181370E-01   -2.5509070603E+00    6.4700920824E-02
    2.3519980000E-02    6.7037018851E-01    4.8309359771E-02   -2.7310914717E+00    6.4934687840E-02
    2.3559980000E-02    6.5354711905E-01   -1.2028294488E-02   -2.9298037873E+00    6.5150046919E-02
    2.3599980000E-02    6.4391216293E-01   -7.8642007372E-02   -3.1453037242E+00    6.5333458817E-02
    2.3639980000E-02    6.4478596185E-01   -1.4936277147E-01   -3.3737114044E+00    6.5470334649E-02
    2.3679980000E-02    6.5868186931E-01   -2.2114391159E-01   -3.6096224578E+00    6.5565260657E-02
    2.3719980000E-02    6.8651142113E-01   -2.9037308082E-01   -3.8471815406E+00    6.5621331799E-02
    2.3759980000E-02    7.2713043111E-01   -3.5321444112E-01   -4.0809005756E+00    6.5634716271E-02
    2.3799980000E-02    7.7768229770E-01   -4.0625654271E-01   -4.3063467744E+00    6.5610086996E-02
    2.3839980000E-02    8.3480257709E-01   -4.4706505926E-01   -4.5206056393E+00    6.5558706984E-02
    2.3879980000E-02    8.9518923703E-01   -4.7422935915E-01   -4.7217226658E+00    6.5491701520E-02
    2.3919980000E-02    9.5554729881E-01   -4.8739402064E-01   -4.9082044584E+00    6.5418662270E-02
    2.3959980000E-02    1.0126672529E+00   -4.8738611818E-01   -5.0789972987E+00    6.5354530553E-02
    2.3999980000E-02    1.0637228044E+00   -4.7625191852E-01   -5.2330887965E+00    6.5316641123E-02
    2.4039980000E-02    1.1068499141E+00   -4.5703536580E-01   -5.3693683847E+00    6.5313674723E-02
    2.4079980000E-02    1.1415060014E+00   -4.3316795196E-01   -5.4870133737E+00    6.5343429090E-02
    2.4119980000E-02    1.1681733623E+00   -4.0787695138E-01   -5.5856299467E+00    6.5400142409E-02
    2.4159980000E-02    1.1878115119E+00   -3.8394526464E-01   -5.6650096840E+00    6.5478527192E-02
    2.4199980000E-02    1.2014812451E+00   -3.6366191200E-01   -5.7249763448E+00    6.5573529192E-02
    2.4239980000E-02    1.2101365532E+00   -3.4878984542E-01   -5.7653938507E+00    6.5680216361E-02
    2.4279980000E-02    1.2144937869E+00   -3.4053514711E-01   -5.7861815266E+00    6.5794113719E-02
    2.4319980000E-02    1.2149497436E+00   -3.3953344512E-01   -5.7872975264E+00    6.5911258032E-02
    2.4359980000E-02    1.2115422728E+00   -3.4584773536E-01   -5.7687190399E+00    6.6027950509E-02
    2.4399980000E-02    1.2039472340E+00   -3.5896618541E-01   -5.7304399241E+00    6.6140398577E-02
    2.4439980000E-02    1.1915114410E+00   -3.7779863955E-01   -5.6724873160E+00    6.6244415299E-02
    2.4479980000E-02    1.1733277805E+00   -4.0068344288E-01   -5.5949404662E+00    6.6335364266E-02
    2.4519980000E-02    1.1483594626E+00   -4.2541246204E-01   -5.4979213076E+00    6.6408424438E-02
    2.4559980000E-02    1.1156327587E+00   -4.4926183672E-01   -5.3815750025E+00    6.6458595077E-02
    2.4599980000E-02    1.0745778625E+00   -4.6902841637E-01   -5.2461908985E+00    6.6480148773E-02
    2.4639980000E-02    1.0255720708E+00   -4.8122731516E-01   -5.0924990560E+00    6.6469142372E-02
    2.4679980000E-02    9.7034917952E-01   -4.8267525143E-01   -4.9216891628E+00    6.6430673212E-02
    2.4719980000E-02    9.1174376873E-01   -4.7120051834E-01   -4.7350209593E+00    6.6379501964E-02
    2.4759980000E-02    8.5304074116E-01   -4.4593592975E-01   -4.5337768225E+00    6.6330068417E-02
    2.4799980000E-02    7.9758204310E-01   -4.0724813766E-01   -4.3196421329E+00    6.6291621657E-02
    2.4839980000E-02    7.4866522324E-01   -3.5659014924E-01   -4.0948653249E+00    6.6274535990E-02
    2.4879980000E-02    7.0954481167E-01   -2.9641900142E-01   -3.8626688029E+00    6.6289844026E-02
    2.4919980000E-02    6.8295535795E-01   -2.3007984979E-01   -3.6276510315E+00    6.6341559602E-02
    2.4959980000E-02    6.7008097991E-01   -1.6130769923E-01   -3.3951880320E+00    6.6426796767E-02
    2.4999980000E-02    6.7005997106E-01   -9.3749359451E-02   -3.1710305061E+00    6.6546975513E-02
    2.5039980000E-02    6.8028478179E-01   -3.0549407664E-02   -2.9606042677E+00    6.6703405598E-02
    2.5079980000E-02    6.9735717497E-01    2.6186848539E-02   -2.7675704145E+00    6.6883380257E-02
    2.5119980000E-02    7.1817189527E-01    7.5485914487E-02   -2.5935226302E+00    6.7076013066E-02
    2.5159980000E-02    7.4035305882E-01    1.1712356569E-01   -2.4390230999E+00    6.7282380574E-02
    2.5199980000E-02    7.6219706928E-01    1.5134494029E-01   -2.3042418123E+00    6.7505007174E-02
    2.5239980000E-02    7.8251508116E-01    1.7873217696E-01   -2.1890319074E+00    6.7740468675E-02
    2.5279980000E-02    8.0048837516E-01    2.0005580242E-01   -2.0930228388E+00    6.7982195210E-02
    2.5319980000E-02    8.1555220812E-01    2.1613346451E-01   -2.0157599327E+00    6.8225300561E-02
    2.5359980000E-02    8.2731908721E-01    2.2773148977E-01   -1.9567933834E+00    6.8467902502E-02
    2.5399980000E-02    8.3554171024E-01    2.3548991935E-01   -1.9157312526E+00    6.8709960578E-02
    2.5439980000E-02    8.4007534582E-01    2.3987584307E-01   -1.8922771844E+00    6.8952018949E-02
    2.5479980000E-02    8.4084800051E-01    2.4115500559E-01   -1.8862576175E+00    6.9194661953E-02
    2.5519980000E-02    8.3784099045E-01    2.3937881441E-01   -1.8976361101E+00    6.9438442369E-02
    2.5559980000E-02    8.3108511620E-01    2.3438119867E-01   -1.9265174330E+00    6.9683957464E-02
    2.5599980000E-02    8.2067390580E-01    2.2578388304E-01   -1.9731423313E+00    6.9931906806E-02
    2.5639980000E-02    8.0679166234E-01    2.1301415789E-01   -2.0378694986E+00    7.0182920971E-02
    2.5679980000E-02    7.8975188762E-01    1.9534126774E-01   -2.1211418947E+00    7.0436762082E-02
    2.5719980000E-02    7.7003465866E-01    1.7193934433E-01   -2.2234399933E+00    7.0690723723E-02
    2.5759980000E-02    7.4832663579E-01    1.4197565067E-01   -2.3452238871E+00    7.0938651641E-02
    2.5799980000E-02    7.2558882473E-01    1.0472423598E-01   -2.4868428550E+00    7.1173536927E-02
    2.5839980000E-02    7.0317072539E-01    5.9705586267E-02   -2.6484100686E+00    7.1393374579E-02
    2.5879980000E-02    6.8297968516E-01    6.8174102045E-03   -2.8297317908E+00    7.1601544664E-02
    2.5919980000E-02    6.6769911144E-01   -5.3498978991E-02   -3.0300931215E+00    7.1794975616E-02
    2.5959980000E-02    6.6078807787E-01   -1.1987612003E-01   -3.2473176488E+00    7.1957537236E-02
    2.5999980000E-02    6.6570226450E-01   -1.8971411292E-01   -3.4769160791E+00    7.2079598329E-02
    2.6039980000E-02    6.8462204963E-01   -2.5950093817E-01   -3.7129926096E+00    7.2165483618E-02
    2.6079980000E-02    7.1769274651E-01   -3.2534711057E-01   -3.9497471290E+00    7.2214629800E-02
    2.6119980000E-02    7.6295440850E-01   -3.8337836633E-01   -4.1819383897E+00    7.2225771001E-02
    2.6159980000E-02    8.1719057579E-01   -4.3033288812E-01   -4.4054041218E+00    7.2206415793E-02
    2.6199980000E-02    8.7694300268E-01   -4.6395930472E-01   -4.6173472862E+00    7.2169822625E-02
    2.6239980000E-02    9.3871501636E-01   -4.8305712402E-01   -4.8157249594E+00    7.2126903298E-02
    2.6279980000E-02    9.9890921285E-01   -4.8764067439E-01   -4.9989844067E+00    7.2090725521E-02
    2.6319980000E-02    1.0540251346E+00   -4.7917563548E-01   -5.1657113698E+00    7.2079387176E-02
    2.6359980000E-02    1.1013865546E+00   -4.6055471464E-01   -5.3143829757E+00    7.2105066814E-02
    2.6399980000E-02    1.1398438268E+00   -4.3548215724E-01   -5.4437911539E+00    7.2167038381E-02
    2.6439980000E-02    1.1696259775E+00   -4.0766024837E-01   -5.5533418866E+00    7.2258639934E-02
    2.6479980000E-02    1.1916859912E+00   -3.8037052008E-01   -5.6427705382E+00    7.2373592528E-02
    2.6519980000E-02    1.2072005589E+00   -3.5636785603E-01   -5.7118823356E+00    7.2506183659E-02
    2.6559980000E-02    1.2172949103E+00   -3.3782969408E-01   -5.7605339038E+00    7.2651045902E-02
    2.6599980000E-02    1.2228692268E+00   -3.2631174998E-01   -5.7886493100E+00    7.2803594729E-02
    2.6639980000E-02    1.2244868420E+00   -3.2272664993E-01   -5.7961954286E+00    7.2960088271E-02
    2.6679980000E-02    1.2223163556E+00   -3.2734199807E-01   -5.7831511153E+00    7.3117288716E-02
    2.6719980000E-02    1.2161166244E+00   -3.3978096379E-01   -5.7494967362E+00    7.3271966500E-02
    2.6759980000E-02    1.2052602692E+00   -3.5901558923E-01   -5.6952292570E+00    7.3420405319E-02
    2.6799980000E-02    1.1888033954E+00   -3.8336534292E-01   -5.6203935408E+00    7.3558074992E-02
    2.6839980000E-02    1.1656131155E+00   -4.1051927918E-01   -5.5250990209E+00    7.3679724486E-02
    2.6879980000E-02    1.1345610042E+00   -4.3758343090E-01   -5.4094978851E+00    7.3779728152E-02
    2.6919980000E-02    1.0948348922E+00   -4.6113596498E-01   -5.2738436214E+00    7.3851589645E-02
    2.6959980000E-02    1.0464942986E+00   -4.7737792431E-01   -5.1188292278E+00    7.3888635671E-02
    2.6999980000E-02    9.9110096774E-01   -4.8268082028E-01   -4.9458510859E+00    7.3891216197E-02
    2.7039980000E-02    9.3168774228E-01   -4.7447826714E-01   -4.7566268840E+00    7.3871675467E-02
    2.7079980000E-02    8.7193234122E-01   -4.5177298684E-01   -4.5528246000E+00    7.3845699950E-02
    2.7119980000E-02    8.1549128322E-01   -4.1502041481E-01   -4.3363654038E+00    7.3824513379E-02
    2.7159980000E-02    7.6586563931E-01   -3.6586249439E-01   -4.1098004772E+00    7.3819385721E-02
    2.7199980000E-02    7.2638815200E-01   -3.0697926323E-01   -3.8766912314E+00    7.3841807155E-02
    2.7239980000E-02    6.9981344561E-01   -2.4189575821E-01   -3.6418381265E+00    7.3896098724E-02
    2.7279980000E-02    6.8737706280E-01   -1.7447429002E-01   -3.4106269384E+00    7.3982105034E-02
    2.7319980000E-02    6.8819117470E-01   -1.0852609248E-01   -3.1888541424E+00    7.4100666792E-02
    2.7359980000E-02    6.9943695283E-01   -4.7355399418E-02   -2.9820232208E+00    7.4247182733E-02
    2.7399980000E-02    7.1747525548E-01    6.9422042166E-03   -2.7935705204E+00    7.4407857882E-02
    2.7439980000E-02    7.3905689253E-01    5.3492433951E-02   -2.6248508463E+00    7.4574874781E-02
    2.7479980000E-02    7.6166408109E-01    9.2152995603E-02   -2.4764760265E+00    7.4749860059E-02
    2.7519980000E-02    7.8342757098E-01    1.2326504185E-01   -2.3487877893E+00    7.4935132163E-02
    2.7559980000E-02    8.0305809622E-01    1.4754588895E-01   -2.2416994761E+00    7.5129795147E-02
    2.7599980000E-02    8.1974695465E-01    1.6590555015E-01   -2.1547539948E+00    7.5331071430E-02
    2.7639980000E-02    8.3302009263E-01    1.7925153186E-01   -2.0873723804E+00    7.5536272985E-02
    2.7679980000E-02    8.4261268486E-01    1.8835917816E-01   -2.0390401179E+00    7.5743679099E-02
    2.7719980000E-02    8.4837949589E-01    1.9381114629E-01   -2.0093779868E+00    7.5952487554E-02
    2.7759980000E-02    8.5024879040E-01    1.9596652437E-01   -1.9981570010E+00    7.6162453117E-02
    2.7799980000E-02    8.4819809931E-01    1.9494692136E-01   -2.0052978090E+00    7.6373572941E-02
    2.7839980000E-02    8.4224524765E-01    1.9063338964E-01   -2.0308691780E+00    7.6585895355E-02
    2.7879980000E-02    8.3245771737E-01    1.8266938613E-01   -2.0750890759E+00    7.6799333015E-02
    2.7919980000E-02    8.1897878099E-01    1.7047296640E-01   -2.1383262777E+00    7.7013317007E-02
    2.7959980000E-02    8.0207362908E-01    1.5326446261E-01   -2.2210924933E+00    7.7226274523E-02
    2.7999980000E-02    7.8220182315E-01    1.3012608807E-01   -2.3239900455E+00    7.7435292842E-02
    2.8039980000E-02    7.6012785556E-01    1.0011824761E-01   -2.4475580652E+00    7.7636787581E-02
    2.8079980000E-02    7.3705279379E-01    6.2466090222E-02   -2.5920259836E+00    7.7828725953E-02
    2.8119980000E-02    7.1472409659E-01    1.6750277084E-02   -2.7571885309E+00    7.8012755589E-02
    2.8159980000E-02    6.9553060397E-01   -3.6982780401E-02   -2.9425485868E+00    7.8191163901E-02
    2.8199980000E-02    6.8266761692E-01   -9.8020601422E-02   -3.1470408357E+00    7.8357233417E-02
    2.8239980000E-02    6.7994817898E-01   -1.6447347292E-01   -3.3676964038E+00    7.8495432101E-02
    2.8279980000E-02    6.9059883555E-01   -2.3311085327E-01   -3.5991489223E+00    7.8598581243E-02
    2.8319980000E-02    7.1593216237E-01   -3.0002668118E-01   -3.8353631024E+00    7.8667905277E-02
    2.8359980000E-02    7.5499923831E-01   -3.6118963139E-01   -4.0707964699E+00    7.8703541970E-02
    2.8399980000E-02    8.0511023537E-01   -4.1280075453E-01   -4.3004669580E+00    7.8708660556E-02
    2.8439980000E-02    8.6283454832E-01   -4.5185636209E-01   -4.5205752340E+00    7.8694684964E-02
    2.8479980000E-02    9.2454813757E-01   -4.7639755806E-01   -4.7284203712E+00    7.8674844411E-02
    2.8519980000E-02    9.8642700974E-01   -4.8565783958E-01   -4.9219717408E+00    7.8661925808E-02
    2.8559980000E-02    1.0444940043E+00   -4.8040183690E-01   -5.0994420113E+00    7.8673283514E-02
    2.8599980000E-02    1.0953380857E+00   -4.6314271983E-01   -5.2589082137E+00    7.8723529520E-02
    2.8639980000E-02    1.1371295515E+00   -4.3766070170E-01   -5.3987101851E+00    7.8813891910E-02
    2.8679980000E-02    1.1697339099E+00   -4.0803359779E-01   -5.5179681021E+00    7.8936824926E-02
    2.8719980000E-02    1.1940177523E+00   -3.7799585483E-01   -5.6163339838E+00    7.9084701917E-02
    2.8759980000E-02    1.2112197196E+00   -3.5074252416E-01   -5.6936013966E+00    7.9250957933E-02
    2.8799980000E-02    1.2225994830E+00   -3.2885409279E-01   -5.7496287205E+00    7.9429682614E-02
    2.8839980000E-02    1.2292192550E+00   -3.1423216225E-01   -5.7843498687E+00    7.9616121545E-02
    2.8879980000E-02    1.2317989928E+00   -3.0806661690E-01   -5.7977446462E+00    7.9806732477E-02
    2.8919980000E-02    1.2306379559E+00   -3.1083471936E-01   -5.7898003236E+00    7.9998750555E-02
    2.8959980000E-02    1.2255880433E+00   -3.2230556262E-01   -5.7604930146E+00    8.0189577848E-02
    2.8999980000E-02    1.2160680714E+00   -3.4153201715E-01   -5.7097969870E+00    8.0376140883E-02
    2.9039980000E-02    1.2011254195E+00   -3.6684170347E-01   -5.6377174652E+00    8.0554344496E-02
    2.9079980000E-02    1.1795624557E+00   -3.9585295669E-01   -5.5443257603E+00    8.0718848001E-02
    2.9119980000E-02    1.1501369291E+00   -4.2552958220E-01   -5.4297606109E+00    8.0863393176E-02
    2.9159980000E-02    1.1118626737E+00   -4.5225704920E-01   -5.2942556004E+00    8.0980689439E-02
    2.9199980000E-02    1.0645359243E+00   -4.7198596144E-01   -5.1384554838E+00    8.1062106280E-02
    2.9239980000E-02    1.0094793714E+00   -4.8072857052E-01   -4.9638637356E+00    8.1103658179E-02
    2.9279980000E-02    9.4978332296E-01   -4.7553689435E-01   -4.7725827039E+00    8.1114122950E-02
    2.9319980000E-02    8.8947075476E-01   -4.5523026341E-01   -4.5666820868E+00    8.1109207816E-02
    2.9359980000E-02    8.3253781186E-01   -4.2031855686E-01   -4.3483392719E+00    8.1102121847E-02
    2.9399980000E-02    7.8268974415E-01   -3.7262587529E-01   -4.1203986949E+00    8.1105281437E-02
    2.9439980000E-02    7.4331554135E-01   -3.1504864761E-01   -3.8867503043E+00    8.1130252777E-02
    2.9479980000E-02    7.1714262145E-01   -2.5127842165E-01   -3.6523601946E+00    8.1182121319E-02
    2.9519980000E-02    7.0543395406E-01   -1.8530208897E-01   -3.4226488164E+00    8.1263786440E-02
    2.9559980000E-02    7.0729156903E-01   -1.2107162543E-01   -3.2034221267E+00    8.1375276275E-02
    2.9599980000E-02    7.1973084628E-01   -6.1990486265E-02   -3.0000928330E+00    8.1505758581E-02
    2.9639980000E-02    7.3893548063E-01   -1.0132240516E-02   -2.8158367614E+00    8.1640882759E-02
    2.9679980000E-02    7.6154837162E-01    3.3698456466E-02   -2.6518496453E+00    8.1777092742E-02
    2.9719980000E-02    7.8493655374E-01    6.9434907932E-02   -2.5087870891E+00    8.1917262827E-02
    2.9759980000E-02    8.0709338413E-01    9.7526415394E-02   -2.3871013022E+00    8.2062200502E-02
    2.9799980000E-02    8.2661823805E-01    1.1882619744E-01   -2.2867961376E+00    8.2210639802E-02
    2.9839980000E-02    8.4265393318E-01    1.3437132045E-01   -2.2074744224E+00    8.2361508401E-02
    2.9879980000E-02    8.5474705428E-01    1.4514972265E-01   -2.1485963426E+00    8.2514359943E-02
    2.9919980000E-02    8.6269011050E-01    1.5195582253E-01   -2.1096796690E+00    8.2668971999E-02
    2.9959980000E-02    8.6640218405E-01    1.5532673739E-01   -2.0903882159E+00    8.2825119112E-02
    2.9999980000E-02    8.6585866534E-01    1.5552018788E-01   -2.0905572393E+00    8.2982554911E-02
