 sig=    1.000000000000000      inputfile=
 /home/rjrj524/Finished/vmec_gc_tracer/revised_251128/nc/wout_pwO_nfp2_A6.nc                                                                                                                             
 dt=   1.0000000000000000E-008
 steps=      8000000
 x0=   4.0000000000000001E-002    3.080000000000000      
    6.410000000000000     
 u=    7920.000000000000     
 v_perp=    76300.00000000000     
 
time(s)         x0(1)       x0(2)        x0(3)      r
    1.9990000000E-05    1.2516851186E+00   -1.0428921151E-01    6.5583287042E+00    4.1546947736E-02
    3.9990000000E-05    1.2256257006E+00   -2.1807404145E-01    6.8168676855E+00    4.4190386558E-02
    5.9990000000E-05    1.1476158622E+00   -3.4470927465E-01    7.2300475206E+00    4.7013871815E-02
    7.9990000000E-05    1.0001128004E+00   -3.9629131655E-01    7.8147892299E+00    4.8772293291E-02
    9.9990000000E-05    8.5484857825E-01   -3.0116329175E-01    8.5446930979E+00    4.8966513236E-02
    1.1999000000E-04    8.2037660914E-01   -1.1412160943E-01    9.3249881283E+00    4.8439581788E-02
    1.3999000000E-04    9.0387708159E-01    4.2929875404E-02    1.0027341865E+01    4.7652605189E-02
    1.5999000000E-04    1.0129198707E+00    1.0512632199E-01    1.0591986185E+01    4.6535034391E-02
    1.7999000000E-04    1.0836314075E+00    1.0777221525E-01    1.1012865907E+01    4.5845276787E-02
    1.9999000000E-04    1.1208558414E+00    9.5483535971E-02    1.1307216373E+01    4.5900265076E-02
    2.1999000000E-04    1.1387977517E+00    8.5293286690E-02    1.1494541064E+01    4.6608207270E-02
    2.3999000000E-04    1.1448054182E+00    8.3097521527E-02    1.1586288795E+01    4.7801381567E-02
    2.5999000000E-04    1.1415482347E+00    9.0660549299E-02    1.1588501974E+01    4.9281606477E-02
    2.7999000000E-04    1.1283066926E+00    1.0739587490E-01    1.1502079743E+01    5.0840426627E-02
    2.9999000000E-04    1.1008301084E+00    1.3043197166E-01    1.1322795376E+01    5.2221343177E-02
    3.1999000000E-04    1.0498561489E+00    1.5189787541E-01    1.1040073124E+01    5.3241586322E-02
    3.3999000000E-04    9.6064094973E-01    1.4920257551E-01    1.0632531092E+01    5.3977851969E-02
    3.5999000000E-04    8.3612429524E-01    7.3045442954E-02    1.0075639000E+01    5.4537485871E-02
    3.7999000000E-04    7.4912016167E-01   -1.0601744857E-01    9.3626763435E+00    5.5214780675E-02
    3.9999000000E-04    7.9962084160E-01   -3.1690464784E-01    8.5604699001E+00    5.5470213222E-02
    4.1999000000E-04    9.7496313926E-01   -4.2452533221E-01    7.8158582185E+00    5.5353943721E-02
    4.3999000000E-04    1.1482575616E+00   -3.6335387078E-01    7.2204721697E+00    5.6817337715E-02
    4.5999000000E-04    1.2364776464E+00   -2.1062613446E-01    6.8024619433E+00    6.0106387583E-02
    4.7999000000E-04    1.2641302029E+00   -7.0095205204E-02    6.5456339707E+00    6.3307692866E-02
    4.9999000000E-04    1.2698460588E+00    2.9853177511E-02    6.3872874885E+00    6.4532434375E-02
    5.1999000000E-04    1.2663826928E+00    1.2888311346E-01    6.2302363534E+00    6.3621404051E-02
    5.3999000000E-04    1.2426056562E+00    2.6491049514E-01    5.9821560002E+00    6.1441250142E-02
    5.5999000000E-04    1.1602346757E+00    4.1524587195E-01    5.5891839136E+00    5.9998346311E-02
    5.7999000000E-04    9.8138944560E-01    4.9465107281E-01    5.0405745050E+00    6.0749621376E-02
    5.9999000000E-04    7.5528523940E-01    4.1196762545E-01    4.3393104456E+00    6.2641197048E-02
    6.1999000000E-04    6.0876399961E-01    1.7502091705E-01    3.5049623658E+00    6.2841375790E-02
    6.3999000000E-04    6.2376512842E-01   -9.8595706964E-02    2.6588417273E+00    5.9789582498E-02
    6.5999000000E-04    7.4400089238E-01   -3.0428738746E-01    1.9418619442E+00    5.4263403316E-02
    6.7999000000E-04    8.9661017109E-01   -3.9890433269E-01    1.3791452342E+00    4.8148345705E-02
    6.9999000000E-04    1.0214043770E+00   -4.1080737179E-01    9.4535985854E-01    4.2720564381E-02
    7.1999000000E-04    1.1059356610E+00   -3.8593336241E-01    6.1132684924E-01    3.8152448407E-02
    7.3999000000E-04    1.1598321225E+00   -3.4656570873E-01    3.5638404908E-01    3.4392230241E-02
    7.5999000000E-04    1.1914398167E+00   -3.0485726353E-01    1.7242828085E-01    3.1387964717E-02
    7.7999000000E-04    1.2078502003E+00   -2.7043087778E-01    5.6135836420E-02    2.8941406871E-02
    7.9999000000E-04    1.2148940761E+00   -2.4922262946E-01    3.3616360607E-03    2.6889262453E-02
    8.1999000000E-04    1.2157089178E+00   -2.4412246179E-01    1.1555774413E-02    2.5072262540E-02
    8.3999000000E-04    1.2103730033E+00   -2.5628911073E-01    8.2573546242E-02    2.3326722225E-02
    8.5999000000E-04    1.1955070726E+00   -2.8506736300E-01    2.2317795658E-01    2.1495831948E-02
    8.7999000000E-04    1.1637887835E+00   -3.2544897227E-01    4.4261423025E-01    1.9442031340E-02
    8.9999000000E-04    1.1050636508E+00   -3.6498986957E-01    7.5072134551E-01    1.7045970272E-02
    9.1999000000E-04    1.0100293623E+00   -3.8243179913E-01    1.1622218577E+00    1.4295076767E-02
    9.3999000000E-04    8.8052459505E-01   -3.4200486022E-01    1.6969441756E+00    1.1592338737E-02
    9.5999000000E-04    7.5457547103E-01   -2.0690822337E-01    2.3706193124E+00    9.5649458575E-03
    9.7999000000E-04    7.0056353747E-01    6.8939662763E-03    3.1522449943E+00    8.7725671218E-03
    9.9999000000E-04    7.5650259704E-01    2.2080884981E-01    3.9366781921E+00    9.4506801248E-03
    1.0199900000E-03    8.8682449357E-01    3.5409136804E-01    4.6157244707E+00    1.1355808914E-02
    1.0399900000E-03    1.0204907538E+00    3.8903848126E-01    5.1555063217E+00    1.3900149476E-02
    1.0599900000E-03    1.1173972819E+00    3.6323583840E-01    5.5701471146E+00    1.6374415925E-02
    1.0799900000E-03    1.1751743752E+00    3.1523570063E-01    5.8784017098E+00    1.8426100702E-02
    1.0999900000E-03    1.2045561550E+00    2.6917657854E-01    6.0944417695E+00    2.0077904553E-02
    1.1199900000E-03    1.2172885821E+00    2.3813434451E-01    6.2286634260E+00    2.1471978135E-02
    1.1399900000E-03    1.2212337342E+00    2.2649817506E-01    6.2914848100E+00    2.2789986992E-02
    1.1599900000E-03    1.2195838960E+00    2.3432628346E-01    6.2900342627E+00    2.4202581028E-02
    1.1799900000E-03    1.2116926141E+00    2.6026787158E-01    6.2251490058E+00    2.5884401970E-02
    1.1999900000E-03    1.1934377189E+00    3.0098685592E-01    6.0927490786E+00    2.8024009276E-02
    1.2199900000E-03    1.1575593258E+00    3.4897902567E-01    5.8877040968E+00    3.0788319160E-02
    1.2399900000E-03    1.0954286344E+00    3.9217195448E-01    5.6058343188E+00    3.4388894539E-02
    1.2599900000E-03    9.9764182165E-01    4.1485501125E-01    5.2373648840E+00    3.8935850176E-02
    1.2799900000E-03    8.5793973345E-01    3.8682523967E-01    4.7599493534E+00    4.4346188231E-02
    1.2999900000E-03    7.0377834332E-01    2.5960625986E-01    4.1439939515E+00    5.0136587701E-02
    1.3199900000E-03    6.0629631603E-01    2.5839649512E-02    3.3758707684E+00    5.4732539982E-02
    1.3399900000E-03    6.3899053773E-01   -2.4869670456E-01    2.5164575572E+00    5.6336154250E-02
    1.3599900000E-03    8.1874809776E-01   -4.4597237944E-01    1.7233624211E+00    5.5055795877E-02
    1.3799900000E-03    1.0365125306E+00   -4.7811467964E-01    1.0755916963E+00    5.2901179527E-02
    1.3999900000E-03    1.1848420325E+00   -3.7492932143E-01    5.7907882917E-01    5.2483111300E-02
    1.4199900000E-03    1.2469591266E+00   -2.3020169305E-01    2.3298035813E-01    5.3934565287E-02
    1.4399900000E-03    1.2640150709E+00   -1.1137625725E-01    1.9886202598E-02    5.5747048890E-02
    1.4599900000E-03    1.2662292601E+00   -2.5331566130E-02   -1.1818016959E-01    5.6340885159E-02
    1.4799900000E-03    1.2607782784E+00    6.4971192844E-02   -2.6427604303E-01    5.5145769375E-02
    1.4999900000E-03    1.2358035130E+00    1.9505295058E-01   -5.0485800851E-01    5.2227228655E-02
    1.5199900000E-03    1.1561803632E+00    3.4339489006E-01   -9.0036959107E-01    4.9126522430E-02
    1.5399900000E-03    9.9395118797E-01    4.1562851722E-01   -1.4703672222E+00    4.7617208099E-02
    1.5599900000E-03    8.1663264274E-01    3.2656018205E-01   -2.1947417401E+00    4.7732859815E-02
    1.5799900000E-03    7.4926603218E-01    1.2313538579E-01   -2.9940747801E+00    4.7690977418E-02
    1.5999900000E-03    8.2264109091E-01   -6.4840042228E-02   -3.7253072211E+00    4.7139202932E-02
    1.6199900000E-03    9.4662631265E-01   -1.5460292441E-01   -4.3074480061E+00    4.6654909770E-02
    1.6399900000E-03    1.0418757964E+00   -1.6403094836E-01   -4.7391194325E+00    4.5943060007E-02
    1.6599900000E-03    1.0979756470E+00   -1.4322824097E-01   -5.0425546225E+00    4.4914169109E-02
    1.6799900000E-03    1.1287594487E+00   -1.1853530558E-01   -5.2404730023E+00    4.3522124255E-02
    1.6999900000E-03    1.1442494729E+00   -9.9532776462E-02   -5.3451922788E+00    4.1926234139E-02
    1.7199900000E-03    1.1494157672E+00   -8.9759067036E-02   -5.3621666640E+00    4.0378343088E-02
    1.7399900000E-03    1.1456480424E+00   -9.0298945530E-02   -5.2915667964E+00    3.9079035835E-02
    1.7599900000E-03    1.1310666400E+00   -1.0021063339E-01   -5.1281960349E+00    3.8218448492E-02
    1.7799900000E-03    1.0997644190E+00   -1.1479976853E-01   -4.8614483553E+00    3.7984656151E-02
    1.7999900000E-03    1.0399722655E+00   -1.2046883776E-01   -4.4735053311E+00    3.8524191570E-02
    1.8199900000E-03    9.4136978837E-01   -8.0928970750E-02   -3.9449528243E+00    3.9765329757E-02
    1.8399900000E-03    8.4225063388E-01    4.9003684225E-02   -3.2774606236E+00    4.0792627760E-02
    1.8599900000E-03    8.3558204798E-01    2.3658959315E-01   -2.5116432874E+00    4.1440697378E-02
    1.8799900000E-03    9.5092808221E-01    3.6886359080E-01   -1.7592188833E+00    4.1540465751E-02
    1.8999900000E-03    1.1044799447E+00    3.6231827143E-01   -1.1310575506E+00    4.0343902448E-02
    1.9199900000E-03    1.2028879943E+00    2.5399072424E-01   -6.7093991786E-01    3.7891200822E-02
    1.9399900000E-03    1.2415918242E+00    1.3673534829E-01   -3.7059727438E-01    3.5259535844E-02
    1.9599900000E-03    1.2523004330E+00    5.7732879891E-02   -1.9733909599E-01    3.3377286161E-02
    1.9799900000E-03    1.2546900596E+00    1.3478097843E-02   -9.9750407628E-02    3.2434155098E-02
    1.9999900000E-03    1.2550964395E+00   -1.5211213420E-02   -3.2731779305E-02    3.2161798245E-02
    2.0199900000E-03    1.2546335835E+00   -4.5440307938E-02    3.7522435103E-02    3.2441275015E-02
    2.0399900000E-03    1.2516056053E+00   -9.4479832926E-02    1.4588181041E-01    3.3390680030E-02
    2.0599900000E-03    1.2380066345E+00   -1.7981721160E-01    3.3837834608E-01    3.5138092903E-02
    2.0799900000E-03    1.1912985752E+00   -2.9760088826E-01    6.6134146076E-01    3.7231403531E-02
    2.0999900000E-03    1.0798617143E+00   -3.9476297808E-01    1.1402544558E+00    3.8779257193E-02
    2.1199900000E-03    9.1545758193E-01   -3.8195353408E-01    1.7807807101E+00    3.9137477190E-02
    2.1399900000E-03    7.9410733002E-01   -2.3253626344E-01    2.5440760180E+00    3.8830274221E-02
    2.1599900000E-03    7.9880121002E-01   -3.1408755816E-02    3.3205571656E+00    3.8665030996E-02
    2.1799900000E-03    8.9701894630E-01    1.1225785422E-01    3.9921819198E+00    3.8545952537E-02
    2.1999900000E-03    9.9824449312E-01    1.6835929933E-01    4.5193993085E+00    3.8734410454E-02
    2.2199900000E-03    1.0641515876E+00    1.7634764691E-01    4.9087559445E+00    3.9588283036E-02
    2.2399900000E-03    1.1022027932E+00    1.6965181272E-01    5.1833498695E+00    4.1115633336E-02
    2.2599900000E-03    1.1225835821E+00    1.6309490812E-01    5.3642580657E+00    4.3279186696E-02
    2.2799900000E-03    1.1312681968E+00    1.6187080823E-01    5.4640656070E+00    4.5878290494E-02
    2.2999900000E-03    1.1307526735E+00    1.6723650102E-01    5.4882303432E+00    4.8665170401E-02
    2.3199900000E-03    1.1210872368E+00    1.7889549550E-01    5.4384119237E+00    5.1532055154E-02
    2.3399900000E-03    1.1002682133E+00    1.9550491074E-01    5.3143762146E+00    5.4373668320E-02
    2.3599900000E-03    1.0634868443E+00    2.1391277935E-01    5.1118890123E+00    5.6974220156E-02
    2.3799900000E-03    1.0012824260E+00    2.2484901839E-01    4.8161998066E+00    5.9375727830E-02
    2.3999900000E-03    9.0359619333E-01    2.0170476854E-01    4.4005462794E+00    6.1832228684E-02
    2.4199900000E-03    7.8256097206E-01    1.0009478168E-01    3.8370457263E+00    6.4274406423E-02
    2.4399900000E-03    6.9966119933E-01   -9.9206305845E-02    3.1116522409E+00    6.6452594288E-02
    2.4599900000E-03    7.5757887661E-01   -3.3077751599E-01    2.2889325150E+00    6.7474760802E-02
    2.4799900000E-03    9.4929292713E-01   -4.5709588132E-01    1.5264450960E+00    6.7275472863E-02
    2.4999900000E-03    1.1411727688E+00   -4.0492626020E-01    9.1156781080E-01    6.8202534084E-02
    2.5199900000E-03    1.2396040092E+00   -2.4717357866E-01    4.7176358949E-01    7.1241136865E-02
    2.5399900000E-03    1.2694506771E+00   -9.4166197859E-02    1.9663097214E-01    7.4557614805E-02
    2.5599900000E-03    1.2745791099E+00    1.8099734444E-02    2.3599694056E-02    7.5750724612E-02
    2.5799900000E-03    1.2683687490E+00    1.3444447479E-01   -1.5788873080E-01    7.4260912463E-02
    2.5999900000E-03    1.2330222466E+00    2.9179271990E-01   -4.5263257468E-01    7.1223333924E-02
    2.6199900000E-03    1.1212167880E+00    4.4236241670E-01   -9.1017803726E-01    6.9092316422E-02
    2.6399900000E-03    9.1347890550E-01    4.7667202385E-01   -1.5348658824E+00    6.9216297721E-02
    2.6599900000E-03    7.0999107438E-01    3.2992297366E-01   -2.3071782195E+00    6.9702364450E-02
    2.6799900000E-03    6.4398158850E-01    7.6641627770E-02   -3.1523227564E+00    6.8177479584E-02
    2.6999900000E-03    7.1943312118E-01   -1.4891466631E-01   -3.9072914829E+00    6.4484679612E-02
    2.7199900000E-03    8.4310319554E-01   -2.8119134374E-01   -4.5038506639E+00    6.0017047887E-02
    2.7399900000E-03    9.5806955845E-01   -3.2548329478E-01   -4.9534949056E+00    5.5850530333E-02
    2.7599900000E-03    1.0391353988E+00   -3.2424464122E-01   -5.2879662204E+00    5.2008461802E-02
    2.7799900000E-03    1.0910360565E+00   -3.0908651800E-01   -5.5353340916E+00    4.8677108308E-02
    2.7999900000E-03    1.1227362978E+00   -2.9193860462E-01   -5.7076200945E+00    4.5568218661E-02
    2.8199900000E-03    1.1403463672E+00   -2.7713358233E-01   -5.8095731957E+00    4.2563456775E-02
    2.8399900000E-03    1.1473789728E+00   -2.6707442027E-01   -5.8421975531E+00    3.9651509917E-02
    2.8599900000E-03    1.1452620548E+00   -2.6302698238E-01   -5.8052707806E+00    3.6806714781E-02
    2.8799900000E-03    1.1333444856E+00   -2.6488199415E-01   -5.6972674821E+00    3.4000897271E-02
    2.8999900000E-03    1.1089631934E+00   -2.7114990804E-01   -5.5151250711E+00    3.1239689081E-02
    2.9199900000E-03    1.0676375650E+00   -2.7784379975E-01   -5.2528053905E+00    2.8541846519E-02
    2.9399900000E-03    1.0025775890E+00   -2.7363341898E-01   -4.8965122144E+00    2.6077080160E-02
    2.9599900000E-03    9.0813476675E-01   -2.3237245299E-01   -4.4199879183E+00    2.4148465418E-02
    2.9799900000E-03    8.0143634547E-01   -1.1770873949E-01   -3.8045572514E+00    2.2914953278E-02
    2.9999900000E-03    7.4044764941E-01    7.5509987326E-02   -3.0607046698E+00    2.2279830637E-02
    3.0199900000E-03    7.9399068994E-01    2.8080067081E-01   -2.2687572245E+00    2.2384729441E-02
    3.0399900000E-03    9.4224945534E-01    3.9695524348E-01   -1.5552690749E+00    2.3119947080E-02
    3.0599900000E-03    1.0936731732E+00    3.8660614298E-01   -9.8370013554E-01    2.3653482672E-02
    3.0799900000E-03    1.1874711173E+00    3.0020356794E-01   -5.6031237391E-01    2.3397863921E-02
    3.0999900000E-03    1.2279118044E+00    2.0655620058E-01   -2.7219006425E-01    2.2599710449E-02
    3.1199900000E-03    1.2410767773E+00    1.4123661607E-01   -9.9208874485E-02    2.1768869975E-02
    3.1399900000E-03    1.2444191029E+00    1.0891339323E-01   -1.1046289770E-02    2.1215216300E-02
    3.1599900000E-03    1.2446077930E+00    1.0311951867E-01    1.7389275775E-02    2.0872379993E-02
    3.1799900000E-03    1.2428260496E+00    1.2093510426E-01   -5.8711810992E-03    2.0563424559E-02
    3.1999900000E-03    1.2367116459E+00    1.6554269802E-01   -9.0973044437E-02    2.0170279461E-02
    3.2199900000E-03    1.2180427104E+00    2.4043164411E-01   -2.6181834336E-01    1.9826172987E-02
    3.2399900000E-03    1.1687924777E+00    3.3499293571E-01   -5.4146192844E-01    2.0116347700E-02
    3.2599900000E-03    1.0656059661E+00    4.1359723337E-01   -9.4127402251E-01    2.1720254636E-02
    3.2799900000E-03    9.0315496025E-01    4.1982579252E-01   -1.4711013539E+00    2.4685927382E-02
    3.2999900000E-03    7.2568019755E-01    3.0083886303E-01   -2.1445658660E+00    2.7951229477E-02
    3.3199900000E-03    6.2670806423E-01    6.6670489958E-02   -2.9480008913E+00    2.9683709491E-02
    3.3399900000E-03    6.6522769588E-01   -1.9078337938E-01   -3.7790883660E+00    2.8706526539E-02
    3.3599900000E-03    8.1327676334E-01   -3.6953558528E-01   -4.5074148615E+00    2.5605522383E-02
    3.3799900000E-03    9.8496738626E-01   -4.2160793796E-01   -5.0902143784E+00    2.1946076104E-02
    3.3999900000E-03    1.1137134351E+00   -3.8138607896E-01   -5.5411364969E+00    1.9154504373E-02
    3.4199900000E-03    1.1875661074E+00   -3.0113055024E-01   -5.8745321461E+00    1.7649232002E-02
    3.4399900000E-03    1.2212890455E+00   -2.2154061912E-01   -6.0995809682E+00    1.7213142154E-02
    3.4599900000E-03    1.2341037425E+00   -1.6504695519E-01   -6.2278057927E+00    1.7262733983E-02
    3.4799900000E-03    1.2383075206E+00   -1.3659849160E-01   -6.2785002016E+00    1.7397026540E-02
    3.4999900000E-03    1.2387700402E+00   -1.3464314977E-01   -6.2651787228E+00    1.7566400281E-02
    3.5199900000E-03    1.2353485064E+00   -1.6015470221E-01   -6.1855740776E+00    1.7863898826E-02
    3.5399900000E-03    1.2222328277E+00   -2.1669583283E-01   -6.0212371007E+00    1.8311843083E-02
    3.5599900000E-03    1.1841910985E+00   -2.9928544460E-01   -5.7477985478E+00    1.8644317309E-02
    3.5799900000E-03    1.0983264270E+00   -3.7830414790E-01   -5.3475133541E+00    1.8461362191E-02
    3.5999900000E-03    9.5703496984E-01   -3.9475962636E-01   -4.8060982331E+00    1.7614753026E-02
    3.6199900000E-03    8.0646321128E-01   -2.9490366067E-01   -4.1210430045E+00    1.6646811347E-02
    3.6399900000E-03    7.3337225180E-01   -9.6829294389E-02   -3.3372179956E+00    1.6339724368E-02
    3.6599900000E-03    7.7622874205E-01    1.0818704382E-01   -2.5716648860E+00    1.6937436655E-02
    3.6799900000E-03    8.8107378228E-01    2.4245091726E-01   -1.9214555791E+00    1.8298534066E-02
    3.6999900000E-03    9.8543706642E-01    2.9604584927E-01   -1.4100538416E+00    2.0342980888E-02
    3.7199900000E-03    1.0614760253E+00    3.0284094039E-01   -1.0225571846E+00    2.2902190542E-02
    3.7399900000E-03    1.1108621139E+00    2.9349455244E-01   -7.3377359761E-01    2.5557174728E-02
    3.7599900000E-03    1.1405286173E+00    2.8263930564E-01   -5.2838674378E-01    2.8202209359E-02
    3.7799900000E-03    1.1560002528E+00    2.7613241263E-01   -3.9896051946E-01    3.0930876637E-02
    3.7999900000E-03    1.1611156723E+00    2.7672565518E-01   -3.4025471139E-01    3.3808228859E-02
    3.8199900000E-03    1.1575822902E+00    2.8505092457E-01   -3.4800177349E-01    3.6834347780E-02
    3.8399900000E-03    1.1448217949E+00    2.9998741908E-01   -4.2124721754E-01    3.9950288680E-02
    3.8599900000E-03    1.1200413309E+00    3.1896934059E-01   -5.6238779572E-01    4.3117944956E-02
    3.8799900000E-03    1.0782327719E+00    3.3830917319E-01   -7.7475476050E-01    4.6406739274E-02
    3.8999900000E-03    1.0114453122E+00    3.5131679118E-01   -1.0662488576E+00    5.0069200520E-02
    3.9199900000E-03    9.1044333308E-01    3.3886555338E-01   -1.4542485873E+00    5.4432726731E-02
    3.9399900000E-03    7.8099496012E-01    2.5984889365E-01   -1.9697092439E+00    5.9196154227E-02
    3.9599900000E-03    6.6671046937E-01    8.1228780937E-02   -2.6404254914E+00    6.3832018949E-02
    3.9799900000E-03    6.3721327033E-01   -1.7346512099E-01   -3.4552636291E+00    6.6922661749E-02
    3.9999900000E-03    7.7011360018E-01   -4.0521163919E-01   -4.2908897280E+00    6.7437184238E-02
    4.0199900000E-03    9.9329703311E-01   -4.8704870285E-01   -5.0077586916E+00    6.6460008411E-02
    4.0399900000E-03    1.1710304908E+00   -3.9901072104E-01   -5.5683559742E+00    6.6827334818E-02
    4.0599900000E-03    1.2497557300E+00   -2.3832599953E-01   -5.9633470587E+00    6.9230088966E-02
    4.0799900000E-03    1.2708515219E+00   -9.7435486470E-02   -6.2077694229E+00    7.1854747858E-02
    4.0999900000E-03    1.2729447790E+00    7.9957141716E-03   -6.3700731950E+00    7.2507745044E-02
    4.1199900000E-03    1.2634968554E+00    1.2625482498E-01   -6.5581387705E+00    7.0585063453E-02
    4.1399900000E-03    1.2204429753E+00    2.8583241503E-01   -6.8717882348E+00    6.7098288513E-02
    4.1599900000E-03    1.0977250462E+00    4.2594867619E-01   -7.3562739404E+00    6.4452305503E-02
    4.1799900000E-03    8.9610086523E-01    4.3187826633E-01   -8.0128812926E+00    6.4000111996E-02
    4.1999900000E-03    7.3474630273E-01    2.6800669826E-01   -8.8010914305E+00    6.4071132683E-02
    4.2199900000E-03    7.2597460021E-01    3.7906512493E-02   -9.6060347541E+00    6.2845396649E-02
    4.2399900000E-03    8.3077030694E-01   -1.3023333253E-01   -1.0283620128E+01    6.1016423772E-02
    4.2599900000E-03    9.4891594474E-01   -1.9892227893E-01   -1.0800199926E+01    5.9104944864E-02
    4.2799900000E-03    1.0334512606E+00   -2.0384762760E-01   -1.1175589001E+01    5.7123967261E-02
    4.2999900000E-03    1.0843687138E+00   -1.8679182793E-01   -1.1438065963E+01    5.5018967264E-02
    4.3199900000E-03    1.1134902806E+00   -1.6729213815E-01   -1.1609765161E+01    5.2576355091E-02
    4.3399900000E-03    1.1288021194E+00   -1.5187316584E-01   -1.1701514403E+01    4.9893377232E-02
    4.3599900000E-03    1.1341018575E+00   -1.4286494099E-01   -1.1716763272E+01    4.7215788105E-02
    4.3799900000E-03    1.1304640182E+00   -1.4116537170E-01   -1.1654903976E+01    4.4722077418E-02
    4.3999900000E-03    1.1164942191E+00   -1.4636777711E-01   -1.1511446953E+01    4.2628065856E-02
    4.4199900000E-03    1.0876464701E+00   -1.5524550848E-01   -1.1276542990E+01    4.1145516398E-02
    4.4399900000E-03    1.0350332946E+00   -1.5763771674E-01   -1.0933210997E+01    4.0359306351E-02
    4.4599900000E-03    9.4633404890E-01   -1.2802289460E-01   -1.0458064382E+01    4.0261762941E-02
    4.4799900000E-03    8.3692173369E-01   -2.0732763410E-02   -9.8372792527E+00    4.0539258364E-02
    4.4999900000E-03    7.8963269709E-01    1.6746389750E-01   -9.0897501532E+00    4.0815790946E-02
    4.5199900000E-03    8.7168241585E-01    3.4496108707E-01   -8.3076693535E+00    4.1151651542E-02
    4.5399900000E-03    1.0336708832E+00    4.0336111313E-01   -7.6183640331E+00    4.0971935206E-02
    4.5599900000E-03    1.1668913459E+00    3.2903230073E-01   -7.0853584144E+00    3.9529375192E-02
    4.5799900000E-03    1.2302015787E+00    2.0708683597E-01   -6.7150846774E+00    3.7295452094E-02
    4.5999900000E-03    1.2503409418E+00    1.0791789540E-01   -6.4870464412E+00    3.5227713907E-02
    4.6199900000E-03    1.2550898084E+00    4.8237081947E-02   -6.3579829090E+00    3.4000840946E-02
    4.6399900000E-03    1.2559201732E+00    1.1868670417E-02   -6.2766645513E+00    3.3577423532E-02
    4.6599900000E-03    1.2555236446E+00   -2.1111846098E-02   -6.2020866657E+00    3.3808601736E-02
    4.6799900000E-03    1.2527445703E+00   -7.0214119107E-02   -6.0956546724E+00    3.4793073822E-02
    4.6999900000E-03    1.2401969779E+00   -1.5545663314E-01   -5.9085565844E+00    3.6745018417E-02
    4.7199900000E-03    1.1959110629E+00   -2.7619511584E-01   -5.5897052619E+00    3.9316766382E-02
    4.7399900000E-03    1.0879618920E+00   -3.7851904578E-01   -5.1097271602E+00    4.1515771208E-02
    4.7599900000E-03    9.2913870772E-01   -3.6894610367E-01   -4.4641237053E+00    4.2386192431E-02
    4.7799900000E-03    8.1941372560E-01   -2.2301633417E-01   -3.7013990478E+00    4.2159080686E-02
    4.7999900000E-03    8.3626057953E-01   -3.2587572842E-02   -2.9374439721E+00    4.1602275497E-02
    4.8199900000E-03    9.3974156338E-01    9.2505796523E-02   -2.2811902563E+00    4.0839508145E-02
    4.8399900000E-03    1.0366907368E+00    1.2935406588E-01   -1.7676999210E+00    4.0053125617E-02
    4.8599900000E-03    1.0945359331E+00    1.2530427049E-01   -1.3928886207E+00    3.9947830419E-02
    4.8799900000E-03    1.1251836441E+00    1.1304133805E-01   -1.1356334718E+00    4.0585970888E-02
    4.8999900000E-03    1.1396352808E+00    1.0488842987E-01   -9.7850228597E-01    4.1859213686E-02
    4.9199900000E-03    1.1433153832E+00    1.0523058327E-01   -9.1118487300E-01    4.3574246098E-02
    4.9399900000E-03    1.1379388915E+00    1.1486415610E-01   -9.2863360142E-01    4.5527998431E-02
    4.9599900000E-03    1.1221756230E+00    1.3272899148E-01   -1.0308149254E+00    4.7498377128E-02
    4.9799900000E-03    1.0912980482E+00    1.5559126568E-01   -1.2228054207E+00    4.9224395211E-02
    4.9999900000E-03    1.0357510163E+00    1.7452349285E-01   -1.5166507727E+00    5.0573298267E-02
    5.0199900000E-03    9.4233274811E-01    1.6451015758E-01   -1.9354037418E+00    5.1642663357E-02
    5.0399900000E-03    8.1871497820E-01    7.7383727863E-02   -2.5035459464E+00    5.2514083609E-02
    5.0599900000E-03    7.3760544597E-01   -1.0967510128E-01   -3.2265714660E+00    5.3440631870E-02
    5.0799900000E-03    7.9591651937E-01   -3.2256531552E-01   -4.0322738031E+00    5.3753972424E-02
    5.0999900000E-03    9.7521284122E-01   -4.2782327940E-01   -4.7730080488E+00    5.3570644419E-02
    5.1199900000E-03    1.1483073554E+00   -3.6534847055E-01   -5.3631042558E+00    5.4874823290E-02
    5.1399900000E-03    1.2358132072E+00   -2.1408706847E-01   -5.7777466853E+00    5.7975227571E-02
    5.1599900000E-03    1.2632805934E+00   -7.5331969732E-02   -6.0330098923E+00    6.1066461498E-02
    5.1799900000E-03    1.2689711403E+00    2.2978202847E-02   -6.1896232231E+00    6.2300877456E-02
    5.1999900000E-03    1.2657749208E+00    1.1902821119E-01   -6.3421411768E+00    6.1458951355E-02
    5.2199900000E-03    1.2436702279E+00    2.5139669656E-01   -6.5818757596E+00    5.9277558876E-02
    5.2399900000E-03    1.1662064792E+00    4.0165103371E-01   -6.9652123575E+00    5.7659402307E-02
    5.2599900000E-03    9.9441227317E-01    4.8716243763E-01   -7.5051926190E+00    5.8096865243E-02
    5.2799900000E-03    7.7160535261E-01    4.1466629142E-01   -8.1987104452E+00    5.9821400640E-02
    5.2999900000E-03    6.2240758462E-01    1.8689001811E-01   -9.0253286589E+00    6.0075897409E-02
    5.3199900000E-03    6.3256885709E-01   -8.1985866533E-02   -9.8669815831E+00    5.7342974165E-02
    5.3399900000E-03    7.4740194451E-01   -2.8547369365E-01   -1.0582243878E+01    5.2318761588E-02
    5.3599900000E-03    8.9430156234E-01   -3.8132013878E-01   -1.1143231965E+01    4.6657728397E-02
    5.3799900000E-03    1.0152091804E+00   -3.9592049167E-01   -1.1574110432E+01    4.1573406931E-02
    5.3999900000E-03    1.0968302215E+00   -3.7505822928E-01   -1.1903733588E+01    3.7294585363E-02
    5.4199900000E-03    1.1488406766E+00   -3.4147591117E-01   -1.2153118953E+01    3.3584476067E-02
    5.4399900000E-03    1.1800857917E+00   -3.0566657526E-01   -1.2332053066E+01    3.0424221114E-02
    5.4599900000E-03    1.1968631415E+00   -2.7608878081E-01   -1.2444154071E+01    2.7788480308E-02
    5.4799900000E-03    1.2040536662E+00   -2.5818018803E-01   -1.2491959996E+01    2.5496074490E-02
    5.4999900000E-03    1.2042666319E+00   -2.5468503563E-01   -1.2476957710E+01    2.3399383549E-02
    5.5199900000E-03    1.1972461500E+00   -2.6647497698E-01   -1.2396893690E+01    2.1367305511E-02
    5.5399900000E-03    1.1794931672E+00   -2.9204085499E-01   -1.2245530133E+01    1.9276269882E-02
    5.5599900000E-03    1.1442057528E+00   -3.2541351575E-01   -1.2014754476E+01    1.7015566355E-02
    5.5799900000E-03    1.0824201806E+00   -3.5491944036E-01   -1.1694564554E+01    1.4521782374E-02
    5.5999900000E-03    9.8596468524E-01   -3.5996008207E-01   -1.1268449545E+01    1.1870187123E-02
    5.6199900000E-03    8.5992879370E-01   -3.0307069486E-01   -1.0715508333E+01    9.4880522561E-03
    5.6399900000E-03    7.4764793466E-01   -1.5307936193E-01   -1.0025199819E+01    7.8652214305E-03
    5.6599900000E-03    7.1504161029E-01    6.3130105808E-02   -9.2397684443E+00    7.3765771984E-03
    5.6799900000E-03    7.9099282103E-01    2.6189861314E-01   -8.4704530731E+00    8.1431619624E-03
    5.6999900000E-03    9.2883637759E-01    3.6885761900E-01   -7.8156150543E+00    9.8902186144E-03
    5.7199900000E-03    1.0571315829E+00    3.7980414636E-01   -7.2999094601E+00    1.1992503039E-02
    5.7399900000E-03    1.1436178927E+00    3.3814453540E-01   -6.9090940206E+00    1.3860109827E-02
    5.7599900000E-03    1.1910344944E+00    2.8301622252E-01   -6.6257432221E+00    1.5291200966E-02
    5.7799900000E-03    1.2127784229E+00    2.3768449186E-01   -6.4371515083E+00    1.6374357126E-02
    5.7999900000E-03    1.2209051716E+00    2.1244600672E-01   -6.3316392836E+00    1.7303312094E-02
    5.8199900000E-03    1.2219767041E+00    2.0923533216E-01   -6.2982020116E+00    1.8255679247E-02
    5.8399900000E-03    1.2174742635E+00    2.2718505676E-01   -6.3320718655E+00    1.9376769873E-02
    5.8599900000E-03    1.2047038125E+00    2.6423268257E-01   -6.4360977343E+00    2.0845487629E-02
    5.8799900000E-03    1.1769283307E+00    3.1454925850E-01   -6.6166825220E+00    2.2853559054E-02
    5.8999900000E-03    1.1244123103E+00    3.6628816323E-01   -6.8791923692E+00    2.5588300117E-02
    5.9199900000E-03    1.0366571876E+00    4.0250268763E-01   -7.2307308755E+00    2.9250046227E-02
    5.9399900000E-03    9.0549950530E-01    3.9567237185E-01   -7.6886193422E+00    3.3794968930E-02
    5.9599900000E-03    7.4835598265E-01    2.9846323819E-01   -8.2787046366E+00    3.8783257034E-02
    5.9799900000E-03    6.3175754414E-01    8.9130379915E-02   -9.0184565202E+00    4.2980933207E-02
    5.9999900000E-03    6.3046304991E-01   -1.7816004972E-01   -9.8626675507E+00    4.4640158325E-02
    6.0199900000E-03    7.7645951186E-01   -3.9565018790E-01   -1.0667655589E+01    4.3417766334E-02
    6.0399900000E-03    9.8392531036E-01   -4.6643454702E-01   -1.1334602651E+01    4.1033197437E-02
    6.0599900000E-03    1.1460379048E+00   -3.9740779627E-01   -1.1852832364E+01    3.9757175170E-02
    6.0799900000E-03    1.2259111360E+00   -2.6895461863E-01   -1.2225668207E+01    4.0336683530E-02
    6.0999900000E-03    1.2529588983E+00   -1.5187484440E-01   -1.2463836987E+01    4.1804834245E-02
    6.1199900000E-03    1.2595757470E+00   -7.1008747924E-02   -1.2603665744E+01    4.2853697334E-02
    6.1399900000E-03    1.2597325816E+00   -9.0584848408E-03   -1.2704548540E+01    4.2878721540E-02
    6.1599900000E-03    1.2544717952E+00    6.5064947680E-02   -1.2829443412E+01    4.1676049765E-02
    6.1799900000E-03    1.2328948922E+00    1.7789425861E-01   -1.3045416762E+01    3.9231435980E-02
    6.1999900000E-03    1.1652807339E+00    3.1544724447E-01   -1.3405588024E+01    3.6599570609E-02
    6.2199900000E-03    1.0211026240E+00    4.0011936224E-01   -1.3932383742E+01    3.5214311504E-02
    6.2399900000E-03    8.4311081614E-01    3.4091784496E-01   -1.4618598003E+01    3.5359892707E-02
    6.2599900000E-03    7.4735463968E-01    1.5272190978E-01   -1.5406942277E+01    3.5567276860E-02
    6.2799900000E-03    7.9216872483E-01   -5.0207315405E-02   -1.6167745585E+01    3.5082793445E-02
    6.2999900000E-03    9.1061975153E-01   -1.6888805123E-01   -1.6796410733E+01    3.4514129863E-02
    6.3199900000E-03    1.0175650700E+00   -1.9680098904E-01   -1.7275037772E+01    3.3661481434E-02
    6.3399900000E-03    1.0861099820E+00   -1.8023442718E-01   -1.7620408332E+01    3.2458700892E-02
    6.3599900000E-03    1.1253848930E+00   -1.5328135982E-01   -1.7856976300E+01    3.0915350736E-02
    6.3799900000E-03    1.1466322756E+00   -1.2965825018E-01   -1.8000975167E+01    2.9132662768E-02
    6.3999900000E-03    1.1562583033E+00   -1.1451328659E-01   -1.8059919553E+01    2.7350643019E-02
    6.4199900000E-03    1.1570299385E+00   -1.0997755965E-01   -1.8036006889E+01    2.5730416862E-02
    6.4399900000E-03    1.1487557476E+00   -1.1659180727E-01   -1.7926860656E+01    2.4402951627E-02
    6.4599900000E-03    1.1279499027E+00   -1.3252286116E-01   -1.7724756839E+01    2.3568364328E-02
    6.4799900000E-03    1.0869410730E+00   -1.5021836669E-01   -1.7415321785E+01    2.3419439312E-02
    6.4999900000E-03    1.0142492209E+00   -1.4847501229E-01   -1.6977360035E+01    2.4087412639E-02
    6.5199900000E-03    9.1178643039E-01   -8.3834000586E-02   -1.6397316497E+01    2.5388723773E-02
    6.5399900000E-03    8.3418871140E-01    6.8711238517E-02   -1.5692491096E+01    2.6336714587E-02
    6.5599900000E-03    8.5848580944E-01    2.5025708453E-01   -1.4924166542E+01    2.6774936804E-02
    6.5799900000E-03    9.8345572935E-01    3.5313886962E-01   -1.4207341913E+01    2.6584454480E-02
    6.5999900000E-03    1.1202409709E+00    3.2606567803E-01   -1.3629888851E+01    2.5306030844E-02
    6.6199900000E-03    1.2012123570E+00    2.2509319213E-01   -1.3215702723E+01    2.3251899249E-02
    6.6399900000E-03    1.2331426273E+00    1.2814776199E-01   -1.2949523689E+01    2.1208384491E-02
    6.6599900000E-03    1.2425334478E+00    6.8447540883E-02   -1.2801502116E+01    1.9687910167E-02
    6.6799900000E-03    1.2445659820E+00    4.4055749875E-02   -1.2735018058E+01    1.8670008829E-02
    6.6999900000E-03    1.2440469450E+00    4.7093342068E-02   -1.2727505928E+01    1.7846176892E-02
    6.7199900000E-03    1.2407299358E+00    7.7220241247E-02   -1.2778719034E+01    1.6911607912E-02
    6.7399900000E-03    1.2294203581E+00    1.4091206414E-01   -1.2909454571E+01    1.5682000783E-02
    6.7599900000E-03    1.1953283201E+00    2.3833439496E-01   -1.3151448018E+01    1.4373046260E-02
    6.7799900000E-03    1.1126140706E+00    3.4016384124E-01   -1.3528382484E+01    1.3608195127E-02
    6.7999900000E-03    9.6660567762E-01    3.7938406164E-01   -1.4054350907E+01    1.3862525274E-02
    6.8199900000E-03    8.0286595940E-01    2.9123078939E-01   -1.4729241206E+01    1.4767744883E-02
    6.8399900000E-03    7.1803346845E-01    9.1545858968E-02   -1.5511771721E+01    1.5158652717E-02
    6.8599900000E-03    7.6128257385E-01   -1.2108574965E-01   -1.6286389452E+01    1.4465062692E-02
    6.8799900000E-03    8.8154654800E-01   -2.5518382662E-01   -1.6946400479E+01    1.3024121075E-02
    6.8999900000E-03    1.0043333831E+00   -2.9181809212E-01   -1.7463065520E+01    1.1314315189E-02
    6.9199900000E-03    1.0908210138E+00   -2.7123204571E-01   -1.7850055942E+01    9.5387112005E-03
    6.9399900000E-03    1.1430123573E+00   -2.3310168847E-01   -1.8130586988E+01    7.8853655647E-03
    6.9599900000E-03    1.1718529646E+00   -1.9665006727E-01   -1.8318076883E+01    6.4106340776E-03
    6.9799900000E-03    1.1855730548E+00   -1.7130964402E-01   -1.8417586666E+01    5.1355351272E-03
    6.9999900000E-03    1.1892477277E+00   -1.6177212026E-01   -1.8432350414E+01    4.0374886226E-03
    7.0199900000E-03    1.1841294916E+00   -1.6974736267E-01   -1.8362292430E+01    3.0661487280E-03
    7.0399900000E-03    1.1672690869E+00   -1.9417497921E-01   -1.8202199297E+01    2.2100654995E-03
    7.0599900000E-03    1.1328497409E+00   -2.2584820640E-01   -1.7942389768E+01    1.5335263414E-03
    7.0799900000E-03    1.0535075339E+00   -2.8331243002E-01   -1.7578245936E+01    1.1019464096E-03
    7.0999900000E-03    9.7353817152E-01   -2.4500192612E-01   -1.7066667249E+01    1.2833045743E-03
    7.1199900000E-03    8.6515248275E-01   -1.5217369220E-01   -1.6423141953E+01    1.6175194933E-03
    7.1399900000E-03    8.1385369949E-01    2.0819619582E-02   -1.5681986856E+01    1.9074987324E-03
    7.1599900000E-03    8.5456399910E-01    1.9938534677E-01   -1.4929367677E+01    1.9062810657E-03
    7.1799900000E-03    9.6445747600E-01    3.0163903537E-01   -1.4260308650E+01    1.8205930628E-03
    7.1999900000E-03    1.0770871259E+00    3.0693806095E-01   -1.3728615746E+01    1.7978249733E-03
    7.2199900000E-03    1.1510254368E+00    2.6047055515E-01   -1.3336388976E+01    1.8325751247E-03
    7.2399900000E-03    1.1886827156E+00    2.0915615012E-01   -1.3065428970E+01    1.9713403881E-03
    7.2599900000E-03    1.2051487498E+00    1.7267552511E-01   -1.2901397077E+01    2.2163568559E-03
    7.2799900000E-03    1.2096104790E+00    1.5983726532E-01   -1.2830357677E+01    2.5468443003E-03
    7.2999900000E-03    1.2062097875E+00    1.7090375268E-01   -1.2844063926E+01    3.0100618485E-03
    7.3199900000E-03    1.1934768522E+00    2.0354868058E-01   -1.2943490193E+01    3.6649548175E-03
    7.3399900000E-03    1.1645293667E+00    2.5234325309E-01   -1.3135468362E+01    4.6199267761E-03
    7.3599900000E-03    1.1084041566E+00    3.0460778514E-01   -1.3426472348E+01    5.9788973967E-03
    7.3799900000E-03    1.0130121412E+00    3.3654484153E-01   -1.3827169932E+01    7.7974512272E-03
    7.3999900000E-03    8.7779205913E-01    3.0551208268E-01   -1.4356128149E+01    9.8746733484E-03
    7.4199900000E-03    7.4593288016E-01    1.6994902005E-01   -1.5027152826E+01    1.1746456524E-02
    7.4399900000E-03    6.9475863617E-01   -4.9197957113E-02   -1.5809935673E+01    1.2625316356E-02
    7.4599900000E-03    7.7021992332E-01   -2.6155206388E-01   -1.6597437985E+01    1.2000844264E-02
    7.4799900000E-03    9.2821720116E-01   -3.7150594174E-01   -1.7276925877E+01    1.0518419678E-02
    7.4999900000E-03    1.0777116977E+00   -3.5917380262E-01   -1.7811380158E+01    9.3498496926E-03
    7.5199900000E-03    1.1710597761E+00   -2.7746520694E-01   -1.8204729019E+01    9.1423126956E-03
    7.5399900000E-03    1.2146358047E+00   -1.8702538049E-01   -1.8469152118E+01    9.6317671574E-03
    7.5599900000E-03    1.2310596912E+00   -1.2159216308E-01   -1.8620773422E+01    1.0378643298E-02
    7.5799900000E-03    1.2362975632E+00   -8.8856027005E-02   -1.8682435170E+01    1.1089377459E-02
    7.5999900000E-03    1.2368554313E+00   -8.6608305906E-02   -1.8670879123E+01    1.1792019050E-02
    7.6199900000E-03    1.2326956984E+00   -1.1577357718E-01   -1.8584225942E+01    1.2671004775E-02
    7.6399900000E-03    1.2166920028E+00   -1.8035389229E-01   -1.8401366280E+01    1.3859343490E-02
    7.6599900000E-03    1.1709435530E+00   -2.7165810009E-01   -1.8094713810E+01    1.5192156601E-02
    7.6799900000E-03    1.0728678366E+00   -3.4684614750E-01   -1.7643343728E+01    1.6262994427E-02
    7.6999900000E-03    9.3166508325E-01   -3.3289753194E-01   -1.7036915918E+01    1.6664466648E-02
    7.7199900000E-03    8.2272808209E-01   -1.9856520904E-01   -1.6303999376E+01    1.6513553750E-02
    7.7399900000E-03    8.1888606618E-01   -8.3841838476E-03   -1.5536187219E+01    1.6181498554E-02
    7.7599900000E-03    9.0502967479E-01    1.3762634163E-01   -1.4843232249E+01    1.5685614534E-02
    7.7799900000E-03    1.0069787195E+00    1.9696811519E-01   -1.4280613319E+01    1.5313571207E-02
    7.7999900000E-03    1.0799556661E+00    1.9896493415E-01   -1.3856937942E+01    1.5645034538E-02
    7.8199900000E-03    1.1232487363E+00    1.8226806709E-01   -1.3554059355E+01    1.6684905330E-02
    7.8399900000E-03    1.1467246070E+00    1.6664211379E-01   -1.3349698875E+01    1.8243405207E-02
    7.8599900000E-03    1.1574016063E+00    1.5930972229E-01   -1.3231651427E+01    2.0071380873E-02
    7.8799900000E-03    1.1586011619E+00    1.6213452378E-01   -1.3194711373E+01    2.2049017345E-02
    7.8999900000E-03    1.1508780230E+00    1.7478604283E-01   -1.3236854113E+01    2.4157159064E-02
    7.9199900000E-03    1.1323123847E+00    1.9548533526E-01   -1.3358582522E+01    2.6365299063E-02
    7.9399900000E-03    1.0984111420E+00    2.2050484674E-01   -1.3562526304E+01    2.8581269847E-02
    7.9599900000E-03    1.0409574503E+00    2.4156015414E-01   -1.3857422568E+01    3.0635580103E-02
    7.9799900000E-03    9.4901133316E-01    2.3620700711E-01   -1.4266013820E+01    3.2532783246E-02
    7.9999900000E-03    8.2831857896E-01    1.6170047686E-01   -1.4813674831E+01    3.4237589882E-02
    8.0199900000E-03    7.2988039659E-01   -9.8748632790E-03   -1.5510645281E+01    3.5637042480E-02
    8.0399900000E-03    7.4103366571E-01   -2.3390351751E-01   -1.6310561617E+01    3.6264798726E-02
    8.0599900000E-03    8.8765026867E-01   -3.9271204936E-01   -1.7077203661E+01    3.5808015668E-02
    8.0799900000E-03    1.0720007567E+00   -4.0037136098E-01   -1.7710423465E+01    3.5633610408E-02
    8.0999900000E-03    1.1932118940E+00   -2.8840928624E-01   -1.8180600418E+01    3.7085916200E-02
    8.1199900000E-03    1.2427821670E+00   -1.5371624833E-01   -1.8492206412E+01    3.9515055870E-02
    8.1399900000E-03    1.2571359358E+00   -5.3916187248E-02   -1.8673903351E+01    4.1510680735E-02
    8.1599900000E-03    1.2601460066E+00    1.3259662937E-02   -1.8784680351E+01    4.2275641309E-02
    8.1799900000E-03    1.2584621747E+00    7.7786995441E-02   -1.8890315009E+01    4.1853295695E-02
    8.1999900000E-03    1.2477230143E+00    1.6970014840E-01   -1.9054393645E+01    4.0402961820E-02
    8.2199900000E-03    1.2080925356E+00    2.9724045335E-01   -1.9334285763E+01    3.8730020548E-02
    8.2399900000E-03    1.1030291649E+00    4.1825387780E-01   -1.9758837742E+01    3.8160030933E-02
    8.2599900000E-03    9.1864572055E-01    4.4744146322E-01   -2.0335705954E+01    3.9357732494E-02
    8.2799900000E-03    7.2628844729E-01    3.2111909525E-01   -2.1061708899E+01    4.0906273506E-02
    8.2999900000E-03    6.4030618471E-01    7.9690200672E-02   -2.1891755778E+01    4.0813030956E-02
    8.3199900000E-03    6.9674548471E-01   -1.6012305848E-01   -2.2685832859E+01    3.8338765864E-02
    8.3399900000E-03    8.2817131751E-01   -3.1364365665E-01   -2.3343134630E+01    3.4464232200E-02
    8.3599900000E-03    9.6406074701E-01   -3.6564660873E-01   -2.3854133011E+01    3.0384896324E-02
    8.3799900000E-03    1.0641110448E+00   -3.5686760008E-01   -2.4245031831E+01    2.6733930312E-02
    8.3999900000E-03    1.1279359346E+00   -3.2580105542E-01   -2.4539239050E+01    2.3651887073E-02
    8.4199900000E-03    1.1659654564E+00   -2.8972378198E-01   -2.4750991229E+01    2.0938621140E-02
    8.4399900000E-03    1.1866855585E+00   -2.5816375687E-01   -2.4886889395E+01    1.8576569722E-02
    8.4599900000E-03    1.1960914703E+00   -2.3790278619E-01   -2.4950850040E+01    1.6557538480E-02
    8.4799900000E-03    1.1974993509E+00   -2.3246911411E-01   -2.4944693049E+01    1.4757371989E-02
    8.4999900000E-03    1.1910291456E+00   -2.4295995873E-01   -2.4866629785E+01    1.3046614624E-02
    8.5199900000E-03    1.1731147990E+00   -2.6789647063E-01   -2.4710552702E+01    1.1325578521E-02
    8.5399900000E-03    1.1364414893E+00   -3.0140836777E-01   -2.4467977084E+01    9.5369781310E-03
    8.5599900000E-03    1.0715885686E+00   -3.3065855332E-01   -2.4128123407E+01    7.6449034325E-03
    8.5799900000E-03    9.7107788332E-01   -3.2962786180E-01   -2.3673025422E+01    5.7921787591E-03
    8.5999900000E-03    8.4728839604E-01   -2.5656313293E-01   -2.3083601936E+01    4.3253539331E-03
    8.6199900000E-03    7.5409081185E-01   -9.1154002822E-02   -2.2364994309E+01    3.5326028365E-03
    8.6399900000E-03    7.5293792721E-01    1.1971220328E-01   -2.1581858805E+01    3.5003134860E-03
    8.6599900000E-03    8.4983171762E-01    2.8697976741E-01   -2.0849012488E+01    4.2465370898E-03
    8.6799900000E-03    9.8362658655E-01    3.5544949505E-01   -2.0242712285E+01    5.5694912539E-03
    8.6999900000E-03    1.0926004686E+00    3.4265745407E-01   -1.9773940333E+01    7.0380647331E-03
    8.7199900000E-03    1.1600882330E+00    2.9533184638E-01   -1.9426808777E+01    8.3243421454E-03
    8.7399900000E-03    1.1947359779E+00    2.4664539313E-01   -1.9184719747E+01    9.3775417662E-03
    8.7599900000E-03    1.2094980689E+00    2.1350697981E-01   -1.9035819628E+01    1.0302505445E-02
    8.7799900000E-03    1.2137246765E+00    2.0155521611E-01   -1.8968681290E+01    1.1225245892E-02
    8.7999900000E-03    1.2111799754E+00    2.1097750711E-01   -1.8975701961E+01    1.2261818732E-02
    8.8199900000E-03    1.2008262532E+00    2.4000880671E-01   -1.9056775853E+01    1.3535379112E-02
    8.8399900000E-03    1.1773309826E+00    2.8405997798E-01   -1.9217300091E+01    1.5189012002E-02
    8.8599900000E-03    1.1317449172E+00    3.3336645698E-01   -1.9462973780E+01    1.7386223575E-02
    8.8799900000E-03    1.0532091331E+00    3.7236906491E-01   -1.9800655463E+01    2.0269206792E-02
    8.8999900000E-03    9.3243410505E-01    3.7431874023E-01   -2.0245935940E+01    2.3845173617E-02
    8.9199900000E-03    7.8243005731E-01    2.9304656681E-01   -2.0821996378E+01    2.7748771582E-02
    8.9399900000E-03    6.6419809879E-01    1.0245833548E-01   -2.1544299986E+01    3.1016869125E-02
    8.9599900000E-03    6.5261442176E-01   -1.5050355383E-01   -2.2369587090E+01    3.2288772104E-02
    8.9799900000E-03    7.8073349037E-01   -3.6208104892E-01   -2.3164787081E+01    3.1150095988E-02
    8.9999900000E-03    9.7300846084E-01   -4.3920215901E-01   -2.3828006312E+01    2.9032771017E-02
    9.0199900000E-03    1.1292635755E+00   -3.8409554647E-01   -2.4343335733E+01    2.7799940619E-02
    9.0399900000E-03    1.2116145190E+00   -2.6919284770E-01   -2.4715381566E+01    2.8108573209E-02
    9.0599900000E-03    1.2425716963E+00   -1.6157876728E-01   -2.4955241352E+01    2.9276690263E-02
    9.0799900000E-03    1.2516708306E+00   -8.8672200502E-02   -2.5090811594E+01    3.0336663893E-02
    9.0999900000E-03    1.2539350125E+00   -4.3677619702E-02   -2.5165696511E+01    3.0851857270E-02
    9.1199900000E-03    1.2540564436E+00   -9.3712401604E-03   -2.5219337154E+01    3.0827535464E-02
    9.1399900000E-03    1.2523756518E+00    3.1277114353E-02   -2.5285563824E+01    3.0236664884E-02
    9.1599900000E-03    1.2454577641E+00    9.6867863432E-02   -2.5403563286E+01    2.8906481572E-02
    9.1799900000E-03    1.2207959088E+00    2.0125723840E-01   -2.5621945635E+01    2.6925967931E-02
    9.1999900000E-03    1.1503758096E+00    3.2463114165E-01   -2.5979326995E+01    2.5169067352E-02
    9.2199900000E-03    1.0081893429E+00    3.9659116677E-01   -2.6493766249E+01    2.4587794116E-02
    9.2399900000E-03    8.3228617863E-01    3.3514357729E-01   -2.7163536453E+01    2.5161239966E-02
    9.2599900000E-03    7.2827482249E-01    1.4616117467E-01   -2.7946291507E+01    2.5479670007E-02
    9.2799900000E-03    7.5968865320E-01   -6.8304012533E-02   -2.8723955812E+01    2.4782698270E-02
    9.2999900000E-03    8.7320867168E-01   -2.0873424739E-01   -2.9382813537E+01    2.3515816314E-02
    9.3199900000E-03    9.9009913628E-01   -2.5427546295E-01   -2.9895458161E+01    2.1969026728E-02
    9.3399900000E-03    1.0725728711E+00   -2.4336638057E-01   -3.0275754099E+01    2.0231263515E-02
    9.3599900000E-03    1.1226610304E+00   -2.1488995295E-01   -3.0548994652E+01    1.8351348384E-02
    9.3799900000E-03    1.1513898126E+00   -1.8648241216E-01   -3.0732455341E+01    1.6446312152E-02
    9.3999900000E-03    1.1660206916E+00   -1.6541843100E-01   -3.0831935150E+01    1.4629288049E-02
    9.4199900000E-03    1.1706070298E+00   -1.5530188124E-01   -3.0849761066E+01    1.2955266288E-02
    9.4399900000E-03    1.1663892019E+00   -1.5765046746E-01   -3.0785699541E+01    1.1428717414E-02
    9.4599900000E-03    1.1516517320E+00   -1.7215969112E-01   -3.0636304681E+01    1.0065761497E-02
    9.4799900000E-03    1.1213713888E+00   -1.9525817447E-01   -3.0394486274E+01    8.9971644671E-03
    9.4999900000E-03    1.0666096354E+00   -2.1509286685E-01   -3.0044798568E+01    8.4618472521E-03
    9.5199900000E-03    9.7920621315E-01   -2.0263931965E-01   -2.9564210910E+01    8.6239451501E-03
    9.5399900000E-03    8.7587832497E-01   -1.1463859349E-01   -2.8944202489E+01    9.2962331250E-03
    9.5599900000E-03    8.1694309458E-01    5.3724042660E-02   -2.8214178925E+01    9.7986599453E-03
    9.5799900000E-03    8.5827620674E-01    2.3216776728E-01   -2.7452377644E+01    9.9579901173E-03
    9.5999900000E-03    9.8056992833E-01    3.2738222610E-01   -2.6766263951E+01    9.8029972589E-03
    9.6199900000E-03    1.1043483309E+00    3.1052149617E-01   -2.6221410695E+01    9.1714983449E-03
    9.6399900000E-03    1.1802303419E+00    2.3443760098E-01   -2.5826976454E+01    8.1915828256E-03
    9.6599900000E-03    1.2141176972E+00    1.5945930588E-01   -2.5566363283E+01    7.1786232324E-03
    9.6799900000E-03    1.2258665871E+00    1.1337558526E-01   -2.5419251693E+01    6.3432343125E-03
    9.6999900000E-03    1.2281787539E+00    9.9983496551E-02   -2.5364164193E+01    5.7095294117E-03
    9.7199900000E-03    1.2248500513E+00    1.1729281219E-01   -2.5390179746E+01    5.1735053483E-03
    9.7399900000E-03    1.2126830414E+00    1.6523789913E-01   -2.5503487255E+01    4.6847041245E-03
    9.7599900000E-03    1.1806434774E+00    2.3953224783E-01   -2.5720922594E+01    4.3752292167E-03
    9.7799899999E-03    1.1104458189E+00    3.1841252026E-01   -2.6057727243E+01    4.5291073925E-03
    9.7999899999E-03    9.8798456672E-01    3.5627092708E-01   -2.6527595411E+01    5.4082151640E-03
    9.8199899999E-03    8.3328750745E-01    2.9546437078E-01   -2.7141015729E+01    6.7807014162E-03
    9.8399899999E-03    7.2252405618E-01    1.1941354744E-01   -2.7884774900E+01    7.7800502196E-03
    9.8599899999E-03    7.2692785280E-01   -1.0403637200E-01   -2.8679468613E+01    7.6211958111E-03
    9.8799899999E-03    8.3769970301E-01   -2.7317791490E-01   -2.9402881640E+01    6.3743835337E-03
    9.8999899999E-03    9.8139741649E-01   -3.3366644327E-01   -2.9990949131E+01    4.7512050326E-03
    9.9199899999E-03    1.0932356161E+00   -3.0983660538E-01   -3.0441103879E+01    3.3485465784E-03
    9.9399899999E-03    1.1606192415E+00   -2.5213524413E-01   -3.0769606281E+01    2.4219588898E-03
    9.9599899999E-03    1.1953356570E+00   -1.9335842258E-01   -3.0989289512E+01    1.9146814942E-03
    9.9799899999E-03    1.2110638684E+00   -1.5001944318E-01   -3.1107619834E+01    1.7434135343E-03
    9.9999899999E-03    1.2155317795E+00   -1.3306051583E-01   -3.1135774599E+01    1.7560068868E-03
    1.0019990000E-02    1.2133740395E+00   -1.3897720872E-01   -3.1075896476E+01    1.9042945462E-03
    1.0039990000E-02    1.1998758213E+00   -1.7641118365E-01   -3.0922881575E+01    2.2313711691E-03
    1.0059990000E-02    1.1643073619E+00   -2.3805477625E-01   -3.0660938478E+01    2.6702251665E-03
    1.0079990000E-02    1.0909905656E+00   -2.9781229011E-01   -3.0272780357E+01    3.1538344738E-03
    1.0099990000E-02    9.7527021473E-01   -3.0428354766E-01   -2.9740603635E+01    3.5453198259E-03
    1.0119990000E-02    8.5908448872E-01   -2.0870473279E-01   -2.9068665232E+01    3.7516334232E-03
    1.0139990000E-02    8.1499100716E-01   -3.2125678316E-02   -2.8313586887E+01    3.7188870849E-03
    1.0159990000E-02    8.6780509639E-01    1.3957596926E-01   -2.7575607543E+01    3.3379310736E-03
    1.0179990000E-02    9.7245684531E-01    2.3268204681E-01   -2.6939345085E+01    2.8512331991E-03
    1.0199990000E-02    1.0672206308E+00    2.4423901803E-01   -2.6441505610E+01    2.7488967778E-03
    1.0219990000E-02    1.1282125788E+00    2.1801953991E-01   -2.6076581252E+01    3.1727794324E-03
    1.0239990000E-02    1.1620497661E+00    1.8718437155E-01   -2.5822729142E+01    3.9663738762E-03
    1.0259990000E-02    1.1783326848E+00    1.6634993047E-01   -2.5665323433E+01    4.9901078786E-03
    1.0279990000E-02    1.1832492173E+00    1.6046605680E-01   -2.5596384045E+01    6.1682792810E-03
    1.0299990000E-02    1.1793357883E+00    1.7021872242E-01   -2.5611308439E+01    7.4889167137E-03
    1.0319990000E-02    1.1653889225E+00    1.9394062563E-01   -2.5709821094E+01    8.9794815178E-03
    1.0339990000E-02    1.1368078614E+00    2.2731753275E-01   -2.5894634870E+01    1.0627613229E-02
    1.0359990000E-02    1.0858998053E+00    2.6191385439E-01   -2.6170883872E+01    1.2382787084E-02
    1.0379990000E-02    1.0018182493E+00    2.7966062571E-01   -2.6552866277E+01    1.4161456533E-02
    1.0399990000E-02    8.8199624941E-01    2.4175697707E-01   -2.7064773903E+01    1.5823426259E-02
    1.0419990000E-02    7.6356488915E-01    1.0806936815E-01   -2.7720707912E+01    1.7227111722E-02
    1.0439990000E-02    7.2126478086E-01   -1.0390050165E-01   -2.8493973900E+01    1.7943649894E-02
    1.0459990000E-02    8.0898236451E-01   -3.0191210135E-01   -2.9277830588E+01    1.7612062310E-02
    1.0479990000E-02    9.7599782581E-01   -3.8505718887E-01   -2.9954449380E+01    1.6810630491E-02
    1.0499990000E-02    1.1225164491E+00   -3.3772070533E-01   -3.0480629259E+01    1.6788046499E-02
    1.0519990000E-02    1.2028708203E+00   -2.2898330401E-01   -3.0854942366E+01    1.7853818214E-02
    1.0539990000E-02    1.2345377708E+00   -1.2827215512E-01   -3.1092122894E+01    1.9411676642E-02
    1.0559990000E-02    1.2445481136E+00   -6.3484964309E-02   -3.1219550388E+01    2.0740953707E-02
    1.0579990000E-02    1.2474313347E+00   -3.1061901059E-02   -3.1273738082E+01    2.1648220783E-02
    1.0599990000E-02    1.2481703579E+00   -2.1586279418E-02   -3.1279987092E+01    2.2343743174E-02
    1.0619990000E-02    1.2477650050E+00   -3.2333863730E-02   -3.1244725045E+01    2.3107453459E-02
    1.0639990000E-02    1.2446768701E+00   -6.9195816861E-02   -3.1154925425E+01    2.4257517052E-02
    1.0659990000E-02    1.2318132468E+00   -1.4363768920E-01   -3.0977446322E+01    2.6099297262E-02
    1.0679990000E-02    1.1895534133E+00   -2.5267642652E-01   -3.0670729687E+01    2.8498742628E-02
    1.0699990000E-02    1.0900584698E+00   -3.4759385826E-01   -3.0206363771E+01    3.0724323275E-02
    1.0719990000E-02    9.4453335462E-01   -3.4104735903E-01   -2.9577294079E+01    3.1843458676E-02
    1.0739990000E-02    8.4342760007E-01   -2.0510432297E-01   -2.8829320797E+01    3.1801585570E-02
    1.0759990000E-02    8.5793782046E-01   -2.2928914250E-02   -2.8071242530E+01    3.1125121611E-02
    1.0779990000E-02    9.5440551856E-01    1.0056706006E-01   -2.7405686434E+01    2.9775131432E-02
    1.0799990000E-02    1.0492528028E+00    1.3620584470E-01   -2.6874690604E+01    2.8329906078E-02
    1.0819990000E-02    1.1083400050E+00    1.2613766170E-01   -2.6484691818E+01    2.7672569491E-02
    1.0839990000E-02    1.1396091418E+00    1.0743266399E-01   -2.6216842463E+01    2.7795507178E-02
    1.0859990000E-02    1.1541640043E+00    9.4805061141E-02   -2.6052618754E+01    2.8532240665E-02
    1.0879990000E-02    1.1580651959E+00    9.2980633249E-02   -2.5980501658E+01    2.9692150804E-02
    1.0899990000E-02    1.1533468738E+00    1.0268920717E-01   -2.5994900235E+01    3.1105908784E-02
    1.0919990000E-02    1.1387544937E+00    1.2273655926E-01   -2.6095809045E+01    3.2616741124E-02
    1.0939990000E-02    1.1095932113E+00    1.4966386526E-01   -2.6288545634E+01    3.3996352976E-02
    1.0959990000E-02    1.0564779484E+00    1.7446885414E-01   -2.6585056510E+01    3.5046245706E-02
    1.0979990000E-02    9.6632306795E-01    1.7289866150E-01   -2.7006807583E+01    3.5738978344E-02
    1.0999990000E-02    8.4444598853E-01    9.7596777652E-02   -2.7575393733E+01    3.6105520522E-02
    1.1019990000E-02    7.5923599263E-01   -7.6774366605E-02   -2.8290251363E+01    3.6426802072E-02
    1.1039990000E-02    8.0106878788E-01   -2.8242244527E-01   -2.9083152960E+01    3.6418724512E-02
    1.1059990000E-02    9.6084945829E-01   -3.9438414655E-01   -2.9816633613E+01    3.6138768429E-02
    1.1079990000E-02    1.1263815874E+00   -3.5158301624E-01   -3.0403977814E+01    3.7085577636E-02
    1.1099990000E-02    1.2180833668E+00   -2.1917617057E-01   -3.0821026776E+01    3.9617607570E-02
    1.1119990000E-02    1.2507892647E+00   -9.1909179624E-02   -3.1081975072E+01    4.2409220676E-02
    1.1139990000E-02    1.2594218093E+00   -5.7711989351E-03   -3.1230875600E+01    4.4078475950E-02
    1.1159990000E-02    1.2605858379E+00    5.8724890960E-02   -3.1335968869E+01    4.4396265856E-02
    1.1179990000E-02    1.2562424955E+00    1.3431668811E-01   -3.1463554975E+01    4.3597934561E-02
    1.1199990000E-02    1.2361436619E+00    2.4442130381E-01   -3.1676162314E+01    4.2173255660E-02
    1.1219990000E-02    1.1716135637E+00    3.7555069708E-01   -3.2017328541E+01    4.1383139382E-02
    1.1239990000E-02    1.0276197976E+00    4.6630467472E-01   -3.2501209580E+01    4.2392195959E-02
    1.1259990000E-02    8.2043262320E-01    4.3248101353E-01   -3.3131848445E+01    4.4980049557E-02
    1.1279990000E-02    6.4555140461E-01    2.4191667501E-01   -3.3908891305E+01    4.6871000839E-02
    1.1299990000E-02    6.0776627846E-01   -2.9406590048E-02   -3.4764387976E+01    4.6037219173E-02
    1.1319990000E-02    7.0418128883E-01   -2.6623074146E-01   -3.5545968354E+01    4.2124154528E-02
    1.1339990000E-02    8.6409699369E-01   -3.9524370241E-01   -3.6180352433E+01    3.6908050785E-02
    1.1359990000E-02    1.0107698687E+00   -4.1895706503E-01   -3.6675199456E+01    3.1957145474E-02
    1.1379990000E-02    1.1129216750E+00   -3.8597200915E-01   -3.7057710642E+01    2.7944524132E-02
    1.1399990000E-02    1.1749612964E+00   -3.2986884390E-01   -3.7346983557E+01    2.5046741941E-02
    1.1419990000E-02    1.2077033805E+00   -2.7153968120E-01   -3.7551366725E+01    2.3048524779E-02
    1.1439990000E-02    1.2226024108E+00   -2.2611069336E-01   -3.7676276107E+01    2.1743497417E-02
    1.1459990000E-02    1.2282767937E+00   -2.0081506901E-01   -3.7729685914E+01    2.0852389415E-02
    1.1479990000E-02    1.2288437639E+00   -1.9763348829E-01   -3.7717747994E+01    2.0151490961E-02
    1.1499990000E-02    1.2242097863E+00   -2.1767180906E-01   -3.7638359031E+01    1.9517880078E-02
    1.1519990000E-02    1.2094550877E+00   -2.6121289204E-01   -3.7480341142E+01    1.8800217668E-02
    1.1539990000E-02    1.1733017292E+00   -3.2184060578E-01   -3.7229729995E+01    1.7729147879E-02
    1.1559990000E-02    1.1000950541E+00   -3.7950971354E-01   -3.6874644280E+01    1.6076618999E-02
    1.1579990000E-02    9.8026813273E-01   -3.9777466767E-01   -3.6399629404E+01    1.3919579223E-02
    1.1599990000E-02    8.3240251514E-01   -3.2884160067E-01   -3.5788245007E+01    1.1775340906E-02
    1.1619990000E-02    7.2129963977E-01   -1.5394465028E-01   -3.5044775439E+01    1.0487617357E-02
    1.1639990000E-02    7.1365014389E-01    7.1109893541E-02   -3.4244830620E+01    1.0583362292E-02
    1.1659990000E-02    8.0395237313E-01    2.5549665480E-01   -3.3511885791E+01    1.2046278856E-02
    1.1679990000E-02    9.3130029904E-01    3.4924600734E-01   -3.2911334444E+01    1.4551639171E-02
    1.1699990000E-02    1.0404969186E+00    3.6745211374E-01   -3.2443825567E+01    1.7541054647E-02
    1.1719990000E-02    1.1152733592E+00    3.4981272411E-01   -3.2087422971E+01    2.0533014840E-02
    1.1739990000E-02    1.1613186749E+00    3.2100222565E-01   -3.1822190397E+01    2.3312013876E-02
    1.1759990000E-02    1.1871377874E+00    2.9369572518E-01   -3.1635625273E+01    2.5880167706E-02
    1.1779990000E-02    1.1997719936E+00    2.7590318649E-01   -3.1519685721E+01    2.8308027672E-02
    1.1799990000E-02    1.2039027154E+00    2.7116751563E-01   -3.1467469853E+01    3.0725221225E-02
    1.1819990000E-02    1.2014479413E+00    2.7985043122E-01   -3.1474420410E+01    3.3258939885E-02
    1.1839990000E-02    1.1916897597E+00    3.0056178514E-01   -3.1539600736E+01    3.6040586746E-02
    1.1859990000E-02    1.1715877003E+00    3.3016741894E-01   -3.1664722003E+01    3.9223454122E-02
    1.1879990000E-02    1.1365984477E+00    3.6309154847E-01   -3.1851537515E+01    4.2997952311E-02
    1.1899990000E-02    1.0812472450E+00    3.9156066212E-01   -3.2104040899E+01    4.7312777774E-02
    1.1919990000E-02    9.9675134019E-01    4.0625170290E-01   -3.2433978558E+01    5.2187169716E-02
    1.1939990000E-02    8.7318913789E-01    3.8402219722E-01   -3.2865189473E+01    5.7996335586E-02
    1.1959990000E-02    7.2647206213E-01    2.7779822066E-01   -3.3428577743E+01    6.4549517402E-02
    1.1979990000E-02    6.1597809219E-01    6.3954149983E-02   -3.4149818403E+01    7.0440305461E-02
    1.1999990000E-02    6.1410192629E-01   -2.1300751479E-01   -3.5002431833E+01    7.3789992892E-02
    1.2019990000E-02    7.7968791093E-01   -4.4202389610E-01   -3.5836410495E+01    7.3896260694E-02
    1.2039990000E-02    1.0152302815E+00   -5.0337154174E-01   -3.6534577615E+01    7.2426160862E-02
    1.2059990000E-02    1.1866873474E+00   -3.9992328001E-01   -3.7076814313E+01    7.2558606590E-02
    1.2079990000E-02    1.2570831641E+00   -2.3501589840E-01   -3.7456826606E+01    7.4838048920E-02
    1.2099990000E-02    1.2740386319E+00   -9.5245731578E-02   -3.7691648488E+01    7.7249291236E-02
    1.2119990000E-02    1.2739857772E+00    1.3928083038E-02   -3.7857696754E+01    7.7488730221E-02
    1.2139990000E-02    1.2598010788E+00    1.4536470046E-01   -3.8069704402E+01    7.4934274103E-02
    1.2159990000E-02    1.2020381458E+00    3.1344079208E-01   -3.8425446572E+01    7.0993748355E-02
    1.2179990000E-02    1.0562397634E+00    4.3354334424E-01   -3.8961118866E+01    6.8272567021E-02
    1.2199990000E-02    8.5748857536E-01    3.9242754460E-01   -3.9664848452E+01    6.7856948907E-02
    1.2219990000E-02    7.4422260209E-01    2.0219271379E-01   -4.0469099008E+01    6.7746637846E-02
    1.2239990000E-02    7.9042818294E-01   -5.4035148092E-03   -4.1230024841E+01    6.6833461065E-02
    1.2259990000E-02    9.1582812700E-01   -1.2006875873E-01   -4.1839100802E+01    6.6057719697E-02
    1.2279990000E-02    1.0216837590E+00   -1.4115861246E-01   -4.2289516373E+01    6.5373594368E-02
    1.2299990000E-02    1.0835011880E+00   -1.2466333682E-01   -4.2605532790E+01    6.4548875613E-02
    1.2319990000E-02    1.1167403989E+00   -1.0217969555E-01   -4.2811963556E+01    6.3401621194E-02
    1.2339990000E-02    1.1333423224E+00   -8.4239420665E-02   -4.2922163656E+01    6.1976469173E-02
    1.2359990000E-02    1.1389460450E+00   -7.4463680206E-02   -4.2941506049E+01    6.0542246152E-02
    1.2379990000E-02    1.1351613038E+00   -7.3778345699E-02   -4.2870388667E+01    5.9336856648E-02
    1.2399990000E-02    1.1201338894E+00   -8.0963850569E-02   -4.2704471605E+01    5.8564018252E-02
    1.2419990000E-02    1.0873996118E+00   -9.1664276996E-02   -4.2434461958E+01    5.8374191294E-02
    1.2439990000E-02    1.0225967223E+00   -9.3172245404E-02   -4.2042828319E+01    5.8819053056E-02
    1.2459990000E-02    9.1368261035E-01   -4.4503149154E-02   -4.1508055676E+01    5.9656774500E-02
    1.2479990000E-02    8.1647131593E-01    1.0288892962E-01   -4.0825845631E+01    6.0276787024E-02
    1.2499990000E-02    8.3490822452E-01    2.9767018683E-01   -4.0043496140E+01    6.0732980950E-02
    1.2519990000E-02    9.7953855779E-01    4.1238784077E-01   -3.9290527431E+01    6.0676349727E-02
    1.2539990000E-02    1.1402197580E+00    3.7193188435E-01   -3.8675159736E+01    5.8984889685E-02
    1.2559990000E-02    1.2283370929E+00    2.3879468708E-01   -3.8234193809E+01    5.5920774320E-02
    1.2579990000E-02    1.2574164858E+00    1.1108522465E-01   -3.7954804723E+01    5.2933437467E-02
    1.2599990000E-02    1.2638361980E+00    2.5582000336E-02   -3.7789512324E+01    5.1310670708E-02
    1.2619990000E-02    1.2640231870E+00   -4.0605096520E-02   -3.7662761639E+01    5.1275603773E-02
    1.2639990000E-02    1.2581379793E+00   -1.2521148020E-01   -3.7498566648E+01    5.2770114718E-02
    1.2659990000E-02    1.2302343720E+00   -2.5093152590E-01   -3.7222999104E+01    5.5457459984E-02
    1.2679990000E-02    1.1438682747E+00   -3.8371850497E-01   -3.6790365170E+01    5.8064845026E-02
    1.2699990000E-02    9.8046889142E-01   -4.3025546483E-01   -3.6187292444E+01    5.9356721848E-02
    1.2719990000E-02    8.1996744352E-01   -3.2128735266E-01   -3.5440313375E+01    5.9329304383E-02
    1.2739990000E-02    7.7897427000E-01   -1.1884127132E-01   -3.4644572968E+01    5.9265295203E-02
    1.2759990000E-02    8.6407978984E-01    5.0748419415E-02   -3.3939232642E+01    5.9328819408E-02
    1.2779990000E-02    9.7638891287E-01    1.2496091860E-01   -3.3384217262E+01    5.9422187547E-02
    1.2799990000E-02    1.0506813657E+00    1.3897734481E-01   -3.2974697856E+01    5.9907749622E-02
    1.2819990000E-02    1.0913591575E+00    1.3516335311E-01   -3.2687685522E+01    6.0931420667E-02
    1.2839990000E-02    1.1122366202E+00    1.3008392714E-01   -3.2501536403E+01    6.2631727815E-02
    1.2859990000E-02    1.1203404192E+00    1.2984307400E-01   -3.2403677217E+01    6.4907740094E-02
    1.2879990000E-02    1.1185025760E+00    1.3620940246E-01   -3.2387263782E+01    6.7528676444E-02
    1.2899990000E-02    1.1066161412E+00    1.4894796618E-01   -3.2449953636E+01    7.0202415147E-02
    1.2919990000E-02    1.0815937401E+00    1.6635679357E-01   -3.2594207996E+01    7.2633941275E-02
    1.2939990000E-02    1.0361862952E+00    1.8326827498E-01   -3.2828573740E+01    7.4725611665E-02
    1.2959990000E-02    9.5815995084E-01    1.8326965359E-01   -3.3172994756E+01    7.6711367674E-02
    1.2979990000E-02    8.4263006674E-01    1.2618806768E-01   -3.3657515067E+01    7.8851862301E-02
    1.2999990000E-02    7.2957279799E-01   -3.0968501114E-02   -3.4308309091E+01    8.1092548420E-02
    1.3019990000E-02    7.2132908034E-01   -2.6365441774E-01   -3.5107609610E+01    8.2913594803E-02
