 sig=    1.000000000000000      inputfile=
 /home/rjrj524/Finished/vmec_gc_tracer/revised_251128/nc/wout_pwO_nfp2_A6.nc                                                                                                                             
 dt=   1.0000000000000000E-008
 steps=      8000000
 x0=   5.9999999999999998E-002    0.000000000000000      
    6.410000000000000     
 u=   -7910.000000000000     
 v_perp=    128000.0000000000     
 
time(s)         x0(1)       x0(2)        x0(3)      r
    1.9990000000E-05    1.1882982727E+00   -3.4865293094E-02    6.3287975136E+00    5.6483066156E-02
    3.9990000000E-05    1.1894181966E+00   -9.8582378104E-03    6.2831760558E+00    5.4831835226E-02
    5.9990000000E-05    1.1891519203E+00    1.4693861516E-02    6.2413670574E+00    5.4966027256E-02
    7.9990000000E-05    1.1869802228E+00    4.1994730448E-02    6.1733007263E+00    5.6954883224E-02
    9.9990000000E-05    1.1799089097E+00    7.5599400604E-02    6.0374728545E+00    6.1079073810E-02
    1.1999000000E-04    1.1584954937E+00    1.1989675585E-01    5.7763574599E+00    6.8306928330E-02
    1.3999000000E-04    1.1016754914E+00    1.7638936028E-01    5.3315738278E+00    7.8340893977E-02
