 sig=    1.000000000000000      inputfile=
 /home/rjrj524/Finished/vmec_gc_tracer/revised_251128/nc/wout_pwO_nfp2_A6.nc                                                                                                                             
 dt=   1.0000000000000000E-008
 steps=      8000000
 x0=   5.9999999999999998E-002    0.000000000000000      
    6.410000000000000     
 u=   -14400.00000000000     
 v_perp=    118000.0000000000     
 
time(s)         x0(1)       x0(2)        x0(3)      r
    1.9990000000E-05    1.1887377462E+00   -2.6345470814E-02    6.2188844462E+00    5.7202317075E-02
    3.9990000000E-05    1.1847147291E+00    1.3459674995E-02    6.0157670202E+00    5.7563481376E-02
    5.9990000000E-05    1.1672704877E+00    6.3634842964E-02    5.7332042184E+00    6.2462523740E-02
    7.9990000000E-05    1.1202330391E+00    1.2666447290E-01    5.3001665843E+00    6.9989333472E-02
    9.9990000000E-05    9.9851976880E-01    1.7354474256E-01    4.6419977215E+00    7.4943151417E-02
    1.1999000000E-04    7.7102232381E-01    3.5273710033E-02    3.6417838409E+00    7.9624206556E-02
