 sig=    1.000000000000000      inputfile=
 /home/rjrj524/Finished/vmec_gc_tracer/revised_251128/nc/wout_pwO_nfp2_A6.nc                                                                                                                             
 dt=   1.0000000000000000E-008
 steps=      8000000
 x0=   4.0000000000000001E-002    0.000000000000000      
    6.410000000000000     
 u=   -130000.0000000000     
 v_perp=    146000.0000000000     
 
time(s)         x0(1)       x0(2)        x0(3)      r
    1.9990000000E-05    9.1140828806E-01    1.5536322941E-01    4.2262483681E+00    5.0387332700E-02
    3.9990000000E-05    1.0767409346E+00   -4.0613834225E-01    1.2045066046E+00    5.5268185058E-02
    5.9990000000E-05    1.0762390627E+00    4.9084246088E-01   -9.1408094053E-01    6.4398589249E-02
    7.9990000000E-05    6.1978137629E-01   -3.0460964120E-01   -4.0754856582E+00    7.0016126612E-02
    9.9990000000E-05    1.2582506564E+00   -6.6727040699E-02   -6.5032902029E+00    4.3288389640E-02
    1.1999000000E-04    7.9276401649E-01    1.6814838958E-01   -9.0415167791E+00    3.0366033827E-02
    1.3999000000E-04    1.1777212658E+00   -2.4510125572E-02   -1.1716652953E+01    3.3691571425E-02
    1.5999000000E-04    1.0193577169E+00    2.8038586258E-01   -1.3778396843E+01    5.2328241760E-02
    1.7999000000E-04    7.8433907878E-01   -3.9868911395E-01   -1.6804756213E+01    7.6302915684E-02
