 sig=    1.000000000000000      inputfile=
 /home/rjrj524/Finished/vmec_gc_tracer/revised_251128/nc/wout_pwO_nfp2_A6.nc                                                                                                                             
 dt=   5.0000000000000003E-010
 steps=      5000000
 x0=   5.9999999999999998E-002    3.080000000000000      
    6.410000000000000     
 u=    97800.00000000000     
 v_perp=    323000.0000000000     
 
time(s)         x0(1)       x0(2)        x0(3)      r
    9.9950000000E-07    1.2652614158E+00   -6.6656966371E-02    6.4822345820E+00    6.1614841927E-02
    1.9995000000E-06    1.2622042196E+00   -1.0326795137E-01    6.5589032032E+00    6.4073164075E-02
    2.9995000000E-06    1.2574393635E+00   -1.4119554193E-01    6.6416056632E+00    6.7264828353E-02
    3.9995000000E-06    1.2504117828E+00   -1.8011187393E-01    6.7315786793E+00    7.1036926131E-02
    4.9995000000E-06    1.2405160427E+00   -2.1933719204E-01    6.8296355918E+00    7.5230832834E-02
    5.9995000000E-06    1.2271859161E+00   -2.5790806875E-01    6.9362733154E+00    7.9721044952E-02
