 sig=    1.000000000000000      inputfile=
 /home/rjrj524/Finished/vmec_gc_tracer/revised_251128/nc/wout_pwO_nfp2_A6.nc                                                                                                                             
 dt=   5.0000000000000003E-010
 steps=      5000000
 x0=   5.4800000000000001E-002    3.080000000000000      
    6.410000000000000     
 u=   -17700.00000000000     
 v_perp=    144000.0000000000     
 
time(s)         x0(1)       x0(2)        x0(3)      r
    9.9950000000E-07    1.2652075493E+00   -2.3516508522E-02    6.3981546748E+00    5.4979891009E-02
    1.9995000000E-06    1.2655333220E+00   -1.5711292598E-02    6.3866787360E+00    5.5130058659E-02
    2.9995000000E-06    1.2657925660E+00   -8.0694746377E-03    6.3755068209E+00    5.5250594086E-02
    3.9995000000E-06    1.2659898573E+00   -5.5390615789E-04    6.3645690435E+00    5.5341730181E-02
    4.9995000000E-06    1.2661285764E+00    6.8729462017E-03    6.3537960045E+00    5.5403719660E-02
    5.9995000000E-06    1.2662109641E+00    1.4248533174E-02    6.3431186187E+00    5.5436819402E-02
    6.9995000000E-06    1.2662381614E+00    2.1610232382E-02    6.3324680904E+00    5.5441281335E-02
    7.9995000000E-06    1.2662102293E+00    2.8995340033E-02    6.3217758615E+00    5.5417349907E-02
    8.9995000000E-06    1.2661261474E+00    3.6441010631E-02    6.3109735339E+00    5.5365266124E-02
    9.9995000000E-06    1.2659837940E+00    4.3984122246E-02    6.2999927742E+00    5.5285277796E-02
    1.0999500000E-05    1.2657799092E+00    5.1661058275E-02    6.2887652151E+00    5.5177655492E-02
    1.1999500000E-05    1.2655100413E+00    5.9507398653E-02    6.2772223653E+00    5.5042713611E-02
    1.2999500000E-05    1.2651684882E+00    6.7557216274E-02    6.2652954264E+00    5.4880839397E-02
    1.3999500000E-05    1.2647482183E+00    7.5842999671E-02    6.2529154403E+00    5.4692536076E-02
    1.4999500000E-05    1.2642406922E+00    8.4398017671E-02    6.2400144830E+00    5.4478456729E-02
    1.5999500000E-05    1.2636357005E+00    9.3255476248E-02    6.2265256793E+00    5.4239411045E-02
    1.6999500000E-05    1.2629214307E+00    1.0244222731E-01    6.2123811932E+00    5.3976427024E-02
    1.7999500000E-05    1.2620842722E+00    1.1198181222E-01    6.1975139980E+00    5.3690817516E-02
    1.8999500000E-05    1.2611087430E+00    1.2189279747E-01    6.1818579232E+00    5.3384202768E-02
    1.9999500000E-05    1.2599771156E+00    1.3219332197E-01    6.1653501376E+00    5.3058533535E-02
    2.0999500000E-05    1.2586690914E+00    1.4290198541E-01    6.1479322696E+00    5.2716091636E-02
    2.1999500000E-05    1.2571626887E+00    1.5402038122E-01    6.1295445619E+00    5.2359509462E-02
    2.2999500000E-05    1.2554336633E+00    1.6554433308E-01    6.1101309634E+00    5.1991740182E-02
    2.3999500000E-05    1.2534545077E+00    1.7747476255E-01    6.0896437377E+00    5.1615988871E-02
    2.4999500000E-05    1.2511957394E+00    1.8979904194E-01    6.0680371551E+00    5.1235715401E-02
    2.5999500000E-05    1.2486259486E+00    2.0249329532E-01    6.0452686058E+00    5.0854479662E-02
    2.6999500000E-05    1.2457120226E+00    2.1552354278E-01    6.0212990965E+00    5.0475852627E-02
    2.7999500000E-05    1.2424156688E+00    2.2887585402E-01    5.9961040104E+00    5.0103397706E-02
    2.8999500000E-05    1.2387001261E+00    2.4249967143E-01    5.9696521747E+00    4.9740560807E-02
    2.9999500000E-05    1.2345268617E+00    2.5634361870E-01    5.9419183385E+00    4.9390603460E-02
    3.0999500000E-05    1.2298535506E+00    2.7036775056E-01    5.9128868096E+00    4.9056604025E-02
    3.1999500000E-05    1.2246381438E+00    2.8451838520E-01    5.8825418846E+00    4.8741512751E-02
    3.2999500000E-05    1.2188388571E+00    2.9873420618E-01    5.8508694922E+00    4.8448131092E-02
    3.3999500000E-05    1.2124132361E+00    3.1295414486E-01    5.8178595337E+00    4.8179134878E-02
    3.4999500000E-05    1.2053187950E+00    3.2711562585E-01    5.7835049250E+00    4.7937090062E-02
    3.5999500000E-05    1.1975151085E+00    3.4114875652E-01    5.7477992548E+00    4.7724464696E-02
    3.6999500000E-05    1.1889624313E+00    3.5498375063E-01    5.7107388499E+00    4.7543540927E-02
    3.7999500000E-05    1.1796237909E+00    3.6854534220E-01    5.6723204591E+00    4.7396343257E-02
    3.8999500000E-05    1.1694653212E+00    3.8175435260E-01    5.6325412120E+00    4.7284607725E-02
    3.9999500000E-05    1.1584557460E+00    3.9453068519E-01    5.5913991345E+00    4.7209812668E-02
    4.0999500000E-05    1.1465685035E+00    4.0678997564E-01    5.5488917442E+00    4.7173296084E-02
    4.1999500000E-05    1.1337832341E+00    4.1844368627E-01    5.5050162096E+00    4.7176441492E-02
    4.2999500000E-05    1.1200865531E+00    4.2940117221E-01    5.4597706934E+00    4.7220859738E-02
    4.3999500000E-05    1.1054739728E+00    4.3956977805E-01    5.4131552976E+00    4.7308435279E-02
    4.4999500000E-05    1.0899516900E+00    4.4885554163E-01    5.3651730729E+00    4.7441120514E-02
    4.5999500000E-05    1.0735375959E+00    4.5716475784E-01    5.3158306867E+00    4.7620473577E-02
    4.6999500000E-05    1.0562642670E+00    4.6440303399E-01    5.2651368108E+00    4.7847074707E-02
    4.7999500000E-05    1.0381797368E+00    4.7047736128E-01    5.2131004976E+00    4.8119985799E-02
    4.8999500000E-05    1.0193409970E+00    4.7530358079E-01    5.1597319046E+00    4.8436552987E-02
    4.9999500000E-05    9.9981754710E-01    4.7880311695E-01    5.1050375634E+00    4.8792710618E-02
    5.0999500000E-05    9.7968765539E-01    4.8090585890E-01    5.0490198672E+00    4.9183221929E-02
    5.1999500000E-05    9.5903698787E-01    4.8155030196E-01    4.9916761289E+00    4.9602167147E-02
    5.2999500000E-05    9.3795257312E-01    4.8068562157E-01    4.9330012102E+00    5.0043406082E-02
    5.3999500000E-05    9.1652936709E-01    4.7826719237E-01    4.8729854369E+00    5.0500927380E-02
    5.4999500000E-05    8.9486754298E-01    4.7425852793E-01    4.8116180910E+00    5.0969078830E-02
    5.5999500000E-05    8.7306691732E-01    4.6863331344E-01    4.7488926309E+00    5.1442680507E-02
    5.6999500000E-05    8.5123646636E-01    4.6137288288E-01    4.6848038107E+00    5.1916937222E-02
    5.7999500000E-05    8.2948467033E-01    4.5246983074E-01    4.6193531999E+00    5.2387376337E-02
    5.8999500000E-05    8.0793099327E-01    4.4192612059E-01    4.5525421672E+00    5.2849453822E-02
    5.9999500000E-05    7.8668543594E-01    4.2975650348E-01    4.4843814718E+00    5.3298791272E-02
    6.0999500000E-05    7.6586115206E-01    4.1598618002E-01    4.4148830095E+00    5.3731448614E-02
    6.1999500000E-05    7.4557039062E-01    4.0065164834E-01    4.3440622313E+00    5.4144401938E-02
    6.2999500000E-05    7.2592454993E-01    3.8380048777E-01    4.2719402242E+00    5.4535579425E-02
    6.3999500000E-05    7.0703878565E-01    3.6549154189E-01    4.1985436820E+00    5.4903361072E-02
    6.4999500000E-05    6.8903550284E-01    3.4579600231E-01    4.1239044355E+00    5.5245705662E-02
    6.5999500000E-05    6.7203750488E-01    3.2479656893E-01    4.0480639118E+00    5.5559019878E-02
    6.6999500000E-05    6.5617388529E-01    3.0258983016E-01    3.9710669154E+00    5.5837776790E-02
    6.7999500000E-05    6.4156617740E-01    2.7928505044E-01    3.8929698295E+00    5.6075121797E-02
    6.8999500000E-05    6.2830998534E-01    2.5499820979E-01    3.8138554578E+00    5.6263994559E-02
    6.9999500000E-05    6.1649822219E-01    2.2985986689E-01    3.7338164906E+00    5.6398425422E-02
    7.0999500000E-05    6.0619961567E-01    2.0400622459E-01    3.6529729515E+00    5.6474275581E-02
    7.1999500000E-05    5.9745653349E-01    1.7757289439E-01    3.5714705878E+00    5.6489425498E-02
    7.2999500000E-05    5.9029027730E-01    1.5069121813E-01    3.4894690059E+00    5.6443604835E-02
    7.3999500000E-05    5.8470256063E-01    1.2348334362E-01    3.4071326726E+00    5.6337926581E-02
    7.4999500000E-05    5.8067830585E-01    9.6059219189E-02    3.3246249473E+00    5.6174115632E-02
    7.5999500000E-05    5.7820252182E-01    6.8524472121E-02    3.2420967091E+00    5.5953408783E-02
    7.6999500000E-05    5.7724409599E-01    4.0970616238E-02    3.1597064136E+00    5.5675429722E-02
    7.7999500000E-05    5.7775654923E-01    1.3476304049E-02    3.0776226158E+00    5.5338067286E-02
    7.8999500000E-05    5.7972059927E-01   -1.3861331410E-02    2.9959922558E+00    5.4937666819E-02
    7.9999500000E-05    5.8309022466E-01   -4.0960156478E-02    2.9149767507E+00    5.4470435052E-02
    8.0999500000E-05    5.8783376268E-01   -6.7721695552E-02    2.8347129744E+00    5.3934553897E-02
    8.1999500000E-05    5.9388333657E-01   -9.4068844181E-02    2.7553400567E+00    5.3331676379E-02
    8.2999500000E-05    6.0118183308E-01   -1.1991093723E-01    2.6769637957E+00    5.2667748114E-02
    8.3999500000E-05    6.0966865612E-01   -1.4515647421E-01    2.5996706881E+00    5.1951510380E-02
    8.4999500000E-05    6.1927028666E-01   -1.6972473902E-01    2.5235370107E+00    5.1192844585E-02
    8.5999500000E-05    6.2993233187E-01   -1.9351982280E-01    2.4486160827E+00    5.0400245610E-02
    8.6999500000E-05    6.4157829165E-01   -2.1647318551E-01    2.3749619915E+00    4.9579422770E-02
    8.7999500000E-05    6.5416668222E-01   -2.3848547174E-01    2.3025993752E+00    4.8733193515E-02
    8.8999500000E-05    6.6762485753E-01   -2.5949532035E-01    2.2315566508E+00    4.7862624774E-02
    8.9999500000E-05    6.8188839097E-01   -2.7943506118E-01    2.1618474517E+00    4.6968522551E-02
    9.0999500000E-05    6.9688413255E-01   -2.9824737703E-01    2.0934823651E+00    4.6052485599E-02
    9.1999500000E-05    7.1253539418E-01   -3.1587677231E-01    2.0264704173E+00    4.5117386594E-02
    9.2999500000E-05    7.2875697812E-01   -3.3227722877E-01    1.9608236364E+00    4.4167032841E-02
    9.3999500000E-05    7.4545649749E-01   -3.4741449629E-01    1.8965560483E+00    4.3205582210E-02
    9.4999500000E-05    7.6253555826E-01   -3.6127083068E-01    1.8336805936E+00    4.2237064066E-02
    9.5999500000E-05    7.7990185534E-01   -3.7382706018E-01    1.7722011719E+00    4.1265099840E-02
    9.6999500000E-05    7.9745650364E-01   -3.8509375677E-01    1.7121152917E+00    4.0292930118E-02
    9.7999500000E-05    8.1510793430E-01   -3.9508721938E-01    1.6534085270E+00    3.9323525566E-02
    9.8999500000E-05    8.3277159043E-01   -4.0382948333E-01    1.5960562080E+00    3.8359777131E-02
    9.9999500000E-05    8.5036603521E-01   -4.1136055303E-01    1.5400279236E+00    3.7404652478E-02
    1.0099950000E-04    8.6781767328E-01   -4.1772596640E-01    1.4852896780E+00    3.6461137222E-02
    1.0199950000E-04    8.8506169655E-01   -4.2297011351E-01    1.4318071238E+00    3.5532026094E-02
    1.0299950000E-04    9.0203986925E-01   -4.2714163696E-01    1.3795486913E+00    3.4619851063E-02
    1.0399950000E-04    9.1870073380E-01   -4.3029376026E-01    1.3284868971E+00    3.3726673094E-02
    1.0499950000E-04    9.3500039379E-01   -4.3247734594E-01    1.2785981811E+00    3.2853998010E-02
    1.0599950000E-04    9.5090150462E-01   -4.3374481317E-01    1.2298624813E+00    3.2002850982E-02
    1.0699950000E-04    9.6637305569E-01   -4.3414811860E-01    1.1822620511E+00    3.1173935549E-02
    1.0799950000E-04    9.8138984830E-01   -4.3373879780E-01    1.1357803720E+00    3.0367799007E-02
    1.0899950000E-04    9.9593176320E-01   -4.3256889223E-01    1.0904014912E+00    2.9585144564E-02
    1.0999950000E-04    1.0099832759E+00   -4.3068855396E-01    1.0461096312E+00    2.8826810489E-02
    1.1099950000E-04    1.0235329587E+00   -4.2814709573E-01    1.0028892820E+00    2.8093817391E-02
    1.1199950000E-04    1.0365729586E+00   -4.2499167626E-01    9.6072546239E-01    2.7387251745E-02
    1.1299950000E-04    1.0490986007E+00   -4.2126692875E-01    9.1960401126E-01    2.6708095225E-02
    1.1399950000E-04    1.0611081752E+00   -4.1701489535E-01    8.7951172902E-01    2.6057046377E-02
    1.1499950000E-04    1.0726023738E+00   -4.1227472341E-01    8.4043630792E-01    2.5434461241E-02
    1.1599950000E-04    1.0835842068E+00   -4.0708331852E-01    8.0236619276E-01    2.4840307496E-02
    1.1699950000E-04    1.0940583712E+00   -4.0147576041E-01    7.6529037130E-01    2.4274317259E-02
    1.1799950000E-04    1.1040307582E+00   -3.9548583709E-01    7.2919827627E-01    2.3736098990E-02
    1.1899950000E-04    1.1135085657E+00   -3.8914706335E-01    6.9407992652E-01    2.3225248339E-02
    1.1999950000E-04    1.1225000454E+00   -3.8249278212E-01    6.5992609755E-01    2.2741413315E-02
    1.2099950000E-04    1.1310140348E+00   -3.7555603861E-01    6.2672849965E-01    2.2284288434E-02
    1.2199950000E-04    1.1390605937E+00   -3.6836974350E-01    5.9448002866E-01    2.1853562386E-02
    1.2299950000E-04    1.1466508486E+00   -3.6096630659E-01    5.6317479255E-01    2.1448888832E-02
    1.2399950000E-04    1.1537967009E+00   -3.5337748437E-01    5.3280796621E-01    2.1069863320E-02
    1.2499950000E-04    1.1605110037E+00   -3.4563441812E-01    5.0337571176E-01    2.0716029921E-02
    1.2599950000E-04    1.1668079965E+00   -3.3776742545E-01    4.7487521835E-01    2.0386915790E-02
    1.2699950000E-04    1.1727020316E+00   -3.2980646948E-01    4.4730408689E-01    2.0082050473E-02
    1.2799950000E-04    1.1782084646E+00   -3.2178082603E-01    4.2066058978E-01    1.9800972477E-02
    1.2899950000E-04    1.1833425620E+00   -3.1371975196E-01    3.9494306472E-01    1.9543213482E-02
    1.2999950000E-04    1.1881211151E+00   -3.0565078616E-01    3.7015058083E-01    1.9308271492E-02
    1.3099950000E-04    1.1925605643E+00   -2.9760107189E-01    3.4628188704E-01    1.9095576504E-02
    1.3199950000E-04    1.1966772043E+00   -2.8959717943E-01    3.2333524205E-01    1.8904450912E-02
    1.3299950000E-04    1.2004880006E+00   -2.8166361240E-01    3.0130875087E-01    1.8734092812E-02
    1.3399950000E-04    1.2040096753E+00   -2.7382367588E-01    2.8019963244E-01    1.8583571959E-02
    1.3499950000E-04    1.2072587183E+00   -2.6609930886E-01    2.6000402943E-01    1.8451839240E-02
    1.3599950000E-04    1.2102515774E+00   -2.5851044535E-01    2.4071705988E-01    1.8337747816E-02
    1.3699950000E-04    1.2130044299E+00   -2.5107514051E-01    2.2233262212E-01    1.8240080559E-02
    1.3799950000E-04    1.2155329409E+00   -2.4380993800E-01    2.0484318166E-01    1.8157579233E-02
    1.3899950000E-04    1.2178522369E+00   -2.3672985042E-01    1.8823977644E-01    1.8088972311E-02
    1.3999950000E-04    1.2199768934E+00   -2.2984828962E-01    1.7251209688E-01    1.8032999501E-02
    1.4099950000E-04    1.2219208925E+00   -2.2317708605E-01    1.5764858000E-01    1.7988432261E-02
    1.4199950000E-04    1.2236975700E+00   -2.1672657983E-01    1.4363651410E-01    1.7954090402E-02
    1.4299950000E-04    1.2253195818E+00   -2.1050570700E-01    1.3046217436E-01    1.7928855083E-02
    1.4399950000E-04    1.2267988856E+00   -2.0452207948E-01    1.1811098289E-01    1.7911678608E-02
    1.4499950000E-04    1.2281467333E+00   -1.9878206441E-01    1.0656768426E-01    1.7901591435E-02
    1.4599950000E-04    1.2293736711E+00   -1.9329086796E-01    9.5816529164E-02    1.7897706771E-02
    1.4699950000E-04    1.2304895465E+00   -1.8805262578E-01    8.5841460292E-02    1.7899223066E-02
    1.4799950000E-04    1.2315035193E+00   -1.8307050034E-01    7.6626295945E-02    1.7905424676E-02
    1.4899950000E-04    1.2324240773E+00   -1.7834678380E-01    6.8154908213E-02    1.7915680991E-02
    1.4999950000E-04    1.2332590552E+00   -1.7388300401E-01    6.0411393371E-02    1.7929444258E-02
    1.5099950000E-04    1.2340156561E+00   -1.6968003174E-01    5.3380232763E-02    1.7946246380E-02
    1.5199950000E-04    1.2347004750E+00   -1.6573818715E-01    4.7046442976E-02    1.7965694925E-02
    1.5299950000E-04    1.2353195235E+00   -1.6205734390E-01    4.1395714461E-02    1.7987468589E-02
    1.5399950000E-04    1.2358782551E+00   -1.5863702998E-01    3.6414538192E-02    1.8011312308E-02
    1.5499950000E-04    1.2363815899E+00   -1.5547652425E-01    3.2090320253E-02    1.8037032216E-02
    1.5599950000E-04    1.2368339389E+00   -1.5257494804E-01    2.8411484568E-02    1.8064490569E-02
    1.5699950000E-04    1.2372392271E+00   -1.4993135132E-01    2.5367564228E-02    1.8093600778E-02
    1.5799950000E-04    1.2376009144E+00   -1.4754479296E-01    2.2949282043E-02    1.8124322591E-02
    1.5899950000E-04    1.2379220156E+00   -1.4541441475E-01    2.1148621063E-02    1.8156657515E-02
    1.5999950000E-04    1.2382051169E+00   -1.4353950845E-01    1.9958886014E-02    1.8190644472E-02
    1.6099950000E-04    1.2384523903E+00   -1.4191957681E-01    1.9374756063E-02    1.8226355720E-02
    1.6199950000E-04    1.2386656050E+00   -1.4055439060E-01    1.9392328989E-02    1.8263893022E-02
    1.6299950000E-04    1.2388461361E+00   -1.3944403375E-01    2.0009160235E-02    1.8303384028E-02
    1.6399950000E-04    1.2389949703E+00   -1.3858893912E-01    2.1224296379E-02    1.8344978862E-02
    1.6499950000E-04    1.2391127086E+00   -1.3798991559E-01    2.3038303149E-02    1.8388846850E-02
    1.6599950000E-04    1.2391995654E+00   -1.3764816614E-01    2.5453288241E-02    1.8435173380E-02
    1.6699950000E-04    1.2392553644E+00   -1.3756529673E-01    2.8472919074E-02    1.8484156817E-02
    1.6799950000E-04    1.2392795299E+00   -1.3774332014E-01    3.2102433710E-02    1.8536005448E-02
    1.6899950000E-04    1.2392710727E+00   -1.3818466875E-01    3.6348639139E-02    1.8590934370E-02
    1.6999950000E-04    1.2392285724E+00   -1.3889219054E-01    4.1219905365E-02    1.8649162303E-02
    1.7099950000E-04    1.2391501558E+00   -1.3986913784E-01    4.6726151299E-02    1.8710908276E-02
    1.7199950000E-04    1.2390334709E+00   -1.4111915027E-01    5.2878820926E-02    1.8776388135E-02
    1.7299950000E-04    1.2388756561E+00   -1.4264622438E-01    5.9690851310E-02    1.8845810824E-02
    1.7399950000E-04    1.2386733175E+00   -1.4445457913E-01    6.7176664863E-02    1.8919374459E-02
    1.7499950000E-04    1.2384224981E+00   -1.4654854480E-01    7.5352137708E-02    1.8997262207E-02
    1.7599950000E-04    1.2381186341E+00   -1.4893251329E-01    8.4234528381E-02    1.9079637805E-02
    1.7699950000E-04    1.2377565129E+00   -1.5161083665E-01    9.3842406800E-02    1.9166640745E-02
    1.7799950000E-04    1.2373301949E+00   -1.5458796514E-01    1.0419547502E-01    1.9258381093E-02
    1.7899950000E-04    1.2368329340E+00   -1.5786853599E-01    1.1531438413E-01    1.9354933804E-02
    1.7999950000E-04    1.2362571438E+00   -1.6145706979E-01    1.2722067237E-01    1.9456333006E-02
    1.8099950000E-04    1.2355943800E+00   -1.6535753529E-01    1.3993672859E-01    1.9562566357E-02
    1.8199950000E-04    1.2348354232E+00   -1.6957223733E-01    1.5348597954E-01    1.9673569914E-02
    1.8299950000E-04    1.2339701777E+00   -1.7410211415E-01    1.6789254484E-01    1.9789223429E-02
    1.8399950000E-04    1.2329875277E+00   -1.7894727918E-01    1.8318078705E-01    1.9909345968E-02
    1.8499950000E-04    1.2318750999E+00   -1.8410807360E-01    1.9937466601E-01    2.0033691779E-02
    1.8599950000E-04    1.2306193654E+00   -1.8958380832E-01    2.1649792599E-01    2.0161947175E-02
    1.8699950000E-04    1.2292058119E+00   -1.9537130245E-01    2.3457435130E-01    2.0293729396E-02
    1.8799950000E-04    1.2276189858E+00   -2.0146450076E-01    2.5362763320E-01    2.0428587811E-02
    1.8899950000E-04    1.2258422893E+00   -2.0785561350E-01    2.7368070670E-01    2.0566006693E-02
    1.8999950000E-04    1.2238578187E+00   -2.1453585481E-01    2.9475526980E-01    2.0705409117E-02
    1.9099950000E-04    1.2216466112E+00   -2.2149397615E-01    3.1687211655E-01    2.0846162663E-02
    1.9199950000E-04    1.2191890188E+00   -2.2871460617E-01    3.4005156412E-01    2.0987589259E-02
    1.9299950000E-04    1.2164646621E+00   -2.3617908093E-01    3.6431305976E-01    2.1128979709E-02
    1.9399950000E-04    1.2134522021E+00   -2.4386700605E-01    3.8967460161E-01    2.1269607771E-02
    1.9499950000E-04    1.2101294814E+00   -2.5175593843E-01    4.1615287394E-01    2.1408741822E-02
    1.9599950000E-04    1.2064739401E+00   -2.5982013072E-01    4.4376375251E-01    2.1545658880E-02
    1.9699950000E-04    1.2024627712E+00   -2.6803070915E-01    4.7252236004E-01    2.1679661827E-02
    1.9799950000E-04    1.1980729962E+00   -2.7635618805E-01    5.0244306020E-01    2.1810096097E-02
    1.9899950000E-04    1.1932818020E+00   -2.8476203219E-01    5.3353981969E-01    2.1936364069E-02
    1.9999950000E-04    1.1880668987E+00   -2.9321036093E-01    5.6582652208E-01    2.2057938062E-02
    2.0099950000E-04    1.1824066250E+00   -3.0166058141E-01    5.9931695288E-01    2.2174369920E-02
    2.0199950000E-04    1.1762798563E+00   -3.1007042287E-01    6.3402462258E-01    2.2285291474E-02
    2.0299950000E-04    1.1696664852E+00   -3.1839512643E-01    6.6996318720E-01    2.2390405316E-02
    2.0399950000E-04    1.1625481029E+00   -3.2658640503E-01    7.0714686151E-01    2.2489468735E-02
    2.0499950000E-04    1.1549086668E+00   -3.3459185203E-01    7.4559058154E-01    2.2582271470E-02
    2.0599950000E-04    1.1467346810E+00   -3.4235574021E-01    7.8530957630E-01    2.2668603604E-02
    2.0699950000E-04    1.1380156500E+00   -3.4981914517E-01    8.2631907052E-01    2.2748215838E-02
    2.0799950000E-04    1.1287447291E+00   -3.5691983528E-01    8.6863398986E-01    2.2820780967E-02
    2.0899950000E-04    1.1189195476E+00   -3.6359214258E-01    9.1226864713E-01    2.2885866586E-02
    2.0999950000E-04    1.1085429514E+00   -3.6976734841E-01    9.5723628963E-01    2.2942927989E-02
    2.1099950000E-04    1.0976236679E+00   -3.7537445753E-01    1.0035486165E+00    2.2991325905E-02
    2.1199950000E-04    1.0861768937E+00   -3.8034124956E-01    1.0512153548E+00    2.3030369655E-02
    2.1299950000E-04    1.0742247670E+00   -3.8459555825E-01    1.1002439315E+00    2.3059381443E-02
    2.1399950000E-04    1.0617966953E+00   -3.8806670060E-01    1.1506392462E+00    2.3077774084E-02
    2.1499950000E-04    1.0489294709E+00   -3.9068702270E-01    1.2024035003E+00    2.3085133713E-02
    2.1599950000E-04    1.0356671354E+00   -3.9239347061E-01    1.2555360330E+00    2.3081299378E-02
    2.1699950000E-04    1.0220606150E+00   -3.9312904285E-01    1.3100331342E+00    2.3066431311E-02
    2.1799950000E-04    1.0081671498E+00   -3.9284401730E-01    1.3658878095E+00    2.3041057511E-02
    2.1899950000E-04    9.9404958676E-01   -3.9149684052E-01    1.4230895045E+00    2.3006084452E-02
    2.1999950000E-04    9.7977567815E-01   -3.8905456618E-01    1.4816238346E+00    2.2962756099E-02
    2.2099950000E-04    9.6541752195E-01   -3.8549282379E-01    1.5414723632E+00    2.2912550602E-02
    2.2199950000E-04    9.5105112997E-01   -3.8079547894E-01    1.6026124191E+00    2.2857017969E-02
    2.2299950000E-04    9.3675606187E-01   -3.7495417865E-01    1.6650169266E+00    2.2797581688E-02
    2.2399950000E-04    9.2261499625E-01   -3.6796799150E-01    1.7286541984E+00    2.2735347206E-02
    2.2499950000E-04    9.0871312650E-01   -3.5984328636E-01    1.7934876383E+00    2.2670971749E-02
    2.2599950000E-04    8.9513739568E-01   -3.5059386320E-01    1.8594753360E+00    2.2604645218E-02
    2.2699950000E-04    8.8197574657E-01   -3.4024123598E-01    1.9265695740E+00    2.2536207937E-02
    2.2799950000E-04    8.6931594209E-01   -3.2881522320E-01    1.9947161282E+00    2.2465389964E-02
    2.2899950000E-04    8.5724373953E-01   -3.1635469256E-01    2.0638533985E+00    2.2392107177E-02
    2.2999950000E-04    8.4584070983E-01   -3.0290805143E-01    2.1339115881E+00    2.2316717744E-02
    2.3099950000E-04    8.3518248636E-01   -2.8853305484E-01    2.2048122482E+00    2.2240142844E-02
    2.3199950000E-04    8.2533864170E-01   -2.7329569658E-01    2.2764684833E+00    2.2163795867E-02
    2.3299950000E-04    8.1637263021E-01   -2.5726899377E-01    2.3487854941E+00    2.2089332047E-02
    2.3399950000E-04    8.0834103380E-01   -2.4053190316E-01    2.4216614478E+00    2.2018296301E-02
    2.3499950000E-04    8.0129230647E-01   -2.2316829341E-01    2.4949888097E+00    2.1951794189E-02
    2.3599950000E-04    7.9526665710E-01   -2.0526575819E-01    2.5686562686E+00    2.1890309909E-02
    2.3699950000E-04    7.9029660575E-01   -1.8691464242E-01    2.6425507759E+00    2.1833737984E-02
    2.3799950000E-04    7.8640630307E-01   -1.6820753934E-01    2.7165591048E+00    2.1781602332E-02
    2.3899950000E-04    7.8361001972E-01   -1.4923886401E-01    2.7905688238E+00    2.1733355783E-02
    2.3999950000E-04    7.8191051717E-01   -1.3010418851E-01    2.8644687452E+00    2.1688625906E-02
    2.4099950000E-04    7.8129817793E-01   -1.1089921354E-01    2.9381490904E+00    2.1647309234E-02
    2.4199950000E-04    7.8175171508E-01   -9.1718494250E-02    3.0115017174E+00    2.1609492825E-02
    2.4299950000E-04    7.8323944998E-01   -7.2654156073E-02    3.0844207139E+00    2.1575260086E-02
    2.4399950000E-04    7.8572062921E-01   -5.3794685806E-02    3.1568036436E+00    2.1544482020E-02
    2.4499950000E-04    7.8914668981E-01   -3.5223847391E-02    3.2285534466E+00    2.1516691133E-02
    2.4599950000E-04    7.9346243231E-01   -1.7019777268E-02    3.2995806288E+00    2.1491093638E-02
    2.4699950000E-04    7.9860710494E-01    7.4569042447E-04    3.3698051481E+00    2.1466719380E-02
    2.4799950000E-04    8.0451539717E-01    1.8007448756E-02    3.4391574413E+00    2.1442661401E-02
    2.4899950000E-04    8.1111835209E-01    3.4707323355E-02    3.5075783013E+00    2.1418332029E-02
    2.4999950000E-04    8.1834422891E-01    5.0794137080E-02    3.5750176881E+00    2.1393662869E-02
    2.5099950000E-04    8.2611935364E-01    6.6223737870E-02    3.6414328745E+00    2.1369196998E-02
    2.5199950000E-04    8.3436890863E-01    8.0959107010E-02    3.7067864825E+00    2.1346054515E-02
    2.5299950000E-04    8.4301773088E-01    9.4970587313E-02    3.7710448999E+00    2.1325787417E-02
    2.5399950000E-04    8.5199138358E-01    1.0823610331E-01    3.8341773239E+00    2.1310166971E-02
    2.5499950000E-04    8.6121741362E-01    1.2074125858E-01    3.8961554604E+00    2.1300960077E-02
    2.5599950000E-04    8.7062659203E-01    1.3247923429E-01    3.9569537340E+00    2.1299747901E-02
    2.5699950000E-04    8.8015394338E-01    1.4345046896E-01    4.0165497699E+00    2.1307822418E-02
    2.5799950000E-04    8.8973948267E-01    1.5366213280E-01    4.0749248985E+00    2.1326171450E-02
    2.5899950000E-04    8.9932867799E-01    1.6312742939E-01    4.1320644977E+00    2.1355538532E-02
    2.5999950000E-04    9.0887266780E-01    1.7186479285E-01    4.1879580905E+00    2.1396526958E-02
    2.6099950000E-04    9.1832815742E-01    1.7989714141E-01    4.2425992427E+00    2.1449710600E-02
    2.6199950000E-04    9.2765687710E-01    1.8725141455E-01    4.2959853833E+00    2.1515718061E-02
    2.6299950000E-04    9.3682556700E-01    1.9395780571E-01    4.3481173976E+00    2.1595267497E-02
    2.6399950000E-04    9.4580624392E-01    2.0004873014E-01    4.3989990731E+00    2.1689143665E-02
    2.6499950000E-04    9.5457635379E-01    2.0555775898E-01    4.4486365252E+00    2.1798126065E-02
    2.6599950000E-04    9.6311771917E-01    2.1051954867E-01    4.4970379760E+00    2.1922890922E-02
    2.6699950000E-04    9.7141486647E-01    2.1497059819E-01    4.5442138249E+00    2.2063921748E-02
    2.6799950000E-04    9.7945622373E-01    2.1894741242E-01    4.5901758711E+00    2.2221457045E-02
    2.6899950000E-04    9.8723697873E-01    2.2248234024E-01    4.6349358326E+00    2.2395468694E-02
    2.6999950000E-04    9.9475413579E-01    2.2560745816E-01    4.6785066290E+00    2.2585666141E-02
    2.7099950000E-04    1.0020037922E+00    2.2835736096E-01    4.7209033081E+00    2.2791559047E-02
    2.7199950000E-04    1.0089857520E+00    2.3076349261E-01    4.7621412461E+00    2.3012537436E-02
    2.7299950000E-04    1.0157018730E+00    2.3285532738E-01    4.8022366639E+00    2.3247926764E-02
    2.7399950000E-04    1.0221560268E+00    2.3465983147E-01    4.8412065099E+00    2.3497053554E-02
    2.7499950000E-04    1.0283515075E+00    2.3620479113E-01    4.8790697310E+00    2.3759289329E-02
    2.7599950000E-04    1.0342929230E+00    2.3751612201E-01    4.9158464338E+00    2.4034111356E-02
    2.7699950000E-04    1.0399866269E+00    2.3861679212E-01    4.9515574661E+00    2.4321116548E-02
    2.7799950000E-04    1.0454385818E+00    2.3952991182E-01    4.9862254056E+00    2.4620032819E-02
    2.7899950000E-04    1.0506556126E+00    2.4027662944E-01    5.0198736079E+00    2.4930712601E-02
    2.7999950000E-04    1.0556446662E+00    2.4087724386E-01    5.0525265984E+00    2.5253117319E-02
    2.8099950000E-04    1.0604131326E+00    2.4135045622E-01    5.0842093161E+00    2.5587262883E-02
    2.8199950000E-04    1.0649686774E+00    2.4171349787E-01    5.1149468706E+00    2.5933165600E-02
    2.8299950000E-04    1.0693186188E+00    2.4198314208E-01    5.1447642912E+00    2.6290813840E-02
    2.8399950000E-04    1.0734718669E+00    2.4217174237E-01    5.1736853619E+00    2.6660062549E-02
    2.8499950000E-04    1.0774357743E+00    2.4229335612E-01    5.2017336451E+00    2.7040612843E-02
    2.8599950000E-04    1.0812176769E+00    2.4236058946E-01    5.2289312389E+00    2.7432032021E-02
    2.8699950000E-04    1.0848251214E+00    2.4238390692E-01    5.2552983174E+00    2.7833731763E-02
    2.8799950000E-04    1.0882651478E+00    2.4237311845E-01    5.2808534116E+00    2.8245012643E-02
    2.8899950000E-04    1.0915437173E+00    2.4233885824E-01    5.3056136671E+00    2.8665104493E-02
    2.8999950000E-04    1.0946669489E+00    2.4228956492E-01    5.3295938529E+00    2.9093180238E-02
    2.9099950000E-04    1.0976411237E+00    2.4223110533E-01    5.3528064106E+00    2.9528500162E-02
    2.9199950000E-04    1.1004697429E+00    2.4217524180E-01    5.3752642363E+00    2.9970369735E-02
    2.9299950000E-04    1.1031581076E+00    2.4212705253E-01    5.3969767788E+00    3.0418160634E-02
    2.9399950000E-04    1.1057120426E+00    2.4208786913E-01    5.4179513159E+00    3.0871407695E-02
    2.9499950000E-04    1.1081318617E+00    2.4207457669E-01    5.4381992723E+00    3.1329721694E-02
    2.9599950000E-04    1.1104247079E+00    2.4208124538E-01    5.4577241002E+00    3.1792818620E-02
    2.9699950000E-04    1.1125934734E+00    2.4211386440E-01    5.4765329563E+00    3.2260508026E-02
    2.9799950000E-04    1.1146392643E+00    2.4218369025E-01    5.4946342393E+00    3.2732653508E-02
    2.9899950000E-04    1.1165675075E+00    2.4228599926E-01    5.5120311050E+00    3.3209168651E-02
    2.9999950000E-04    1.1183800485E+00    2.4242769795E-01    5.5287303754E+00    3.3689905702E-02
    3.0099950000E-04    1.1200799207E+00    2.4261043671E-01    5.5447370212E+00    3.4174811109E-02
    3.0199950000E-04    1.1216693815E+00    2.4283823186E-01    5.5600569569E+00    3.4663760575E-02
    3.0299950000E-04    1.1231518998E+00    2.4310948095E-01    5.5746940683E+00    3.5156612819E-02
    3.0399950000E-04    1.1245296134E+00    2.4342691661E-01    5.5886536501E+00    3.5653274291E-02
    3.0499950000E-04    1.1258037609E+00    2.4379672691E-01    5.6019421574E+00    3.6153558404E-02
    3.0599950000E-04    1.1269826013E+00    2.4419379576E-01    5.6145554620E+00    3.6657343885E-02
    3.0699950000E-04    1.1280585323E+00    2.4466111028E-01    5.6265119651E+00    3.7164492609E-02
    3.0799950000E-04    1.1290389697E+00    2.4517616199E-01    5.6378083772E+00    3.7674783353E-02
    3.0899950000E-04    1.1299266700E+00    2.4573530355E-01    5.6484473667E+00    3.8188015951E-02
    3.0999950000E-04    1.1307204621E+00    2.4635233434E-01    5.6584372356E+00    3.8704067017E-02
    3.1099950000E-04    1.1314253846E+00    2.4701145478E-01    5.6677764006E+00    3.9222780173E-02
    3.1199950000E-04    1.1320397584E+00    2.4772793966E-01    5.6764733228E+00    3.9743976284E-02
    3.1299950000E-04    1.1325665792E+00    2.4849386429E-01    5.6845287555E+00    4.0267589342E-02
    3.1399950000E-04    1.1330079035E+00    2.4930508985E-01    5.6919445050E+00    4.0793406670E-02
    3.1499950000E-04    1.1333627888E+00    2.5017134509E-01    5.6987267824E+00    4.1321394504E-02
    3.1599950000E-04    1.1336361876E+00    2.5107202752E-01    5.7048717502E+00    4.1851417411E-02
    3.1699950000E-04    1.1338233516E+00    2.5203513136E-01    5.7103911861E+00    4.2383309186E-02
    3.1799950000E-04    1.1339277426E+00    2.5304560345E-01    5.7152827940E+00    4.2917121188E-02
    3.1899950000E-04    1.1339498991E+00    2.5410290392E-01    5.7195488849E+00    4.3452685944E-02
    3.1999950000E-04    1.1338896480E+00    2.5520899100E-01    5.7231924801E+00    4.3990022308E-02
    3.2099950000E-04    1.1337479942E+00    2.5635899080E-01    5.7262142264E+00    4.4529044747E-02
    3.2199950000E-04    1.1335240253E+00    2.5755720235E-01    5.7286176866E+00    4.5069716571E-02
    3.2299950000E-04    1.1332181811E+00    2.5879981638E-01    5.7304036768E+00    4.5612039176E-02
    3.2399950000E-04    1.1328299976E+00    2.6008708841E-01    5.7315742013E+00    4.6155936148E-02
    3.2499950000E-04    1.1323592041E+00    2.6141707879E-01    5.7321304935E+00    4.6701467150E-02
    3.2599950000E-04    1.1318055906E+00    2.6278707361E-01    5.7320733852E+00    4.7248485142E-02
    3.2699950000E-04    1.1311672647E+00    2.6420181179E-01    5.7314059597E+00    4.7797081844E-02
    3.2799950000E-04    1.1304439607E+00    2.6565675552E-01    5.7301283019E+00    4.8347260676E-02
    3.2899950000E-04    1.1296343536E+00    2.6715215268E-01    5.7282419886E+00    4.8899001137E-02
    3.2999950000E-04    1.1287374869E+00    2.6868529205E-01    5.7257475583E+00    4.9452342148E-02
    3.3099950000E-04    1.1277518462E+00    2.7025565767E-01    5.7226461221E+00    5.0007232721E-02
    3.3199950000E-04    1.1266757497E+00    2.7186252604E-01    5.7189387485E+00    5.0563733077E-02
    3.3299950000E-04    1.1255078124E+00    2.7350291322E-01    5.7146255762E+00    5.1121806258E-02
    3.3399950000E-04    1.1242457631E+00    2.7517737970E-01    5.7097078972E+00    5.1681483975E-02
    3.3499950000E-04    1.1228886447E+00    2.7687914883E-01    5.7041844600E+00    5.2242734703E-02
    3.3599950000E-04    1.1214324237E+00    2.7861580350E-01    5.6980584814E+00    5.2805493304E-02
    3.3699950000E-04    1.1198756137E+00    2.8038109252E-01    5.6913286421E+00    5.3369862016E-02
    3.3799950000E-04    1.1182154639E+00    2.8217444119E-01    5.6839953197E+00    5.3935763203E-02
    3.3899950000E-04    1.1164493158E+00    2.8399370135E-01    5.6760583047E+00    5.4503247529E-02
    3.3999950000E-04    1.1145748619E+00    2.8583442664E-01    5.6675163250E+00    5.5072234366E-02
    3.4099950000E-04    1.1125877086E+00    2.8770060525E-01    5.6583708041E+00    5.5642767224E-02
    3.4199950000E-04    1.1104860651E+00    2.8958357412E-01    5.6486187043E+00    5.6214818879E-02
    3.4299950000E-04    1.1082647152E+00    2.9148885378E-01    5.6382614309E+00    5.6788395852E-02
    3.4399950000E-04    1.1059236131E+00    2.9339875759E-01    5.6272925170E+00    5.7363530204E-02
    3.4499950000E-04    1.1034534833E+00    2.9533366525E-01    5.6157174714E+00    5.7940159235E-02
    3.4599950000E-04    1.1008526456E+00    2.9728038581E-01    5.6035307378E+00    5.8518484903E-02
    3.4699950000E-04    1.0981165026E+00    2.9923716710E-01    5.5907300355E+00    5.9098547663E-02
    3.4799950000E-04    1.0952400109E+00    3.0120262865E-01    5.5773129723E+00    5.9680540814E-02
    3.4899950000E-04    1.0922196464E+00    3.0316850353E-01    5.5632743596E+00    6.0264630488E-02
    3.4999950000E-04    1.0890475790E+00    3.0514130258E-01    5.5486136787E+00    6.0851107919E-02
    3.5099950000E-04    1.0857204017E+00    3.0710979978E-01    5.5333240691E+00    6.1440304949E-02
    3.5199950000E-04    1.0822301292E+00    3.0907785888E-01    5.5174034187E+00    6.2032645063E-02
    3.5299950000E-04    1.0785750407E+00    3.1102641135E-01    5.5008415184E+00    6.2628673219E-02
    3.5399950000E-04    1.0747416076E+00    3.1297451410E-01    5.4836406936E+00    6.3229043663E-02
    3.5499950000E-04    1.0707262702E+00    3.1490640934E-01    5.4657915962E+00    6.3834420843E-02
    3.5599950000E-04    1.0665216538E+00    3.1681739435E-01    5.4472881360E+00    6.4445649020E-02
    3.5699950000E-04    1.0621194019E+00    3.1870409026E-01    5.4281244608E+00    6.5063639474E-02
    3.5799950000E-04    1.0575120268E+00    3.2055874834E-01    5.4082930638E+00    6.5689468369E-02
    3.5899950000E-04    1.0526903798E+00    3.2237689038E-01    5.3877874619E+00    6.6324193194E-02
    3.5999950000E-04    1.0476461448E+00    3.2414975543E-01    5.3665994167E+00    6.6969015366E-02
    3.6099950000E-04    1.0423681042E+00    3.2587445862E-01    5.3447224305E+00    6.7625109489E-02
    3.6199950000E-04    1.0368491611E+00    3.2753537538E-01    5.3221452570E+00    6.8293747628E-02
    3.6299950000E-04    1.0310795347E+00    3.2912270340E-01    5.2988587960E+00    6.8976012781E-02
    3.6399950000E-04    1.0250494985E+00    3.3062429381E-01    5.2748520564E+00    6.9672997634E-02
    3.6499950000E-04    1.0187463040E+00    3.3203282128E-01    5.2501148802E+00    7.0385628416E-02
    3.6599950000E-04    1.0121638302E+00    3.3332426501E-01    5.2246304595E+00    7.1114629207E-02
    3.6699950000E-04    1.0052891152E+00    3.3448780708E-01    5.1983850731E+00    7.1860489818E-02
    3.6799950000E-04    9.9811381955E-01    3.3550080699E-01    5.1713593810E+00    7.2623419277E-02
    3.6899950000E-04    9.9062662642E-01    3.3634469436E-01    5.1435331163E+00    7.3403239168E-02
    3.6999950000E-04    9.8282045619E-01    3.3699127145E-01    5.1148815985E+00    7.4199637750E-02
    3.7099950000E-04    9.7468490769E-01    3.3741694254E-01    5.0853792258E+00    7.5011989658E-02
    3.7199950000E-04    9.6621395705E-01    3.3758896913E-01    5.0549952388E+00    7.5839453553E-02
    3.7299950000E-04    9.5740027630E-01    3.3747604026E-01    5.0236974733E+00    7.6681110736E-02
    3.7399950000E-04    9.4823901912E-01    3.3704228565E-01    4.9914509298E+00    7.7536093548E-02
    3.7499950000E-04    9.3872698014E-01    3.3624934370E-01    4.9582186049E+00    7.8403681592E-02
    3.7599950000E-04    9.2886347323E-01    3.3505613136E-01    4.9239627828E+00    7.9283481729E-02
    3.7699950000E-04    9.1865059109E-01    3.3341937762E-01    4.8886457179E+00    8.0175560727E-02
    3.7799950000E-04    9.0809378231E-01    3.3129386936E-01    4.8522302715E+00    8.1080489900E-02
    3.7899950000E-04    8.9720133030E-01    3.2863426888E-01    4.8146814235E+00    8.1999441154E-02
    3.7999950000E-04    8.8599226544E-01    3.2538670820E-01    4.7759637485E+00    8.2934204753E-02
