 sig=    1.000000000000000      inputfile=
 /home/rjrj524/Finished/vmec_gc_tracer/revised_251128/nc/wout_pwO_nfp2_A6.nc                                                                                                                             
 dt=   5.0000000000000003E-010
 steps=      5000000
 x0=   4.0000000000000001E-002    3.080000000000000      
    6.410000000000000     
 u=   -16700.00000000000     
 v_perp=    133000.0000000000     
 
time(s)         x0(1)       x0(2)        x0(3)      r
    9.9950000000E-07    1.2582924709E+00   -2.5195522789E-02    6.3986970995E+00    4.0135662622E-02
    1.9995000000E-06    1.2586059895E+00   -1.8217755896E-02    6.3877025803E+00    4.0251989535E-02
    2.9995000000E-06    1.2588608561E+00   -1.1374201673E-02    6.3769708039E+00    4.0348939606E-02
    3.9995000000E-06    1.2590608099E+00   -4.6374456606E-03    6.3664511817E+00    4.0426588105E-02
    4.9995000000E-06    1.2592087334E+00    2.0191565640E-03    6.3560929330E+00    4.0485042209E-02
    5.9995000000E-06    1.2593067058E+00    8.6215515264E-03    6.3458451531E+00    4.0524432284E-02
    6.9995000000E-06    1.2593560402E+00    1.5195214887E-02    6.3356569243E+00    4.0544905683E-02
    7.9995000000E-06    1.2593573072E+00    2.1765385932E-02    6.3254774168E+00    4.0546623437E-02
    8.9995000000E-06    1.2593103417E+00    2.8357313669E-02    6.3152559860E+00    4.0529759898E-02
    9.9995000000E-06    1.2592142394E+00    3.4996200705E-02    6.3049421522E+00    4.0494505329E-02
    1.0999500000E-05    1.2590673427E+00    4.1707246226E-02    6.2944856238E+00    4.0441071057E-02
    1.1999500000E-05    1.2588672159E+00    4.8515567914E-02    6.2838362863E+00    4.0369696262E-02
    1.2999500000E-05    1.2586106128E+00    5.5446018120E-02    6.2729441684E+00    4.0280655833E-02
    1.3999500000E-05    1.2582934358E+00    6.2523016858E-02    6.2617594403E+00    4.0174269018E-02
    1.4999500000E-05    1.2579106975E+00    6.9770040961E-02    6.2502323126E+00    4.0050910725E-02
    1.5999500000E-05    1.2574564917E+00    7.7208976892E-02    6.2383129267E+00    3.9911032837E-02
    1.6999500000E-05    1.2569239358E+00    8.4860295789E-02    6.2259516138E+00    3.9755186771E-02
    1.7999500000E-05    1.2563051056E+00    9.2742981207E-02    6.2130990926E+00    3.9584037003E-02
    1.8999500000E-05    1.2555909521E+00    1.0087460876E-01    6.1997067755E+00    3.9398370758E-02
    1.9999500000E-05    1.2547713185E+00    1.0926947942E-01    6.1857263752E+00    3.9199115379E-02
    2.0999500000E-05    1.2538348351E+00    1.1793953492E-01    6.1711105937E+00    3.8987346055E-02
    2.1999500000E-05    1.2527683703E+00    1.2690135305E-01    6.1558161393E+00    3.8764285115E-02
    2.2999500000E-05    1.2515576349E+00    1.3616387797E-01    6.1397994715E+00    3.8531316736E-02
    2.3999500000E-05    1.2501873153E+00    1.4572750345E-01    6.1230168643E+00    3.8289976268E-02
    2.4999500000E-05    1.2486402018E+00    1.5559552770E-01    6.1054290655E+00    3.8041942334E-02
    2.5999500000E-05    1.2468985532E+00    1.6575700137E-01    6.0869952207E+00    3.7789012977E-02
    2.6999500000E-05    1.2449419817E+00    1.7621093898E-01    6.0676821382E+00    3.7533072807E-02
    2.7999500000E-05    1.2427479621E+00    1.8695691677E-01    6.0474609676E+00    3.7276117104E-02
    2.8999500000E-05    1.2402947176E+00    1.9796991744E-01    6.0262981221E+00    3.7020183648E-02
    2.9999500000E-05    1.2375575919E+00    2.0923535794E-01    6.0041681161E+00    3.6767330285E-02
    3.0999500000E-05    1.2345124345E+00    2.2072181236E-01    5.9810436358E+00    3.6519601043E-02
    3.1999500000E-05    1.2311324062E+00    2.3240657719E-01    5.9569045751E+00    3.6278984703E-02
    3.2999500000E-05    1.2273877878E+00    2.4427352016E-01    5.9317370190E+00    3.6047487327E-02
    3.3999500000E-05    1.2232515683E+00    2.5628104884E-01    5.9055217303E+00    3.5827064514E-02
    3.4999500000E-05    1.2186949251E+00    2.6839283019E-01    5.8782446903E+00    3.5619588619E-02
    3.5999500000E-05    1.2136883881E+00    2.8057114910E-01    5.8498944819E+00    3.5426862808E-02
    3.6999500000E-05    1.2082024536E+00    2.9277509961E-01    5.8204613839E+00    3.5250607156E-02
    3.7999500000E-05    1.2022073550E+00    3.0496270408E-01    5.7899378180E+00    3.5092450208E-02
    3.8999500000E-05    1.1956743823E+00    3.1708700636E-01    5.7583166887E+00    3.4953914858E-02
    3.9999500000E-05    1.1885759075E+00    3.2909786433E-01    5.7255916514E+00    3.4836382764E-02
    4.0999500000E-05    1.1808850944E+00    3.4094398149E-01    5.6917574481E+00    3.4741065823E-02
    4.1999500000E-05    1.1725765584E+00    3.5257169330E-01    5.6568091409E+00    3.4668999992E-02
    4.2999500000E-05    1.1636270147E+00    3.6392439328E-01    5.6207416105E+00    3.4621062889E-02
    4.3999500000E-05    1.1540157722E+00    3.7494274688E-01    5.5835494357E+00    3.4598022651E-02
    4.4999500000E-05    1.1437250967E+00    3.8556535580E-01    5.5452271155E+00    3.4600621752E-02
    4.5999500000E-05    1.1327408656E+00    3.9572892309E-01    5.5057693446E+00    3.4629676588E-02
    4.6999500000E-05    1.1210533538E+00    4.0536841805E-01    5.4651714861E+00    3.4686153281E-02
    4.7999500000E-05    1.1086581058E+00    4.1441729231E-01    5.4234301437E+00    3.4771173453E-02
    4.8999500000E-05    1.0955570797E+00    4.2280746248E-01    5.3805435159E+00    3.4885916242E-02
    4.9999500000E-05    1.0817598515E+00    4.3046947285E-01    5.3365114519E+00    3.5031413958E-02
    5.0999500000E-05    1.0672835214E+00    4.3733427776E-01    5.2913357112E+00    3.5208292105E-02
    5.1999500000E-05    1.0521515768E+00    4.4333553914E-01    5.2450200599E+00    3.5416576858E-02
    5.2999500000E-05    1.0363960819E+00    4.4840828532E-01    5.1975682009E+00    3.5655613300E-02
    5.3999500000E-05    1.0200571923E+00    4.5249053111E-01    5.1489829318E+00    3.5924004460E-02
    5.4999500000E-05    1.0031796589E+00    4.5552637327E-01    5.0992665141E+00    3.6219682912E-02
    5.5999500000E-05    9.8581970400E-01    4.5746135204E-01    5.0484163728E+00    3.6540027240E-02
    5.6999500000E-05    9.6802619455E-01    4.5825356007E-01    4.9964331936E+00    3.6881968705E-02
    5.7999500000E-05    9.4985788948E-01    4.5786171838E-01    4.9433121749E+00    3.7242310763E-02
    5.8999500000E-05    9.3138242074E-01    4.5624708160E-01    4.8890442351E+00    3.7617649444E-02
    5.9999500000E-05    9.1266815642E-01    4.5337752329E-01    4.8336208699E+00    3.8004590106E-02
    6.0999500000E-05    8.9378621854E-01    4.4922618867E-01    4.7770343862E+00    3.8399780299E-02
    6.1999500000E-05    8.7481459732E-01    4.4377099251E-01    4.7192772877E+00    3.8799923112E-02
    6.2999500000E-05    8.5583610874E-01    4.3699638936E-01    4.6603441439E+00    3.9201756394E-02
    6.3999500000E-05    8.3693161929E-01    4.2889481678E-01    4.6002355775E+00    3.9602021319E-02
    6.4999500000E-05    8.1818832612E-01    4.1946594551E-01    4.5389537586E+00    3.9997527119E-02
    6.5999500000E-05    7.9969175454E-01    4.0871812845E-01    4.4765064546E+00    4.0385314618E-02
    6.6999500000E-05    7.8152805215E-01    3.9666816972E-01    4.4129054819E+00    4.0762796344E-02
    6.7999500000E-05    7.6378423927E-01    3.8334185496E-01    4.3481662860E+00    4.1128088178E-02
    6.8999500000E-05    7.4654513876E-01    3.6877311461E-01    4.2823103370E+00    4.1479773180E-02
    6.9999500000E-05    7.2989651683E-01    3.5300365543E-01    4.2153635339E+00    4.1816596055E-02
    7.0999500000E-05    7.1393026695E-01    3.3608396972E-01    4.1473518756E+00    4.2137107708E-02
    7.1999500000E-05    6.9873349267E-01    3.1807085557E-01    4.0783089789E+00    4.2439108594E-02
    7.2999500000E-05    6.8439777394E-01    2.9902958909E-01    4.0082689979E+00    4.2719360051E-02
    7.3999500000E-05    6.7102007184E-01    2.7903640269E-01    3.9372656973E+00    4.2973746839E-02
    7.4999500000E-05    6.5867300282E-01    2.5816853834E-01    3.8653570726E+00    4.3197677214E-02
    7.5999500000E-05    6.4742327624E-01    2.3650971404E-01    3.7926133026E+00    4.3386585986E-02
    7.6999500000E-05    6.3734280243E-01    2.1415667878E-01    3.7191086246E+00    4.3536507541E-02
    7.7999500000E-05    6.2848135295E-01    1.9120647567E-01    3.6449424611E+00    4.3644424414E-02
    7.8999500000E-05    6.2087525247E-01    1.6775780296E-01    3.5702282271E+00    4.3708521170E-02
    7.9999500000E-05    6.1454682500E-01    1.4390818167E-01    3.4950878972E+00    4.3728248475E-02
    8.0999500000E-05    6.0950396044E-01    1.1975079703E-01    3.4196469764E+00    4.3704153062E-02
    8.1999500000E-05    6.0574421458E-01    9.5374238623E-02    3.3440283836E+00    4.3637433498E-02
    8.2999500000E-05    6.0325798476E-01    7.0862589154E-02    3.2683507962E+00    4.3529272954E-02
    8.3999500000E-05    6.0202830908E-01    4.6294264957E-02    3.1927321777E+00    4.3380159974E-02
    8.4999500000E-05    6.0203986130E-01    2.1748115212E-02    3.1172861938E+00    4.3189444514E-02
    8.5999500000E-05    6.0328039956E-01   -2.6942447719E-03    3.0421237578E+00    4.2955257160E-02
    8.6999500000E-05    6.0570988942E-01   -2.6969334797E-02    2.9673736229E+00    4.2675213377E-02
    8.7999500000E-05    6.0930402634E-01   -5.0999287623E-02    2.8931453977E+00    4.2347448454E-02
    8.8999500000E-05    6.1402545288E-01   -7.4712270083E-02    2.8195460911E+00    4.1971417795E-02
    8.9999500000E-05    6.1980799252E-01   -9.8056180364E-02    2.7466844159E+00    4.1548793277E-02
    9.0999500000E-05    6.2663754439E-01   -1.2093323855E-01    2.6746215536E+00    4.1083470493E-02
    9.1999500000E-05    6.3444764945E-01   -1.4328689685E-01    2.6034368362E+00    4.0580806807E-02
    9.2999500000E-05    6.4318539870E-01   -1.6504960751E-01    2.5331897826E+00    4.0046898025E-02
    9.3999500000E-05    6.5279080763E-01   -1.8616333435E-01    2.4639345230E+00    3.9487199288E-02
    9.4999500000E-05    6.6323038375E-01   -2.0654745229E-01    2.3957058526E+00    3.8905708245E-02
    9.5999500000E-05    6.7443501805E-01   -2.2616185054E-01    2.3285477670E+00    3.8304742748E-02
    9.6999500000E-05    6.8636861473E-01   -2.4493617036E-01    2.2624815180E+00    3.7685366867E-02
    9.7999500000E-05    6.9897421749E-01   -2.6282514959E-01    2.1975299425E+00    3.7048095742E-02
    9.8999500000E-05    7.1219260947E-01   -2.7978869428E-01    2.1337097152E+00    3.6393664657E-02
    9.9999500000E-05    7.2597220609E-01   -2.9577640223E-01    2.0710304194E+00    3.5723483635E-02
    1.0099950000E-04    7.4024229912E-01   -3.1076238454E-01    2.0095057253E+00    3.5039816826E-02
    1.0199950000E-04    7.5493887604E-01   -3.2471149627E-01    1.9491455719E+00    3.4345539261E-02
    1.0299950000E-04    7.6998388561E-01   -3.3761209668E-01    1.8899625442E+00    3.3643810227E-02
    1.0399950000E-04    7.8530669518E-01   -3.4944603061E-01    1.8319641997E+00    3.2937687805E-02
    1.0499950000E-04    8.0083179691E-01   -3.6021156055E-01    1.7751550236E+00    3.2229899925E-02
    1.0599950000E-04    8.1648624591E-01   -3.6991451382E-01    1.7195328006E+00    3.1522739392E-02
    1.0699950000E-04    8.3220321243E-01   -3.7856184900E-01    1.6650876904E+00    3.0818140803E-02
    1.0799950000E-04    8.4791336230E-01   -3.8618356162E-01    1.6118041757E+00    3.0117682061E-02
    1.0899950000E-04    8.6355907473E-01   -3.9279962979E-01    1.5596600228E+00    2.9422785367E-02
    1.0999950000E-04    8.7908384829E-01   -3.9844500882E-01    1.5086300605E+00    2.8734801043E-02
    1.1099950000E-04    8.9443827224E-01   -4.0315291704E-01    1.4586875890E+00    2.8055059532E-02
    1.1199950000E-04    9.0957706770E-01   -4.0696181901E-01    1.4098067474E+00    2.7384877888E-02
    1.1299950000E-04    9.2446019390E-01   -4.0991082414E-01    1.3619638757E+00    2.6725493265E-02
    1.1399950000E-04    9.3905213359E-01   -4.1204083335E-01    1.3151383436E+00    2.6078057589E-02
    1.1499950000E-04    9.5332217090E-01   -4.1339257504E-01    1.2693126810E+00    2.5443540367E-02
    1.1599950000E-04    9.6724388693E-01   -4.1400754719E-01    1.2244721507E+00    2.4822782054E-02
    1.1699950000E-04    9.8079522178E-01   -4.1392722303E-01    1.1806040492E+00    2.4216447544E-02
    1.1799950000E-04    9.9395813927E-01   -4.1319255681E-01    1.1376968702E+00    2.3625135022E-02
    1.1899950000E-04    1.0067183859E+00   -4.1184422004E-01    1.0957395875E+00    2.3049393794E-02
    1.1999950000E-04    1.0190650821E+00   -4.0992188379E-01    1.0547211807E+00    2.2489817095E-02
    1.2099950000E-04    1.0309904263E+00   -4.0746442947E-01    1.0146304076E+00    2.1947036149E-02
    1.2199950000E-04    1.0424892676E+00   -4.0450899718E-01    9.7545584643E-01    2.1421714677E-02
    1.2299950000E-04    1.0535589219E+00   -4.0109167780E-01    9.3718598020E-01    2.0914491937E-02
    1.2399950000E-04    1.0641988483E+00   -3.9724648347E-01    8.9980945898E-01    2.0425896293E-02
    1.2499950000E-04    1.0744103724E+00   -3.9300542678E-01    8.6331523843E-01    1.9956294326E-02
    1.2599950000E-04    1.0841966352E+00   -3.8839888597E-01    8.2769266836E-01    1.9505832518E-02
    1.2699950000E-04    1.0935619988E+00   -3.8345480986E-01    7.9293156308E-01    1.9074443944E-02
    1.2799950000E-04    1.1025121119E+00   -3.7819992419E-01    7.5902215686E-01    1.8661886923E-02
    1.2899950000E-04    1.1110536253E+00   -3.7265980855E-01    7.2595514768E-01    1.8267809122E-02
    1.2999950000E-04    1.1191937421E+00   -3.6685894831E-01    6.9372175523E-01    1.7891821901E-02
    1.3099950000E-04    1.1269403813E+00   -3.6082140659E-01    6.6231381425E-01    1.7533535578E-02
    1.3199950000E-04    1.1343017660E+00   -3.5457073788E-01    6.3172388405E-01    1.7192604079E-02
    1.3299950000E-04    1.1412869334E+00   -3.4813045389E-01    6.0194539772E-01    1.6868722776E-02
    1.3399950000E-04    1.1479047331E+00   -3.4152338062E-01    5.7297260973E-01    1.6561614086E-02
    1.3499950000E-04    1.1541650988E+00   -3.3477231065E-01    5.4480072470E-01    1.6271011889E-02
    1.3599950000E-04    1.1600780265E+00   -3.2789948432E-01    5.1742569671E-01    1.5996651741E-02
    1.3699950000E-04    1.1656539858E+00   -3.2092679001E-01    4.9084413702E-01    1.5738264675E-02
    1.3799950000E-04    1.1709040155E+00   -3.1387568544E-01    4.6505323609E-01    1.5495575801E-02
    1.3899950000E-04    1.1758397420E+00   -3.0676714686E-01    4.4005063669E-01    1.5268329866E-02
    1.3999950000E-04    1.1804724338E+00   -2.9962204053E-01    4.1583391421E-01    1.5056275389E-02
    1.4099950000E-04    1.1848140359E+00   -2.9246069535E-01    3.9240086521E-01    1.4859158887E-02
    1.4199950000E-04    1.1888766705E+00   -2.8530297865E-01    3.6974921177E-01    1.4676720587E-02
    1.4299950000E-04    1.1926721643E+00   -2.7816866384E-01    3.4787621818E-01    1.4508671348E-02
    1.4399950000E-04    1.1962128522E+00   -2.7107649692E-01    3.2677897074E-01    1.4354676279E-02
    1.4499950000E-04    1.1995113798E+00   -2.6404392374E-01    3.0645424993E-01    1.4214341397E-02
    1.4599950000E-04    1.2025800521E+00   -2.5708769555E-01    2.8689804542E-01    1.4087201195E-02
    1.4699950000E-04    1.2054308955E+00   -2.5022378068E-01    2.6810544710E-01    1.3972714789E-02
    1.4799950000E-04    1.2080758908E+00   -2.4346685295E-01    2.5007074030E-01    1.3870270420E-02
    1.4899950000E-04    1.2105269035E+00   -2.3683017721E-01    2.3278735382E-01    1.3779195004E-02
    1.4999950000E-04    1.2127955272E+00   -2.3032575227E-01    2.1624774452E-01    1.3698767279E-02
    1.5099950000E-04    1.2148930101E+00   -2.2396438692E-01    2.0044335535E-01    1.3628233218E-02
    1.5199950000E-04    1.2168302300E+00   -2.1775570759E-01    1.8536464092E-01    1.3566821822E-02
    1.5299950000E-04    1.2186176747E+00   -2.1170816523E-01    1.7100112546E-01    1.3513759881E-02
    1.5399950000E-04    1.2202654149E+00   -2.0582907801E-01    1.5734147444E-01    1.3468284945E-02
    1.5499950000E-04    1.2217830752E+00   -2.0012470618E-01    1.4437357452E-01    1.3429656249E-02
    1.5599950000E-04    1.2231798172E+00   -1.9460032388E-01    1.3208462980E-01    1.3397163551E-02
    1.5699950000E-04    1.2244643294E+00   -1.8926028634E-01    1.2046127021E-01    1.3370133986E-02
    1.5799950000E-04    1.2256448256E+00   -1.8410809402E-01    1.0948966738E-01    1.3347937104E-02
    1.5899950000E-04    1.2267290470E+00   -1.7914645573E-01    9.9155653830E-02    1.3329988325E-02
    1.5999950000E-04    1.2277242684E+00   -1.7437735220E-01    8.9444841914E-02    1.3315751048E-02
    1.6099950000E-04    1.2286373071E+00   -1.6980210089E-01    8.0342739949E-02    1.3304737608E-02
    1.6199950000E-04    1.2294745346E+00   -1.6542142208E-01    7.1834863654E-02    1.3296509291E-02
    1.6299950000E-04    1.2302418893E+00   -1.6123550584E-01    6.3906841545E-02    1.3290675579E-02
    1.6399950000E-04    1.2309448914E+00   -1.5724407907E-01    5.6544513503E-02    1.3286892759E-02
    1.6499950000E-04    1.2315886589E+00   -1.5344647183E-01    4.9734022024E-02    1.3284862071E-02
    1.6599950000E-04    1.2321779240E+00   -1.4984168217E-01    4.3461895951E-02    1.3284327481E-02
    1.6699950000E-04    1.2327170506E+00   -1.4642843871E-01    3.7715126740E-02    1.3285073215E-02
    1.6799950000E-04    1.2332100513E+00   -1.4320526055E-01    3.2481237409E-02    1.3286921140E-02
    1.6899950000E-04    1.2336606053E+00   -1.4017051396E-01    2.7748344439E-02    1.3289728078E-02
    1.6999950000E-04    1.2340720748E+00   -1.3732246582E-01    2.3505213003E-02    1.3293383112E-02
    1.7099950000E-04    1.2344475221E+00   -1.3465933354E-01    1.9741305975E-02    1.3297804953E-02
    1.7199950000E-04    1.2347897253E+00   -1.3217933134E-01    1.6446827225E-02    1.3302939397E-02
    1.7299950000E-04    1.2351011931E+00   -1.2988071289E-01    1.3612759718E-02    1.3308756907E-02
    1.7399950000E-04    1.2353841788E+00   -1.2776181050E-01    1.1230898922E-02    1.3315250339E-02
    1.7499950000E-04    1.2356406936E+00   -1.2582107072E-01    9.2938820696E-03    1.3322432822E-02
    1.7599950000E-04    1.2358725177E+00   -1.2405708673E-01    7.7952137636E-03    1.3330335805E-02
    1.7699950000E-04    1.2360812113E+00   -1.2246862738E-01    6.7292884030E-03    1.3339007252E-02
    1.7799950000E-04    1.2362681231E+00   -1.2105466327E-01    6.0914098667E-03    1.3348509995E-02
    1.7899950000E-04    1.2364343989E+00   -1.1981438980E-01    5.8778088423E-03    1.3358920233E-02
    1.7999950000E-04    1.2365809869E+00   -1.1874724753E-01    6.0856581423E-03    1.3370326155E-02
    1.8099950000E-04    1.2367086432E+00   -1.1785293988E-01    6.7130862943E-03    1.3382826688E-02
    1.8199950000E-04    1.2368179351E+00   -1.1713144825E-01    7.7591896349E-03    1.3396530339E-02
    1.8299950000E-04    1.2369092421E+00   -1.1658304483E-01    9.2240430805E-03    1.3411554133E-02
    1.8399950000E-04    1.2369827573E+00   -1.1620830293E-01    1.1108709682E-02    1.3428022611E-02
    1.8499950000E-04    1.2370384844E+00   -1.1600810518E-01    1.3415249009E-02    1.3446066888E-02
    1.8599950000E-04    1.2370762359E+00   -1.1598364935E-01    1.6146724348E-02    1.3465823737E-02
    1.8699950000E-04    1.2370956269E+00   -1.1613645195E-01    1.9307208622E-02    1.3487434694E-02
    1.8799950000E-04    1.2370960692E+00   -1.1646834945E-01    2.2901788866E-02    1.3511045158E-02
    1.8899950000E-04    1.2370767620E+00   -1.1698149716E-01    2.6936569045E-02    1.3536803465E-02
    1.8999950000E-04    1.2370366816E+00   -1.1767836553E-01    3.1418670892E-02    1.3564859922E-02
    1.9099950000E-04    1.2369745685E+00   -1.1856173368E-01    3.6356232394E-02    1.3595365778E-02
    1.9199950000E-04    1.2368889128E+00   -1.1963467999E-01    4.1758403500E-02    1.3628472108E-02
    1.9299950000E-04    1.2367779377E+00   -1.2090056377E-01    4.7635340571E-02    1.3664328602E-02
    1.9399950000E-04    1.2366395822E+00   -1.2236299558E-01    5.3998199831E-02    1.3703082224E-02
    1.9499950000E-04    1.2364714805E+00   -1.2402581085E-01    6.0859123712E-02    1.3744875741E-02
    1.9599950000E-04    1.2362709393E+00   -1.2589303572E-01    6.8231223081E-02    1.3789846087E-02
    1.9699950000E-04    1.2360349135E+00   -1.2796884584E-01    7.6128554259E-02    1.3838122552E-02
    1.9799950000E-04    1.2357599803E+00   -1.3025751779E-01    8.4566089835E-02    1.3889824790E-02
    1.9899950000E-04    1.2354423109E+00   -1.3276337288E-01    9.3559682407E-02    1.3945060632E-02
    1.9999950000E-04    1.2350776359E+00   -1.3549075167E-01    1.0312600618E-01    1.4003923698E-02
    2.0099950000E-04    1.2346611978E+00   -1.3844406857E-01    1.1328245755E-01    1.4066490768E-02
    2.0199950000E-04    1.2341877210E+00   -1.4162769665E-01    1.2404710489E-01    1.4132818961E-02
    2.0299950000E-04    1.2336513776E+00   -1.4504587419E-01    1.3543861716E-01    1.4202942792E-02
    2.0399950000E-04    1.2330457499E+00   -1.4870261806E-01    1.4747617659E-01    1.4276871122E-02
    2.0499950000E-04    1.2323638191E+00   -1.5260144558E-01    1.6017944682E-01    1.4354584069E-02
    2.0599950000E-04    1.2315979863E+00   -1.5674488763E-01    1.7356860215E-01    1.4436030150E-02
    2.0699950000E-04    1.2307400108E+00   -1.6113463099E-01    1.8766411818E-01    1.4521123626E-02
    2.0799950000E-04    1.2297809759E+00   -1.6577146315E-01    2.0248662350E-01    1.4609742112E-02
    2.0899950000E-04    1.2287112115E+00   -1.7065550683E-01    2.1805663947E-01    1.4701724619E-02
    2.0999950000E-04    1.2275201932E+00   -1.7578656080E-01    2.3439427978E-01    1.4796869754E-02
    2.1099950000E-04    1.2261966078E+00   -1.8116338468E-01    2.5151932847E-01    1.4894934569E-02
    2.1199950000E-04    1.2247283833E+00   -1.8678332699E-01    2.6945119706E-01    1.4995634458E-02
    2.1299950000E-04    1.2231027992E+00   -1.9264160065E-01    2.8820901276E-01    1.5098644384E-02
    2.1399950000E-04    1.2213064446E+00   -1.9873157883E-01    3.0781135753E-01    1.5203601697E-02
    2.1499950000E-04    1.2193251766E+00   -2.0504507919E-01    3.2827603575E-01    1.5310109955E-02
    2.1599950000E-04    1.2171440530E+00   -2.1157276173E-01    3.4961984444E-01    1.5417743587E-02
    2.1699950000E-04    1.2147474603E+00   -2.1830354347E-01    3.7185870903E-01    1.5526053152E-02
    2.1799950000E-04    1.2121193016E+00   -2.2522393025E-01    3.9500787327E-01    1.5634572604E-02
    2.1899950000E-04    1.2092432055E+00   -2.3231748740E-01    4.1908205989E-01    1.5742829128E-02
    2.1999950000E-04    1.2061024777E+00   -2.3956559604E-01    4.4409525228E-01    1.5850354699E-02
    2.2099950000E-04    1.2026800454E+00   -2.4694810965E-01    4.7006056158E-01    1.5956695392E-02
    2.2199950000E-04    1.1989585603E+00   -2.5444327867E-01    4.9699038041E-01    1.6061418601E-02
    2.2299950000E-04    1.1949206766E+00   -2.6202710859E-01    5.2489673454E-01    1.6164119799E-02
    2.2399950000E-04    1.1905492585E+00   -2.6967317288E-01    5.5379148617E-01    1.6264430151E-02
    2.2499950000E-04    1.1858274368E+00   -2.7735301380E-01    5.8368634440E-01    1.6362022550E-02
    2.2599950000E-04    1.1807387003E+00   -2.8503635570E-01    6.1459293713E-01    1.6456613615E-02
    2.2699950000E-04    1.1752671349E+00   -2.9269085152E-01    6.4652302152E-01    1.6547961605E-02
    2.2799950000E-04    1.1693977033E+00   -3.0028181726E-01    6.7948865493E-01    1.6635860626E-02
    2.2899950000E-04    1.1631165669E+00   -3.0777197734E-01    7.1350231137E-01    1.6720132042E-02
    2.2999950000E-04    1.1564112076E+00   -3.1512183019E-01    7.4857671910E-01    1.6800611966E-02
    2.3099950000E-04    1.1492706425E+00   -3.2228974893E-01    7.8472473241E-01    1.6877134498E-02
    2.3199950000E-04    1.1416856888E+00   -3.2923201051E-01    8.2195917158E-01    1.6949512846E-02
    2.3299950000E-04    1.1336494192E+00   -3.3590251586E-01    8.6029273079E-01    1.7017521157E-02
    2.3399950000E-04    1.1251577679E+00   -3.4225243826E-01    8.9973789900E-01    1.7080882119E-02
    2.3499950000E-04    1.1162100010E+00   -3.4823040732E-01    9.4030670707E-01    1.7139262179E-02
    2.3599950000E-04    1.1068091118E+00   -3.5378297600E-01    9.8201041578E-01    1.7192274907E-02
    2.3699950000E-04    1.0969621029E+00   -3.5885535800E-01    1.0248591689E+00    1.7239492642E-02
    2.3799950000E-04    1.0866802161E+00   -3.6339224540E-01    1.0688616886E+00    1.7280465444E-02
    2.3899950000E-04    1.0759793348E+00   -3.6733835901E-01    1.1140251401E+00    1.7314747449E-02
    2.3999950000E-04    1.0648802832E+00   -3.7063919685E-01    1.1603549915E+00    1.7341930008E-02
    2.4099950000E-04    1.0534090029E+00   -3.7324192081E-01    1.2078548668E+00    1.7361679724E-02
    2.4199950000E-04    1.0415965950E+00   -3.7509631667E-01    1.2565263837E+00    1.7373779475E-02
    2.4299950000E-04    1.0294792215E+00   -3.7615575573E-01    1.3063689711E+00    1.7378169436E-02
    2.4399950000E-04    1.0170978854E+00   -3.7637807551E-01    1.3573796700E+00    1.7374983050E-02
    2.4499950000E-04    1.0044981140E+00   -3.7572630701E-01    1.4095529239E+00    1.7364570134E-02
    2.4599950000E-04    9.9172957887E-01   -3.7416920106E-01    1.4628803688E+00    1.7347497449E-02
    2.4699950000E-04    9.7884568115E-01   -3.7168153066E-01    1.5173506302E+00    1.7324517796E-02
    2.4799950000E-04    9.6590314977E-01   -3.6824416671E-01    1.5729491401E+00    1.7296503477E-02
    2.4899950000E-04    9.5296170620E-01   -3.6384394953E-01    1.6296579868E+00    1.7264348780E-02
    2.4999950000E-04    9.4008383684E-01   -3.5847342152E-01    1.6874558005E+00    1.7228857017E-02
    2.5099950000E-04    9.2733464778E-01   -3.5213054339E-01    1.7463176530E+00    1.7190636893E-02
    2.5199950000E-04    9.1478168502E-01   -3.4481854746E-01    1.8062149270E+00    1.7150036696E-02
    2.5299950000E-04    9.0249444679E-01   -3.3654610192E-01    1.8671150784E+00    1.7107140105E-02
    2.5399950000E-04    8.9054309664E-01   -3.2732794516E-01    1.9289811933E+00    1.7061832875E-02
    2.5499950000E-04    8.7899690176E-01   -3.1718551186E-01    1.9917715317E+00    1.7013930426E-02
    2.5599950000E-04    8.6792282243E-01   -3.0614728251E-01    2.0554391676E+00    1.6963337575E-02
    2.5699950000E-04    8.5738456515E-01   -2.9424874470E-01    2.1199317680E+00    1.6910196311E-02
    2.5799950000E-04    8.4744223481E-01   -2.8153199189E-01    2.1851915015E+00    1.6854974411E-02
    2.5899950000E-04    8.3815229226E-01   -2.6804515266E-01    2.2511550014E+00    1.6798460093E-02
    2.5999950000E-04    8.2956677715E-01   -2.5384198198E-01    2.3177532694E+00    1.6741654480E-02
    2.6099950000E-04    8.2173212901E-01   -2.3898136887E-01    2.3849117751E+00    1.6685586593E-02
    2.6199950000E-04    8.1468905558E-01   -2.2352641807E-01    2.4525510867E+00    1.6631107562E-02
    2.6299950000E-04    8.0847308336E-01   -2.0754347317E-01    2.5205879121E+00    1.6578733301E-02
    2.6399950000E-04    8.0311514175E-01   -1.9110136899E-01    2.5889363507E+00    1.6528589536E-02
    2.6499950000E-04    7.9864144532E-01   -1.7427102353E-01    2.6575091300E+00    1.6480476202E-02
    2.6599950000E-04    7.9507215628E-01   -1.5712526008E-01    2.7262186482E+00    1.6434023853E-02
    2.6699950000E-04    7.9241997405E-01   -1.3973849466E-01    2.7949778083E+00    1.6388881158E-02
    2.6799950000E-04    7.9068947249E-01   -1.2218619170E-01    2.8637005476E+00    1.6344863388E-02
    2.6899950000E-04    7.8987698583E-01   -1.0454418622E-01    2.9323020049E+00    1.6302009961E-02
    2.6999950000E-04    7.8997086977E-01   -8.6887931163E-02    3.0006984776E+00    1.6260536213E-02
    2.7099950000E-04    7.9095192031E-01   -6.9291704364E-02    3.0688074516E+00    1.6220704881E-02
    2.7199950000E-04    7.9279381777E-01   -5.1827788738E-02    3.1365479987E+00    1.6182670710E-02
    2.7299950000E-04    7.9546353221E-01   -3.4565639070E-02    3.2038417030E+00    1.6146358449E-02
    2.7399950000E-04    7.9892248300E-01   -1.7571149353E-02    3.2706140039E+00    1.6111419453E-02
    2.7499950000E-04    8.0312798862E-01   -9.0614482433E-04    3.3367956276E+00    1.6077282981E-02
    2.7599950000E-04    8.0803426350E-01    1.5371926550E-02    3.4023237691E+00    1.6043287614E-02
    2.7699950000E-04    8.1359288938E-01    3.1210184656E-02    3.4671427514E+00    1.6008854259E-02
    2.7799950000E-04    8.1975286455E-01    4.6560486843E-02    3.5312040254E+00    1.5973652120E-02
    2.7899950000E-04    8.2646049393E-01    6.1379646864E-02    3.5944655431E+00    1.5937714332E-02
    2.7999950000E-04    8.3365944982E-01    7.5629711944E-02    3.6568906849E+00    1.5901477270E-02
    2.8099950000E-04    8.4129128674E-01    8.9278233232E-02    3.7184469863E+00    1.5865740107E-02
    2.8199950000E-04    8.4929659994E-01    1.0229839226E-01    3.7791049043E+00    1.5831561785E-02
    2.8299950000E-04    8.5761661028E-01    1.1466890363E-01    3.8388368289E+00    1.5800125719E-02
    2.8399950000E-04    8.6619421281E-01    1.2637393877E-01    3.8976165905E+00    1.5772606888E-02
    2.8499950000E-04    8.7497451867E-01    1.3740311302E-01    3.9554194760E+00    1.5750069873E-02
    2.8599950000E-04    8.8390517029E-01    1.4775146103E-01    4.0122226092E+00    1.5733413749E-02
    2.8699950000E-04    8.9293659621E-01    1.5741932675E-01    4.0680054983E+00    1.5723366039E-02
    2.8799950000E-04    9.0202225873E-01    1.6641213126E-01    4.1227505746E+00    1.5720516622E-02
    2.8899950000E-04    9.1111886591E-01    1.7474003398E-01    4.1764435991E+00    1.5725375578E-02
    2.8999950000E-04    9.2018652080E-01    1.8241752370E-01    4.2290738792E+00    1.5738436566E-02
    2.9099950000E-04    9.2918883286E-01    1.8946295413E-01    4.2806342776E+00    1.5760228924E-02
    2.9199950000E-04    9.3809305672E-01    1.9589799839E-01    4.3311210191E+00    1.5791346112E-02
    2.9299950000E-04    9.4687031095E-01    2.0174697521E-01    4.3805333205E+00    1.5832444355E-02
    2.9399950000E-04    9.5549585670E-01    2.0703602870E-01    4.4288728851E+00    1.5884212219E-02
    2.9499950000E-04    9.6394923759E-01    2.1179230103E-01    4.4761433586E+00    1.5947318070E-02
    2.9599950000E-04    9.7221352241E-01    2.1604384666E-01    4.5223500413E+00    1.6022347071E-02
    2.9699950000E-04    9.8027427040E-01    2.1981998388E-01    4.5674997736E+00    1.6109743061E-02
    2.9799950000E-04    9.8811917548E-01    2.2315118812E-01    4.6116007163E+00    1.6209769227E-02
    2.9899950000E-04    9.9573858618E-01    2.2606806726E-01    4.6546619088E+00    1.6322495268E-02
    2.9999950000E-04    1.0031266908E+00    2.2859932857E-01    4.6966925935E+00    1.6447807448E-02
    3.0099950000E-04    1.0102799515E+00    2.3077269393E-01    4.7377026120E+00    1.6585436489E-02
    3.0199950000E-04    1.0171958933E+00    2.3261587815E-01    4.7777028601E+00    1.6735003120E-02
    3.0299950000E-04    1.0238739812E+00    2.3415515270E-01    4.8167049712E+00    1.6896071583E-02
    3.0399950000E-04    1.0303158302E+00    2.3541455360E-01    4.8547212560E+00    1.7068191291E-02
    3.0499950000E-04    1.0365224983E+00    2.3641939424E-01    4.8917660271E+00    1.7250930345E-02
    3.0599950000E-04    1.0424960243E+00    2.3719413475E-01    4.9278549131E+00    1.7443909661E-02
    3.0699950000E-04    1.0482413550E+00    2.3775896897E-01    4.9630037148E+00    1.7646816482E-02
    3.0799950000E-04    1.0537628780E+00    2.3813487021E-01    4.9972300465E+00    1.7859407682E-02
    3.0899950000E-04    1.0590652992E+00    2.3834224613E-01    5.0305527286E+00    1.8081512117E-02
    3.0999950000E-04    1.0641550049E+00    2.3839824898E-01    5.0629906109E+00    1.8313012817E-02
    3.1099950000E-04    1.0690371678E+00    2.3832185011E-01    5.0945641609E+00    1.8553828704E-02
    3.1199950000E-04    1.0737177762E+00    2.3813009959E-01    5.1252938956E+00    1.8803895068E-02
    3.1299950000E-04    1.0782037334E+00    2.3783747297E-01    5.1551997167E+00    1.9063131153E-02
    3.1399950000E-04    1.0825015924E+00    2.3745824439E-01    5.1843014826E+00    1.9331409299E-02
    3.1499950000E-04    1.0866176297E+00    2.3700630360E-01    5.2126185327E+00    1.9608538206E-02
    3.1599950000E-04    1.0905586630E+00    2.3649320960E-01    5.2401689201E+00    1.9894252038E-02
    3.1699950000E-04    1.0943316262E+00    2.3592883380E-01    5.2669693628E+00    2.0188207818E-02
    3.1799950000E-04    1.0979421742E+00    2.3532475030E-01    5.2930361037E+00    2.0489997555E-02
    3.1899950000E-04    1.1013962364E+00    2.3469048082E-01    5.3183836313E+00    2.0799168315E-02
    3.1999950000E-04    1.1046987874E+00    2.3403668331E-01    5.3430256657E+00    2.1115236316E-02
    3.2099950000E-04    1.1078566420E+00    2.3336725054E-01    5.3669726380E+00    2.1437732172E-02
    3.2199950000E-04    1.1108736831E+00    2.3269275247E-01    5.3902361084E+00    2.1766212616E-02
    3.2299950000E-04    1.1137547038E+00    2.3201977092E-01    5.4128254082E+00    2.2100278708E-02
    3.2399950000E-04    1.1165032645E+00    2.3135737372E-01    5.4347498946E+00    2.2439582055E-02
    3.2499950000E-04    1.1191252831E+00    2.3070549208E-01    5.4560153085E+00    2.2783841713E-02
    3.2599950000E-04    1.1216234436E+00    2.3007328534E-01    5.4766298983E+00    2.3132824158E-02
    3.2699950000E-04    1.1240013697E+00    2.2946578161E-01    5.4966001579E+00    2.3486339862E-02
    3.2799950000E-04    1.1262626794E+00    2.2888687201E-01    5.5159319706E+00    2.3844249392E-02
    3.2899950000E-04    1.1284110170E+00    2.2833929842E-01    5.5346307042E+00    2.4206405734E-02
    3.2999950000E-04    1.1304493059E+00    2.2782755232E-01    5.5527021136E+00    2.4572679590E-02
    3.3099950000E-04    1.1323809562E+00    2.2735331236E-01    5.5701509894E+00    2.4942953941E-02
    3.3199950000E-04    1.1342083450E+00    2.2692171501E-01    5.5869831659E+00    2.5317102608E-02
    3.3299950000E-04    1.1359347034E+00    2.2653365749E-01    5.6032030158E+00    2.5694963629E-02
    3.3399950000E-04    1.1375632216E+00    2.2618919369E-01    5.6188145383E+00    2.6076386578E-02
    3.3499950000E-04    1.1390963249E+00    2.2589099327E-01    5.6338225415E+00    2.6461237734E-02
    3.3599950000E-04    1.1405357974E+00    2.2564445364E-01    5.6482327093E+00    2.6849324241E-02
    3.3699950000E-04    1.1418847156E+00    2.2544808425E-01    5.6620482972E+00    2.7240479534E-02
    3.3799950000E-04    1.1431465908E+00    2.2529719617E-01    5.6752714883E+00    2.7634526041E-02
    3.3899950000E-04    1.1443215012E+00    2.2520391445E-01    5.6879097460E+00    2.8031300089E-02
    3.3999950000E-04    1.1454128047E+00    2.2516303238E-01    5.6999648047E+00    2.8430655392E-02
    3.4099950000E-04    1.1464233312E+00    2.2517104689E-01    5.7114388791E+00    2.8832432043E-02
    3.4199950000E-04    1.1473535612E+00    2.2523672785E-01    5.7223380314E+00    2.9236476973E-02
    3.4299950000E-04    1.1482060663E+00    2.2535664016E-01    5.7326642329E+00    2.9642687164E-02
    3.4399950000E-04    1.1489829722E+00    2.2552908182E-01    5.7424199875E+00    3.0050934956E-02
    3.4499950000E-04    1.1496853818E+00    2.2575768735E-01    5.7516093574E+00    3.0461074569E-02
    3.4599950000E-04    1.1503150162E+00    2.2604152318E-01    5.7602347751E+00    3.0873056946E-02
    3.4699950000E-04    1.1508735099E+00    2.2637954404E-01    5.7682986302E+00    3.1286801284E-02
    3.4799950000E-04    1.1513620808E+00    2.2677276505E-01    5.7758038205E+00    3.1702138436E-02
    3.4899950000E-04    1.1517817764E+00    2.2722188995E-01    5.7827529315E+00    3.2119096123E-02
    3.4999950000E-04    1.1521337426E+00    2.2772663828E-01    5.7891482946E+00    3.2537608233E-02
    3.5099950000E-04    1.1524190105E+00    2.2828668275E-01    5.7949921213E+00    3.2957597864E-02
    3.5199950000E-04    1.1526385932E+00    2.2890065015E-01    5.8002860460E+00    3.3379056462E-02
    3.5299950000E-04    1.1527930547E+00    2.2956942654E-01    5.8050324531E+00    3.3801955793E-02
    3.5399950000E-04    1.1528829078E+00    2.3029341506E-01    5.8092334652E+00    3.4226264613E-02
    3.5499950000E-04    1.1529089902E+00    2.3106976744E-01    5.8128899631E+00    3.4651981768E-02
    3.5599950000E-04    1.1528713982E+00    2.3189981752E-01    5.8160041533E+00    3.5079101538E-02
    3.5699950000E-04    1.1527701475E+00    2.3278455751E-01    5.8185780660E+00    3.5507629936E-02
    3.5799950000E-04    1.1526058971E+00    2.3371952208E-01    5.8206117237E+00    3.5937575189E-02
    3.5899950000E-04    1.1523783155E+00    2.3470617206E-01    5.8221070680E+00    3.6368952182E-02
    3.5999950000E-04    1.1520862838E+00    2.3575057364E-01    5.8230675137E+00    3.6801767151E-02
    3.6099950000E-04    1.1517315072E+00    2.3683801770E-01    5.8234893474E+00    3.7236055740E-02
    3.6199950000E-04    1.1513123078E+00    2.3797650171E-01    5.8233763788E+00    3.7671833422E-02
    3.6299950000E-04    1.1508280404E+00    2.3916581472E-01    5.8227296682E+00    3.8109149989E-02
    3.6399950000E-04    1.1502786337E+00    2.4040094030E-01    5.8215485504E+00    3.8548018558E-02
    3.6499950000E-04    1.1496629347E+00    2.4168340563E-01    5.8198344736E+00    3.8988458114E-02
    3.6599950000E-04    1.1489798538E+00    2.4301323661E-01    5.8175883222E+00    3.9430521211E-02
    3.6699950000E-04    1.1482287678E+00    2.4438654335E-01    5.8148096339E+00    3.9874218181E-02
    3.6799950000E-04    1.1474081971E+00    2.4580429497E-01    5.8114994814E+00    4.0319570542E-02
    3.6899950000E-04    1.1465168035E+00    2.4726551244E-01    5.8076582600E+00    4.0766626741E-02
    3.6999950000E-04    1.1455535247E+00    2.4876670432E-01    5.8032854778E+00    4.1215387931E-02
    3.7099950000E-04    1.1445161729E+00    2.5031077850E-01    5.7983827118E+00    4.1665875777E-02
    3.7199950000E-04    1.1434035067E+00    2.5189374093E-01    5.7929492144E+00    4.2118072717E-02
    3.7299950000E-04    1.1422140380E+00    2.5351228905E-01    5.7869843776E+00    4.2572015004E-02
    3.7399950000E-04    1.1409452952E+00    2.5516857733E-01    5.7804894199E+00    4.3027701598E-02
    3.7499950000E-04    1.1395955632E+00    2.5685925223E-01    5.7734637285E+00    4.3485126647E-02
    3.7599950000E-04    1.1381626899E+00    2.5858291285E-01    5.7659073074E+00    4.3944277478E-02
    3.7699950000E-04    1.1366442082E+00    2.6033920038E-01    5.7578204258E+00    4.4405133196E-02
    3.7799950000E-04    1.1350379385E+00    2.6212537656E-01    5.7492025654E+00    4.4867655536E-02
    3.7899950000E-04    1.1333412469E+00    2.6394050681E-01    5.7400537472E+00    4.5331826862E-02
    3.7999950000E-04    1.1315516174E+00    2.6578231402E-01    5.7303734514E+00    4.5797585189E-02
    3.8099950000E-04    1.1296661229E+00    2.6764998560E-01    5.7201615727E+00    4.6264881431E-02
    3.8199950000E-04    1.1276821346E+00    2.6954030224E-01    5.7094171279E+00    4.6733698587E-02
    3.8299950000E-04    1.1255973308E+00    2.7144827718E-01    5.6981383801E+00    4.7203837341E-02
    3.8399950000E-04    1.1234065221E+00    2.7338187412E-01    5.6863275857E+00    4.7675334289E-02
    3.8499950000E-04    1.1211076326E+00    2.7533281909E-01    5.6739816705E+00    4.8148151117E-02
    3.8599950000E-04    1.1186970043E+00    2.7730012153E-01    5.6610996983E+00    4.8622161271E-02
    3.8699950000E-04    1.1161706944E+00    2.7928290686E-01    5.6476805978E+00    4.9097382384E-02
    3.8799950000E-04    1.1135264145E+00    2.8127225252E-01    5.6337203736E+00    4.9573764725E-02
    3.8899950000E-04    1.1107577967E+00    2.8327635864E-01    5.6192203725E+00    5.0051259031E-02
    3.8999950000E-04    1.1078616861E+00    2.8528801971E-01    5.6041766958E+00    5.0529944834E-02
    3.9099950000E-04    1.1048353976E+00    2.8729785098E-01    5.5885843452E+00    5.1009835067E-02
    3.9199950000E-04    1.1016713043E+00    2.8931525891E-01    5.5724442591E+00    5.1491036497E-02
    3.9299950000E-04    1.0983668903E+00    2.9132806658E-01    5.5557500214E+00    5.1973721425E-02
    3.9399950000E-04    1.0949179474E+00    2.9333018748E-01    5.5384968270E+00    5.2458111457E-02
    3.9499950000E-04    1.0913150274E+00    2.9533327999E-01    5.5206857083E+00    5.2944475515E-02
    3.9599950000E-04    1.0875552345E+00    2.9732369252E-01    5.5023089844E+00    5.3433151432E-02
    3.9699950000E-04    1.0836322585E+00    2.9929896386E-01    5.4833625287E+00    5.3924574364E-02
    3.9799950000E-04    1.0795402356E+00    3.0125384922E-01    5.4638411872E+00    5.4419225711E-02
    3.9899950000E-04    1.0752716305E+00    3.0318684290E-01    5.4437406572E+00    5.4917712409E-02
    3.9999950000E-04    1.0708219330E+00    3.0508602275E-01    5.4230535039E+00    5.5420671457E-02
    4.0099950000E-04    1.0661819173E+00    3.0695229715E-01    5.4017761324E+00    5.5928788844E-02
    4.0199950000E-04    1.0613453875E+00    3.0877593845E-01    5.3799013590E+00    5.6442844709E-02
    4.0299950000E-04    1.0563062726E+00    3.1054611471E-01    5.3574216912E+00    5.6963568175E-02
    4.0399950000E-04    1.0510483253E+00    3.1227663269E-01    5.3343369144E+00    5.7491731610E-02
    4.0499950000E-04    1.0455775476E+00    3.1392263098E-01    5.3106280190E+00    5.8028023034E-02
    4.0599950000E-04    1.0398768769E+00    3.1549707556E-01    5.2862940625E+00    5.8573062472E-02
    4.0699950000E-04    1.0339408631E+00    3.1698179570E-01    5.2613231509E+00    5.9127354568E-02
    4.0799950000E-04    1.0277609459E+00    3.1836488549E-01    5.2357046251E+00    5.9691266340E-02
    4.0899950000E-04    1.0213269192E+00    3.1963625223E-01    5.2094271701E+00    6.0264928786E-02
    4.0999950000E-04    1.0146336524E+00    3.2077336017E-01    5.1824740760E+00    6.0848334794E-02
    4.1099950000E-04    1.0076720522E+00    3.2176086593E-01    5.1548294393E+00    6.1441240736E-02
    4.1199950000E-04    1.0004335413E+00    3.2258065271E-01    5.1264747578E+00    6.2043236191E-02
    4.1299950000E-04    9.9291516233E-01    3.2320288566E-01    5.0973856793E+00    6.2653729749E-02
    4.1399950000E-04    9.8510305972E-01    3.2361671163E-01    5.0675429181E+00    6.3272064117E-02
    4.1499950000E-04    9.7699814820E-01    3.2378389556E-01    5.0369166026E+00    6.3897647265E-02
    4.1599950000E-04    9.6859047939E-01    3.2368481034E-01    5.0054820211E+00    6.4529880434E-02
    4.1699950000E-04    9.5988208713E-01    3.2328014955E-01    4.9732072075E+00    6.5168313891E-02
    4.1799950000E-04    9.5086582074E-01    3.2254586156E-01    4.9400654327E+00    6.5812760940E-02
    4.1899950000E-04    9.4154601957E-01    3.2144160006E-01    4.9060250065E+00    6.6463279485E-02
    4.1999950000E-04    9.3192285243E-01    3.1993535033E-01    4.8710583872E+00    6.7120281620E-02
    4.2099950000E-04    9.2200277193E-01    3.1798890860E-01    4.8351375361E+00    6.7784449840E-02
    4.2199950000E-04    9.1179527421E-01    3.1556379375E-01    4.7982365811E+00    6.8456745653E-02
    4.2299950000E-04    9.0131061309E-01    3.1262476121E-01    4.7603330509E+00    6.9138167116E-02
    4.2399950000E-04    8.9056765700E-01    3.0913076032E-01    4.7214042657E+00    6.9829803468E-02
    4.2499950000E-04    8.7958235634E-01    3.0504928120E-01    4.6814321162E+00    7.0532612152E-02
    4.2599950000E-04    8.6838318850E-01    3.0033913984E-01    4.6403958829E+00    7.1247303706E-02
    4.2699950000E-04    8.5699281929E-01    2.9497079708E-01    4.5982788344E+00    7.1974273808E-02
    4.2799950000E-04    8.4544755368E-01    2.8890582057E-01    4.5550594007E+00    7.2713631968E-02
    4.2899950000E-04    8.3377923301E-01    2.8211536458E-01    4.5107174268E+00    7.3465209400E-02
    4.2999950000E-04    8.2202317875E-01    2.7457136510E-01    4.4652301707E+00    7.4228851646E-02
    4.3099950000E-04    8.1022039655E-01    2.6624506684E-01    4.4185720265E+00    7.5004412098E-02
    4.3199950000E-04    7.9841005103E-01    2.5711344736E-01    4.3707174149E+00    7.5791917423E-02
    4.3299950000E-04    7.8663341229E-01    2.4715584549E-01    4.3216406539E+00    7.6591550938E-02
    4.3399950000E-04    7.7493121069E-01    2.3635645906E-01    4.2713185616E+00    7.7403468549E-02
    4.3499950000E-04    7.6334260488E-01    2.2470520781E-01    4.2197319484E+00    7.8227411328E-02
    4.3599950000E-04    7.5190930850E-01    2.1219535449E-01    4.1668659068E+00    7.9062260180E-02
    4.3699950000E-04    7.4067187896E-01    1.9882634305E-01    4.1127111405E+00    7.9905664024E-02
    4.3799950000E-04    7.2966625091E-01    1.8460541930E-01    4.0572639180E+00    8.0753905332E-02
    4.3899950000E-04    7.1893128833E-01    1.6954252673E-01    4.0005231456E+00    8.1602194508E-02
    4.3999950000E-04    7.0850586552E-01    1.5365143156E-01    3.9424892644E+00    8.2445433371E-02
