 sig=    1.000000000000000      inputfile=
 /home/rjrj524/Finished/vmec_gc_tracer/revised_251128/nc/wout_pwO_nfp2_A6.nc                                                                                                                             
 dt=   5.0000000000000003E-010
 steps=      5000000
 x0=   4.0000000000000001E-002    0.000000000000000      
    6.410000000000000     
 u=    64800.00000000000     
 v_perp=    83200.00000000000     
 
time(s)         x0(1)       x0(2)        x0(3)      r
    9.9950000000E-07    1.1896166773E+00   -6.5074992321E-02    6.4589703607E+00    3.9820696957E-02
    1.9995000000E-06    1.1877652815E+00   -7.0332768100E-02    6.5081648269E+00    3.9628467253E-02
    2.9995000000E-06    1.1855922706E+00   -7.5616528376E-02    6.5575943525E+00    3.9420238483E-02
    3.9995000000E-06    1.1831059398E+00   -8.0932857329E-02    6.6072951708E+00    3.9192709049E-02
    4.9995000000E-06    1.1803151455E+00   -8.6287827497E-02    6.6573010762E+00    3.8944088369E-02
    5.9995000000E-06    1.1772287775E+00   -9.1674702404E-02    6.7076490311E+00    3.8675049334E-02
    6.9995000000E-06    1.1738537612E+00   -9.7083966640E-02    6.7583766263E+00    3.8388419014E-02
    7.9995000000E-06    1.1701938311E+00   -1.0250518194E-01    6.8095214023E+00    3.8088096984E-02
    8.9995000000E-06    1.1662489033E+00   -1.0792586332E-01    6.8611203627E+00    3.7778129225E-02
    9.9995000000E-06    1.1620162308E+00   -1.1332311601E-01    6.9132114918E+00    3.7462321409E-02
    1.0999500000E-05    1.1574888177E+00   -1.1867421646E-01    6.9658287645E+00    3.7144398069E-02
    1.1999500000E-05    1.1526560960E+00   -1.2395294453E-01    7.0190027524E+00    3.6828574622E-02
    1.2999500000E-05    1.1475032409E+00   -1.2913459965E-01    7.0727591701E+00    3.6519591245E-02
    1.3999500000E-05    1.1420137576E+00   -1.3418819448E-01    7.1271226338E+00    3.6222268451E-02
    1.4999500000E-05    1.1361739390E+00   -1.3906699645E-01    7.1821209735E+00    3.5940848983E-02
    1.5999500000E-05    1.1299637223E+00   -1.4374339521E-01    7.2377739688E+00    3.5678321725E-02
    1.6999500000E-05    1.1233664378E+00   -1.4817666526E-01    7.2941053329E+00    3.5436307435E-02
    1.7999500000E-05    1.1163684808E+00   -1.5231891798E-01    7.3511403801E+00    3.5215278533E-02
    1.8999500000E-05    1.1089554902E+00   -1.5612644991E-01    7.4089020559E+00    3.5014942821E-02
    1.9999500000E-05    1.1011136229E+00   -1.5955552151E-01    7.4674122691E+00    3.4834575606E-02
    2.0999500000E-05    1.0928336985E+00   -1.6255399805E-01    7.5266946197E+00    3.4673271407E-02
    2.1999500000E-05    1.0841061555E+00   -1.6507305117E-01    7.5867705632E+00    3.4530039341E-02
    2.2999500000E-05    1.0749227727E+00   -1.6706286429E-01    7.6476608426E+00    3.4403918329E-02
    2.3999500000E-05    1.0652768356E+00   -1.6847230651E-01    7.7093853528E+00    3.4294109675E-02
    2.4999500000E-05    1.0551623880E+00   -1.6925020080E-01    7.7719622798E+00    3.4200066535E-02
    2.5999500000E-05    1.0445760982E+00   -1.6934296643E-01    7.8354082787E+00    3.4121476457E-02
    2.6999500000E-05    1.0335187073E+00   -1.6869429776E-01    7.8997378638E+00    3.4058109780E-02
    2.7999500000E-05    1.0219957522E+00   -1.6724654871E-01    7.9649622504E+00    3.4009610055E-02
    2.8999500000E-05    1.0100190987E+00   -1.6494141491E-01    8.0310886384E+00    3.3975344092E-02
    2.9999500000E-05    9.9760983084E-01   -1.6171964017E-01    8.0981202878E+00    3.3954374386E-02
    3.0999500000E-05    9.8480131263E-01   -1.5752133579E-01    8.1660570794E+00    3.3945530977E-02
    3.1999500000E-05    9.7164154954E-01   -1.5228749735E-01    8.2348964201E+00    3.3947512962E-02
    3.2999500000E-05    9.5819457973E-01   -1.4596245509E-01    8.3046343760E+00    3.3958962699E-02
    3.3999500000E-05    9.4454065823E-01   -1.3849694664E-01    8.3752667075E+00    3.3978501647E-02
    3.4999500000E-05    9.3077516061E-01   -1.2985139799E-01    8.4467894429E+00    3.4004750437E-02
    3.5999500000E-05    9.1700639508E-01   -1.1999893821E-01    8.5191987675E+00    3.4036355019E-02
    3.6999500000E-05    9.0335277740E-01   -1.0892771871E-01    8.5924902566E+00    3.4072019792E-02
    3.7999500000E-05    8.8993996922E-01   -9.6642259575E-02    8.6666577258E+00    3.4110535887E-02
    3.8999500000E-05    8.7689773337E-01   -8.3164075784E-02    8.7416919478E+00    3.4150801806E-02
    3.9999500000E-05    8.6435636241E-01   -6.8531643802E-02    8.8175795738E+00    3.4191850734E-02
    4.0999500000E-05    8.5244330696E-01   -5.2799494748E-02    8.8943025751E+00    3.4232898589E-02
    4.1999500000E-05    8.4128067785E-01   -3.6036484939E-02    8.9718381715E+00    3.4273401592E-02
    4.2999500000E-05    8.3098399011E-01   -1.8323607169E-02    9.0501588532E+00    3.4313085086E-02
    4.3999500000E-05    8.2166190817E-01    2.4812105868E-04    9.1292319363E+00    3.4351909417E-02
    4.4999500000E-05    8.1341630266E-01    1.9579282662E-02    9.2090182797E+00    3.4389978303E-02
    4.5999500000E-05    8.0634182355E-01    3.9563099394E-02    9.2894702505E+00    3.4427437645E-02
    4.6999500000E-05    8.0052462979E-01    6.0086104309E-02    9.3705295379E+00    3.4464420084E-02
    4.7999500000E-05    7.9604076495E-01    8.1028798692E-02    9.4521256731E+00    3.4501055797E-02
    4.8999500000E-05    7.9295447516E-01    1.0226645342E-01    9.5341758807E+00    3.4537523736E-02
    4.9999500000E-05    7.9131667812E-01    1.2367010019E-01    9.6165864232E+00    3.4574097467E-02
    5.0999500000E-05    7.9116374986E-01    1.4510769730E-01    9.6992550559E+00    3.4611155352E-02
    5.1999500000E-05    7.9251675034E-01    1.6644541609E-01    9.7820738540E+00    3.4649151895E-02
    5.2999500000E-05    7.9538118000E-01    1.8754895075E-01    9.8649316626E+00    3.4688556574E-02
    5.3999500000E-05    7.9974727881E-01    2.0828471322E-01    9.9477157457E+00    3.4729756977E-02
    5.4999500000E-05    8.0559089171E-01    2.2852076640E-01    1.0030312683E+01    3.4772920365E-02
    5.5999500000E-05    8.1287509586E-01    2.4812735440E-01    1.0112608899E+01    3.4817832207E-02
    5.6999500000E-05    8.2155126168E-01    2.6697727929E-01    1.0194491501E+01    3.4863769717E-02
    5.7999500000E-05    8.3155904923E-01    2.8494659063E-01    1.0275849966E+01    3.4909485191E-02
    5.8999500000E-05    8.4282587465E-01    3.0191587054E-01    1.0356578726E+01    3.4953341871E-02
    5.9999500000E-05    8.5526696728E-01    3.1777191954E-01    1.0436580091E+01    3.4993573882E-02
    6.0999500000E-05    8.6878678850E-01    3.3240925798E-01    1.0515766688E+01    3.5028574329E-02
    6.1999500000E-05    8.8328147881E-01    3.4573094206E-01    1.0594062797E+01    3.5057095160E-02
    6.2999500000E-05    8.9864083301E-01    3.5764887442E-01    1.0671404588E+01    3.5078281579E-02
    6.3999500000E-05    9.1474914222E-01    3.6808403227E-01    1.0747739611E+01    3.5091538680E-02
    6.4999500000E-05    9.3148594170E-01    3.7696647175E-01    1.0823025690E+01    3.5096297361E-02
    6.5999500000E-05    9.4872701092E-01    3.8423516703E-01    1.0897229541E+01    3.5091781303E-02
    6.6999500000E-05    9.6634559736E-01    3.8983790450E-01    1.0970325337E+01    3.5076864011E-02
    6.7999500000E-05    9.8421373199E-01    3.9373148278E-01    1.1042293400E+01    3.5050058157E-02
    6.8999500000E-05    1.0022035292E+00    3.9588239489E-01    1.1113119075E+01    3.5009628103E-02
    6.9999500000E-05    1.0201881552E+00    3.9626833803E-01    1.1182791901E+01    3.4953784917E-02
    7.0999500000E-05    1.0380417532E+00    3.9488155075E-01    1.1251305488E+01    3.4880917730E-02
    7.1999500000E-05    1.0556401483E+00    3.9173241132E-01    1.1318657736E+01    3.4789821641E-02
    7.2999500000E-05    1.0728639468E+00    3.8685038196E-01    1.1384850732E+01    3.4679878275E-02
    7.3999500000E-05    1.0896030488E+00    3.8028127587E-01    1.1449890240E+01    3.4551132740E-02
    7.4999500000E-05    1.1057587604E+00    3.7208507354E-01    1.1513786081E+01    3.4404219971E-02
    7.5999500000E-05    1.1212438794E+00    3.6233527419E-01    1.1576553273E+01    3.4240155621E-02
    7.6999500000E-05    1.1359854758E+00    3.5111174275E-01    1.1638210979E+01    3.4060070674E-02
    7.7999500000E-05    1.1499238793E+00    3.3849845164E-01    1.1698782416E+01    3.3865000857E-02
    7.8999500000E-05    1.1630106272E+00    3.2458458729E-01    1.1758295213E+01    3.3655825520E-02
    7.9999500000E-05    1.1752116905E+00    3.0945229646E-01    1.1816777134E+01    3.3433341532E-02
    8.0999500000E-05    1.1865036395E+00    2.9318141862E-01    1.1874256948E+01    3.3198436441E-02
    8.1999500000E-05    1.1968729869E+00    2.7584847179E-01    1.1930763707E+01    3.2952275785E-02
    8.2999500000E-05    1.2063148175E+00    2.5752918969E-01    1.1986327478E+01    3.2696423974E-02
    8.3999500000E-05    1.2148326240E+00    2.3829765067E-01    1.2040979283E+01    3.2432924035E-02
    8.4999500000E-05    1.2224391875E+00    2.1821752281E-01    1.2094748550E+01    3.2164369076E-02
    8.5999500000E-05    1.2291518270E+00    1.9736357850E-01    1.2147671324E+01    3.1894047542E-02
    8.6999500000E-05    1.2349945567E+00    1.7580863167E-01    1.2199787218E+01    3.1626123034E-02
    8.7999500000E-05    1.2399965050E+00    1.5362554754E-01    1.2251142047E+01    3.1365846423E-02
    8.8999500000E-05    1.2441901631E+00    1.3088975643E-01    1.2301791190E+01    3.1119696486E-02
    8.9999500000E-05    1.2476093863E+00    1.0768370059E-01    1.2351804038E+01    3.0895385835E-02
    9.0999500000E-05    1.2502879742E+00    8.4089065676E-02    1.2401263937E+01    3.0701518919E-02
    9.1999500000E-05    1.2522568752E+00    6.0190982821E-02    1.2450271231E+01    3.0546932507E-02
    9.2999500000E-05    1.2535418975E+00    3.6076525605E-02    1.2498942774E+01    3.0439724891E-02
    9.3999500000E-05    1.2541615519E+00    1.1832947899E-02    1.2547409156E+01    3.0386129298E-02
    9.4999500000E-05    1.2541253378E+00   -1.2452168452E-02    1.2595810343E+01    3.0389520885E-02
    9.5999500000E-05    1.2534328466E+00   -3.6691183111E-02    1.2644289474E+01    3.0449834172E-02
    9.6999500000E-05    1.2520737991E+00   -6.0796466445E-02    1.2692986117E+01    3.0563575023E-02
    9.7999500000E-05    1.2500290190E+00   -8.4680556414E-02    1.2742030168E+01    3.0724424101E-02
    9.8999500000E-05    1.2472722164E+00   -1.0825598384E-01    1.2791537624E+01    3.0924243320E-02
    9.9999500000E-05    1.2437721517E+00   -1.3143760175E-01    1.2841607745E+01    3.1154206035E-02
    1.0099950000E-04    1.2394950422E+00   -1.5414271003E-01    1.2892323178E+01    3.1405758041E-02
    1.0199950000E-04    1.2344072362E+00   -1.7628866468E-01    1.2943752431E+01    3.1671266837E-02
    1.0299950000E-04    1.2284766031E+00   -1.9780005520E-01    1.2995950140E+01    3.1944338216E-02
    1.0399950000E-04    1.2216746665E+00   -2.1860307585E-01    1.3048961868E+01    3.2219796797E-02
    1.0499950000E-04    1.2139783711E+00   -2.3862333486E-01    1.3102827358E+01    3.2493536522E-02
    1.0599950000E-04    1.2053709735E+00   -2.5778731082E-01    1.3157581897E+01    3.2762306051E-02
    1.0699950000E-04    1.1958405408E+00   -2.7603094587E-01    1.3213254817E+01    3.3023526801E-02
    1.0799950000E-04    1.1853853151E+00   -2.9327684276E-01    1.3269878002E+01    3.3275154959E-02
    1.0899950000E-04    1.1740109529E+00   -3.0945047643E-01    1.3327480871E+01    3.3515614162E-02
    1.0999950000E-04    1.1617326294E+00   -3.2447346720E-01    1.3386092778E+01    3.3743714241E-02
    1.1099950000E-04    1.1485748427E+00   -3.3826649549E-01    1.3445741967E+01    3.3958526644E-02
    1.1199950000E-04    1.1345742758E+00   -3.5074444000E-01    1.3506456675E+01    3.4159191885E-02
    1.1299950000E-04    1.1197806939E+00   -3.6181938947E-01    1.3568263571E+01    3.4344764578E-02
    1.1399950000E-04    1.1042550731E+00   -3.7140870991E-01    1.3631184870E+01    3.4514147597E-02
    1.1499950000E-04    1.0880731848E+00   -3.7943158118E-01    1.3695239439E+01    3.4666171787E-02
    1.1599950000E-04    1.0713235980E+00   -3.8581680700E-01    1.3760441049E+01    3.4799814921E-02
    1.1699950000E-04    1.0541069924E+00   -3.9050588763E-01    1.3826798611E+01    3.4914463534E-02
    1.1799950000E-04    1.0365361928E+00   -3.9345388830E-01    1.3894317239E+01    3.5010109768E-02
    1.1899950000E-04    1.0187314634E+00   -3.9463466252E-01    1.3962997595E+01    3.5087401360E-02
    1.1999950000E-04    1.0008155303E+00   -3.9404290877E-01    1.4032835486E+01    3.5147546400E-02
    1.2099950000E-04    9.8291385513E-01   -3.9168929453E-01    1.4103822982E+01    3.5192128276E-02
    1.2199950000E-04    9.6515443291E-01   -3.8759718544E-01    1.4175948542E+01    3.5222880963E-02
    1.2299950000E-04    9.4766629623E-01   -3.8180118044E-01    1.4249196280E+01    3.5241463593E-02
    1.2399950000E-04    9.3057795052E-01   -3.7434602143E-01    1.4323544985E+01    3.5249277691E-02
    1.2499950000E-04    9.1401622310E-01   -3.6528567900E-01    1.4398967060E+01    3.5247373110E-02
    1.2599950000E-04    8.9810531053E-01   -3.5468290450E-01    1.4475427290E+01    3.5236478197E-02
    1.2699950000E-04    8.8296560347E-01   -3.4260936223E-01    1.4552881383E+01    3.5217155902E-02
    1.2799950000E-04    8.6871223002E-01   -3.2914601124E-01    1.4631274496E+01    3.5190036913E-02
    1.2899950000E-04    8.5545368995E-01   -3.1438321184E-01    1.4710540147E+01    3.5156038163E-02
    1.2999950000E-04    8.4329089232E-01   -2.9842027145E-01    1.4790599935E+01    3.5116468380E-02
    1.3099950000E-04    8.3231632964E-01   -2.8136455413E-01    1.4871364253E+01    3.5072964069E-02
    1.3199950000E-04    8.2261275758E-01   -2.6333042987E-01    1.4952733946E+01    3.5027272930E-02
    1.3299950000E-04    8.1425127663E-01   -2.4443815404E-01    1.5034602687E+01    3.4980969667E-02
    1.3399950000E-04    8.0728979567E-01   -2.2481259107E-01    1.5116859685E+01    3.4935215026E-02
    1.3499950000E-04    8.0177343384E-01   -2.0458181939E-01    1.5199392225E+01    3.4890640918E-02
    1.3599950000E-04    7.9773534345E-01   -1.8387621248E-01    1.5282087310E+01    3.4847382075E-02
    1.3699950000E-04    7.9519652521E-01   -1.6282799586E-01    1.5364832399E+01    3.4805212381E-02
    1.3799950000E-04    7.9416460271E-01   -1.4157083589E-01    1.5447515831E+01    3.4763717002E-02
    1.3899950000E-04    7.9463223789E-01   -1.2023909486E-01    1.5530027707E+01    3.4722446067E-02
    1.3999950000E-04    7.9657611185E-01   -9.8966669079E-02    1.5612261687E+01    3.4681025495E-02
    1.4099950000E-04    7.9995717662E-01   -7.7885598083E-02    1.5694117628E+01    3.4639217083E-02
    1.4199950000E-04    8.0472213780E-01   -5.7124740097E-02    1.5775504402E+01    3.4596920703E-02
    1.4299950000E-04    8.1080496201E-01   -3.6808632358E-02    1.5856342131E+01    3.4554118156E-02
    1.4399950000E-04    8.1812830839E-01   -1.7056520913E-02    1.5936563203E+01    3.4510782536E-02
    1.4499950000E-04    8.2660488811E-01    2.0184626993E-03    1.6016111817E+01    3.4466804407E-02
    1.4599950000E-04    8.3613868736E-01    2.0310046049E-02    1.6094942342E+01    3.4421987390E-02
    1.4699950000E-04    8.4662597419E-01    3.7719629656E-02    1.6173017126E+01    3.4376128150E-02
    1.4799950000E-04    8.5795602609E-01    5.4157383542E-02    1.6250304528E+01    3.4329143507E-02
    1.4899950000E-04    8.7001148192E-01    6.9543864440E-02    1.6326777726E+01    3.4281180879E-02
    1.4999950000E-04    8.8266846079E-01    8.3812262302E-02    1.6402414443E+01    3.4232667348E-02
    1.5099950000E-04    8.9579772160E-01    9.6910743607E-02    1.6477197100E+01    3.4184299488E-02
    1.5199950000E-04    9.0926735637E-01    1.0880420599E-01    1.6551112758E+01    3.4137009688E-02
    1.5299950000E-04    9.2294658659E-01    1.1947501328E-01    1.6624152463E+01    3.4091937387E-02
    1.5399950000E-04    9.3670974912E-01    1.2892271437E-01    1.6696310058E+01    3.4050402232E-02
    1.5499950000E-04    9.5043970711E-01    1.3716303207E-01    1.6767580836E+01    3.4013859213E-02
    1.5599950000E-04    9.6403045515E-01    1.4422635824E-01    1.6837960509E+01    3.3983830689E-02
    1.5699950000E-04    9.7738934839E-01    1.5015555507E-01    1.6907444693E+01    3.3961835972E-02
    1.5799950000E-04    9.9043905535E-01    1.5500289466E-01    1.6976028963E+01    3.3949344824E-02
    1.5899950000E-04    1.0031185072E+00    1.5882668225E-01    1.7043709524E+01    3.3947759076E-02
    1.5999950000E-04    1.0153825656E+00    1.6168812352E-01    1.7110484270E+01    3.3958395396E-02
    1.6099950000E-04    1.0272005193E+00    1.6364885715E-01    1.7176353885E+01    3.3982435149E-02
    1.6199950000E-04    1.0385537176E+00    1.6476939895E-01    1.7241322646E+01    3.4020840298E-02
    1.6299950000E-04    1.0494327005E+00    1.6510859438E-01    1.7305398777E+01    3.4074285691E-02
    1.6399950000E-04    1.0598342675E+00    1.6472394595E-01    1.7368594410E+01    3.4143178703E-02
    1.6499950000E-04    1.0697595326E+00    1.6367156152E-01    1.7430924971E+01    3.4227796720E-02
    1.6599950000E-04    1.0792131556E+00    1.6200505426E-01    1.7492408052E+01    3.4328491030E-02
    1.6699950000E-04    1.0882026895E+00    1.5977469032E-01    1.7553062384E+01    3.4445843500E-02
    1.6799950000E-04    1.0967366849E+00    1.5702956188E-01    1.7612907934E+01    3.4580684684E-02
    1.6899950000E-04    1.1048242539E+00    1.5381850200E-01    1.7671965773E+01    3.4733987527E-02
    1.6999950000E-04    1.1124759667E+00    1.5018860182E-01    1.7730257341E+01    3.4906720241E-02
    1.7099950000E-04    1.1197021195E+00    1.4618937536E-01    1.7787805789E+01    3.5099711412E-02
    1.7199950000E-04    1.1265150860E+00    1.4186790710E-01    1.7844634473E+01    3.5313554636E-02
    1.7299950000E-04    1.1329313117E+00    1.3726209841E-01    1.7900764679E+01    3.5548424498E-02
    1.7399950000E-04    1.1389645976E+00    1.3241803519E-01    1.7956221376E+01    3.5803748983E-02
    1.7499950000E-04    1.1446309003E+00    1.2737720795E-01    1.8011028874E+01    3.6077907460E-02
    1.7599950000E-04    1.1499484588E+00    1.2217285649E-01    1.8065209445E+01    3.6367963019E-02
    1.7699950000E-04    1.1549352763E+00    1.1683450794E-01    1.8118785288E+01    3.6669765474E-02
    1.7799950000E-04    1.1596038722E+00    1.1140787393E-01    1.8171786637E+01    3.6978438922E-02
    1.7899950000E-04    1.1639704867E+00    1.0591220537E-01    1.8224237710E+01    3.7289139046E-02
    1.7999950000E-04    1.1680457245E+00    1.0037476391E-01    1.8276169767E+01    3.7597393531E-02
    1.8099950000E-04    1.1718373606E+00    9.4815802804E-02    1.8327616171E+01    3.7899175799E-02
    1.8199950000E-04    1.1753482201E+00    8.9259977343E-02    1.8378615828E+01    3.8190452986E-02
    1.8299950000E-04    1.1785785198E+00    8.3722482545E-02    1.8429207055E+01    3.8466822912E-02
    1.8399950000E-04    1.1815248807E+00    7.8215328467E-02    1.8479428389E+01    3.8723971599E-02
    1.8499950000E-04    1.1841808830E+00    7.2746978909E-02    1.8529317510E+01    3.8958591386E-02
    1.8599950000E-04    1.1865375175E+00    6.7327620870E-02    1.8578913006E+01    3.9169474540E-02
    1.8699950000E-04    1.1885857570E+00    6.1951334380E-02    1.8628248895E+01    3.9358121666E-02
    1.8799950000E-04    1.1903168786E+00    5.6606800041E-02    1.8677359733E+01    3.9528087133E-02
    1.8899950000E-04    1.1917238957E+00    5.1282967390E-02    1.8726283712E+01    3.9683311334E-02
    1.8999950000E-04    1.1928035272E+00    4.5955783098E-02    1.8775058280E+01    3.9826220563E-02
    1.9099950000E-04    1.1935564429E+00    4.0596897440E-02    1.8823722392E+01    3.9956244609E-02
    1.9199950000E-04    1.1939873922E+00    3.5173957018E-02    1.8872314871E+01    4.0069386861E-02
    1.9299950000E-04    1.1941046257E+00    2.9656068849E-02    1.8920874199E+01    4.0158995991E-02
    1.9399950000E-04    1.1939189910E+00    2.4020009312E-02    1.8969438918E+01    4.0217539268E-02
    1.9499950000E-04    1.1934427228E+00    1.8248395934E-02    1.9018046129E+01    4.0238781327E-02
    1.9599950000E-04    1.1926880529E+00    1.2331671540E-02    1.9066732454E+01    4.0219583163E-02
    1.9699950000E-04    1.1916661831E+00    6.2722492608E-03    1.9115536639E+01    4.0160690401E-02
    1.9799950000E-04    1.1903865770E+00    8.2740459178E-05    1.9164500374E+01    4.0066241932E-02
    1.9899950000E-04    1.1888562897E+00   -6.2197648105E-03    1.9213667331E+01    3.9942298512E-02
    1.9999950000E-04    1.1870795869E+00   -1.2615616506E-02    1.9263082698E+01    3.9795182960E-02
    2.0099950000E-04    1.1850577038E+00   -1.9083752716E-02    1.9312792080E+01    3.9630377567E-02
    2.0199950000E-04    1.1827885427E+00   -2.5603351163E-02    1.9362839662E+01    3.9452263900E-02
    2.0299950000E-04    1.1802670253E+00   -3.2151036150E-02    1.9413267865E+01    3.9264547604E-02
    2.0399950000E-04    1.1774844605E+00   -3.8706178392E-02    1.9464114559E+01    3.9070828661E-02
    2.0499950000E-04    1.1744305297E+00   -4.5241476061E-02    1.9515416137E+01    3.8874967524E-02
    2.0599950000E-04    1.1710945113E+00   -5.1722824147E-02    1.9567207868E+01    3.8681076008E-02
    2.0699950000E-04    1.1674624136E+00   -5.8125926875E-02    1.9619518716E+01    3.8493134045E-02
    2.0799950000E-04    1.1635200328E+00   -6.4422928607E-02    1.9672376722E+01    3.8314691779E-02
    2.0899950000E-04    1.1592532158E+00   -7.0583742400E-02    1.9725808974E+01    3.8148747425E-02
    2.0999950000E-04    1.1546483346E+00   -7.6575700751E-02    1.9779841935E+01    3.7997761840E-02
    2.1099950000E-04    1.1496924643E+00   -8.2363963459E-02    1.9834501445E+01    3.7863691093E-02
    2.1199950000E-04    1.1443705281E+00   -8.7919554326E-02    1.9889810180E+01    3.7747946326E-02
    2.1299950000E-04    1.1386658265E+00   -9.3215734168E-02    1.9945789166E+01    3.7651346163E-02
    2.1399950000E-04    1.1325616801E+00   -9.8222946872E-02    2.0002459706E+01    3.7574115633E-02
    2.1499950000E-04    1.1260409110E+00   -1.0290992801E-01    2.0059843114E+01    3.7515996733E-02
    2.1599950000E-04    1.1190854108E+00   -1.0724399209E-01    2.0117960646E+01    3.7476491462E-02
    2.1699950000E-04    1.1116766345E+00   -1.1118942096E-01    2.0176833997E+01    3.7455127598E-02
    2.1799950000E-04    1.1037962398E+00   -1.1470630280E-01    2.0236485590E+01    3.7451597552E-02
    2.1899950000E-04    1.0954265846E+00   -1.1775029690E-01    2.0296938386E+01    3.7465710277E-02
    2.1999950000E-04    1.0865512660E+00   -1.2027271348E-01    2.0358215283E+01    3.7497226739E-02
    2.2099950000E-04    1.0771560549E+00   -1.2222023792E-01    2.0420338221E+01    3.7545718045E-02
    2.2199950000E-04    1.0672305997E+00   -1.2353399774E-01    2.0483327211E+01    3.7610542024E-02
    2.2299950000E-04    1.0567708073E+00   -1.2414857557E-01    2.0547199437E+01    3.7690926139E-02
    2.2399950000E-04    1.0457806468E+00   -1.2399269241E-01    2.0611968212E+01    3.7786070170E-02
    2.2499950000E-04    1.0342732111E+00   -1.2299133066E-01    2.0677642162E+01    3.7895181745E-02
    2.2599950000E-04    1.0222732581E+00   -1.2106697331E-01    2.0744225504E+01    3.8017392814E-02
    2.2699950000E-04    1.0098201270E+00   -1.1814150009E-01    2.0811718785E+01    3.8151561036E-02
    2.2799950000E-04    9.9696669688E-01   -1.1414156626E-01    2.0880118701E+01    3.8296038090E-02
    2.2899950000E-04    9.8377992518E-01   -1.0900174607E-01    2.0949418894E+01    3.8448524982E-02
    2.2999950000E-04    9.7034362832E-01   -1.0266587631E-01    2.1019611434E+01    3.8606061871E-02
    2.3099950000E-04    9.5675601816E-01   -9.5091340472E-02    2.1090686812E+01    3.8765179955E-02
    2.3199950000E-04    9.4313202585E-01   -8.6249611034E-02    2.1162635148E+01    3.8922264840E-02
    2.3299950000E-04    9.2960165996E-01   -7.6128654873E-02    2.1235445939E+01    3.9074041740E-02
    2.3399950000E-04    9.1629631883E-01   -6.4738699495E-02    2.1309105236E+01    3.9217995715E-02
    2.3499950000E-04    9.0335430412E-01   -5.2107986443E-02    2.1383597506E+01    3.9352665880E-02
    2.3599950000E-04    8.9092255536E-01   -3.8281176896E-02    2.1458906034E+01    3.9477726227E-02
    2.3699950000E-04    8.7914125502E-01   -2.3322112614E-02    2.1535010135E+01    3.9593811679E-02
    2.3799950000E-04    8.6814100215E-01   -7.3107062300E-03    2.1611885414E+01    3.9702214430E-02
    2.3899950000E-04    8.5804627146E-01    9.6610563819E-03    2.1689504392E+01    3.9804539626E-02
    2.3999950000E-04    8.4897161802E-01    2.7490617317E-02    2.1767834800E+01    3.9902340327E-02
    2.4099950000E-04    8.4101925747E-01    4.6066473695E-02    2.1846837453E+01    3.9996782075E-02
    2.4199950000E-04    8.3428138380E-01    6.5269928733E-02    2.1926464338E+01    4.0088421937E-02
    2.4299950000E-04    8.2884017183E-01    8.4975988518E-02    2.2006656493E+01    4.0177178159E-02
    2.4399950000E-04    8.2476287294E-01    1.0505425160E-01    2.2087342594E+01    4.0262512942E-02
    2.4499950000E-04    8.2209891412E-01    1.2537072425E-01    2.2168439662E+01    4.0343750594E-02
    2.4599950000E-04    8.2088483548E-01    1.4578959932E-01    2.2249855560E+01    4.0420383280E-02
    2.4699950000E-04    8.2114685481E-01    1.6617414066E-01    2.2331491500E+01    4.0492238830E-02
    2.4799950000E-04    8.2289856155E-01    1.8638745927E-01    2.2413244171E+01    4.0559462736E-02
    2.4899950000E-04    8.2613776447E-01    2.0629361533E-01    2.2495007503E+01    4.0622345817E-02
    2.4999950000E-04    8.3084797014E-01    2.2575821644E-01    2.2576673737E+01    4.0681076018E-02
    2.5099950000E-04    8.3700176455E-01    2.4464820250E-01    2.2658133665E+01    4.0735507697E-02
    2.5199950000E-04    8.4456147176E-01    2.6283180822E-01    2.2739276847E+01    4.0785024553E-02
    2.5299950000E-04    8.5347782677E-01    2.8017932033E-01    2.2819992772E+01    4.0828536284E-02
    2.5399950000E-04    8.6368815065E-01    2.9656473698E-01    2.2900173234E+01    4.0864604431E-02
    2.5499950000E-04    8.7511579872E-01    3.1186776583E-01    2.2979715472E+01    4.0891648333E-02
    2.5599950000E-04    8.8767129993E-01    3.2597548844E-01    2.3058525180E+01    4.0908154491E-02
    2.5699950000E-04    9.0125406107E-01    3.3878355352E-01    2.3136518695E+01    4.0912816399E-02
    2.5799950000E-04    9.1575422052E-01    3.5019679494E-01    2.3213623995E+01    4.0904565076E-02
    2.5899950000E-04    9.3105448628E-01    3.6012929983E-01    2.3289780499E+01    4.0882498118E-02
    2.5999950000E-04    9.4703182579E-01    3.6850414779E-01    2.3364938014E+01    4.0845753190E-02
    2.6099950000E-04    9.6355913598E-01    3.7525300217E-01    2.3439055225E+01    4.0793383044E-02
    2.6199950000E-04    9.8050702623E-01    3.8031566668E-01    2.3512098046E+01    4.0724274623E-02
    2.6299950000E-04    9.9774367810E-01    3.8364165243E-01    2.3584038585E+01    4.0637134125E-02
    2.6399950000E-04    1.0151336349E+00    3.8519422291E-01    2.3654854867E+01    4.0530552410E-02
    2.6499950000E-04    1.0325393631E+00    3.8495357204E-01    2.3724530392E+01    4.0403162753E-02
    2.6599950000E-04    1.0498310902E+00    3.8291017383E-01    2.3793051154E+01    4.0253866492E-02
    2.6699950000E-04    1.0668874936E+00    3.7906527019E-01    2.3860405197E+01    4.0082048593E-02
    2.6799950000E-04    1.0835852923E+00    3.7344868945E-01    2.3926587745E+01    3.9887758543E-02
    2.6899950000E-04    1.0998094642E+00    3.6611099741E-01    2.3991599871E+01    3.9671795925E-02
    2.6999950000E-04    1.1154599131E+00    3.5711363673E-01    2.4055447034E+01    3.9435554320E-02
    2.7099950000E-04    1.1304500781E+00    3.4652847321E-01    2.4118140201E+01    3.9180730237E-02
    2.7199950000E-04    1.1447064722E+00    3.3443561623E-01    2.4179696001E+01    3.8909037094E-02
    2.7299950000E-04    1.1581637398E+00    3.2093357452E-01    2.4240139956E+01    3.8622068122E-02
    2.7399950000E-04    1.1707774517E+00    3.0610373089E-01    2.4299495615E+01    3.8321287516E-02
    2.7499950000E-04    1.1825128340E+00    2.9003178275E-01    2.4357790206E+01    3.8008185538E-02
    2.7599950000E-04    1.1933458588E+00    2.7280320861E-01    2.4415052832E+01    3.7684486827E-02
    2.7699950000E-04    1.2032647248E+00    2.5449351283E-01    2.4471311197E+01    3.7352260179E-02
    2.7799950000E-04    1.2122654360E+00    2.3518141500E-01    2.4526595727E+01    3.7013969678E-02
    2.7899950000E-04    1.2203525478E+00    2.1494557092E-01    2.4580938979E+01    3.6672584355E-02
    2.7999950000E-04    1.2275380354E+00    1.9386912632E-01    2.4634377949E+01    3.6331667876E-02
    2.8099950000E-04    1.2338433821E+00    1.7201980084E-01    2.4686948250E+01    3.5995593671E-02
    2.8199950000E-04    1.2392937550E+00    1.4948301687E-01    2.4738697430E+01    3.5669853929E-02
    2.8299950000E-04    1.2439197114E+00    1.2634433418E-01    2.4789681498E+01    3.5361250137E-02
    2.8399950000E-04    1.2477551266E+00    1.0269023966E-01    2.4839968215E+01    3.5077917811E-02
    2.8499950000E-04    1.2508345347E+00    7.8613960684E-02    2.4889642160E+01    3.4828995398E-02
    2.8599950000E-04    1.2531909778E+00    5.4210194352E-02    2.4938805023E+01    3.4623846855E-02
    2.8699950000E-04    1.2548531864E+00    2.9572828563E-02    2.4987574983E+01    3.4470910533E-02
    2.8799950000E-04    1.2558428351E+00    4.7976955056E-03    2.5036085687E+01    3.4376459550E-02
    2.8899950000E-04    1.2561725394E+00   -2.0021307545E-02    2.5084480284E+01    3.4343558302E-02
    2.8999950000E-04    1.2558445311E+00   -4.4791387574E-02    2.5132905376E+01    3.4371520303E-02
    2.9099950000E-04    1.2548504250E+00   -6.9420214819E-02    2.5181504282E+01    3.4456017562E-02
    2.9199950000E-04    1.2531720055E+00   -9.3816642630E-02    2.5230410459E+01    3.4589789718E-02
    2.9299950000E-04    1.2507828812E+00   -1.1789100343E-01    2.5279742895E+01    3.4763728328E-02
    2.9399950000E-04    1.2476506111E+00   -1.4155740279E-01    2.5329603051E+01    3.4968050789E-02
    2.9499950000E-04    1.2437386437E+00   -1.6473910031E-01    2.5380072931E+01    3.5193295481E-02
    2.9599950000E-04    1.2390102528E+00   -1.8735231892E-01    2.5431222784E+01    3.5431018590E-02
    2.9699950000E-04    1.2334298772E+00   -2.0932075106E-01    2.5483108387E+01    3.5674178980E-02
    2.9799950000E-04    1.2269637635E+00   -2.3058097368E-01    2.5535772181E+01    3.5917152363E-02
    2.9899950000E-04    1.2195835965E+00   -2.5106458801E-01    2.5589252319E+01    3.6155576229E-02
    2.9999950000E-04    1.2112665365E+00   -2.7070644917E-01    2.5643581780E+01    3.6386102242E-02
    3.0099950000E-04    1.2019975056E+00   -2.8943698460E-01    2.5698792361E+01    3.6606189471E-02
    3.0199950000E-04    1.1917657865E+00   -3.0719807997E-01    2.5754910311E+01    3.6813935523E-02
    3.0299950000E-04    1.1805701468E+00   -3.2392132468E-01    2.5811964225E+01    3.7007964260E-02
    3.0399950000E-04    1.1684192274E+00   -3.3953185992E-01    2.5869983950E+01    3.7187398297E-02
    3.0499950000E-04    1.1553291435E+00   -3.5395735980E-01    2.5928997668E+01    3.7351730968E-02
    3.0599950000E-04    1.1413271451E+00   -3.6711893795E-01    2.5989034517E+01    3.7500625680E-02
    3.0699950000E-04    1.1264511173E+00   -3.7893602367E-01    2.6050122292E+01    3.7633673413E-02
    3.0799950000E-04    1.1107508055E+00   -3.8932698509E-01    2.6112286529E+01    3.7750208409E-02
    3.0899950000E-04    1.0942922055E+00   -3.9820606437E-01    2.6175551239E+01    3.7849321968E-02
    3.0999950000E-04    1.0771568610E+00   -4.0549122928E-01    2.6239936938E+01    3.7930090299E-02
    3.1099950000E-04    1.0594389889E+00   -4.1111243854E-01    2.6305459288E+01    3.7991912028E-02
    3.1199950000E-04    1.0412439948E+00   -4.1501468379E-01    2.6372129819E+01    3.8034819927E-02
    3.1299950000E-04    1.0226876963E+00   -4.1715850539E-01    2.6439957356E+01    3.8059651408E-02
    3.1399950000E-04    1.0038934834E+00   -4.1752152817E-01    2.6508948364E+01    3.8068027375E-02
    3.1499950000E-04    9.8498879100E-01   -4.1609888353E-01    2.6579106630E+01    3.8062166673E-02
    3.1599950000E-04    9.6610201924E-01   -4.1290200253E-01    2.6650432572E+01    3.8044602757E-02
    3.1699950000E-04    9.4736051542E-01   -4.0795626204E-01    2.6722922384E+01    3.8017868137E-02
    3.1799950000E-04    9.2888985451E-01   -4.0129822666E-01    2.6796567199E+01    3.7984207100E-02
    3.1899950000E-04    9.1081414044E-01   -3.9297331023E-01    2.6871352340E+01    3.7945380373E-02
    3.1999950000E-04    8.9325648614E-01   -3.8303455789E-01    2.6947256467E+01    3.7902619104E-02
    3.2099950000E-04    8.7633850586E-01   -3.7154284322E-01    2.7024250346E+01    3.7856750396E-02
    3.2199950000E-04    8.6017892336E-01   -3.5856771746E-01    2.7102295338E+01    3.7808454677E-02
    3.2299950000E-04    8.4489291973E-01   -3.4418772706E-01    2.7181342071E+01    3.7758558607E-02
    3.2399950000E-04    8.3059225947E-01   -3.2849020981E-01    2.7261329389E+01    3.7708248743E-02
    3.2499950000E-04    8.1738508947E-01   -3.1157095556E-01    2.7342183560E+01    3.7659118658E-02
    3.2599950000E-04    8.0537417952E-01   -2.9353391234E-01    2.7423817973E+01    3.7613028582E-02
    3.2699950000E-04    7.9465361582E-01   -2.7449069741E-01    2.7506133739E+01    3.7571833971E-02
    3.2799950000E-04    7.8530573346E-01   -2.5455957115E-01    2.7589021637E+01    3.7537095457E-02
    3.2899950000E-04    7.7740040677E-01   -2.3386400374E-01    2.7672365193E+01    3.7509890339E-02
    3.2999950000E-04    7.7099456304E-01   -2.1253167660E-01    2.7756043706E+01    3.7490793704E-02
    3.3099950000E-04    7.6613103033E-01   -1.9069383826E-01    2.7839934519E+01    3.7480002512E-02
    3.3199950000E-04    7.6283681385E-01   -1.6848456956E-01    2.7923914469E+01    3.7477491965E-02
    3.3299950000E-04    7.6112125747E-01   -1.4603958550E-01    2.8007860874E+01    3.7483077494E-02
    3.3399950000E-04    7.6097478566E-01   -1.2349448673E-01    2.8091652724E+01    3.7496328954E-02
    3.3499950000E-04    7.6236887905E-01   -1.0098272916E-01    2.8175172623E+01    3.7516405921E-02
    3.3599950000E-04    7.6525753639E-01   -7.8633793597E-02    2.8258309597E+01    3.7541966616E-02
    3.3699950000E-04    7.6957979228E-01   -5.6571949401E-02    2.8340962314E+01    3.7571275938E-02
    3.3799950000E-04    7.7526235201E-01   -3.4915651405E-02    2.8423041898E+01    3.7602512671E-02
    3.3899950000E-04    7.8222159069E-01   -1.3777262967E-02    2.8504473547E+01    3.7634148239E-02
    3.3999950000E-04    7.9036487204E-01    6.7372740983E-03    2.8585196576E+01    3.7665234932E-02
    3.4099950000E-04    7.9959215374E-01    2.6528877071E-02    2.8665162986E+01    3.7695512140E-02
    3.4199950000E-04    8.0979808019E-01    4.5505783486E-02    2.8744335127E+01    3.7725344627E-02
    3.4299950000E-04    8.2087366349E-01    6.3584176650E-02    2.8822683313E+01    3.7755571524E-02
    3.4399950000E-04    8.3270714069E-01    8.0689142058E-02    2.8900184109E+01    3.7787343512E-02
    3.4499950000E-04    8.4518413906E-01    9.6756027374E-02    2.8976819495E+01    3.7821986328E-02
    3.4599950000E-04    8.5818764131E-01    1.1173211049E-01    2.9052576659E+01    3.7860894962E-02
    3.4699950000E-04    8.7159839268E-01    1.2557828670E-01    2.9127447841E+01    3.7905454819E-02
    3.4799950000E-04    8.8529641188E-01    1.3827028171E-01    2.9201429714E+01    3.7956993825E-02
    3.4899950000E-04    8.9916469920E-01    1.4979836187E-01    2.9274521869E+01    3.8016771680E-02
    3.4999950000E-04    9.1309430336E-01    1.6016529614E-01    2.9346724620E+01    3.8085998140E-02
    3.5099950000E-04    9.2698724440E-01    1.6938451841E-01    2.9418037344E+01    3.8165853638E-02
    3.5199950000E-04    9.4075735940E-01    1.7747905627E-01    2.9488457900E+01    3.8257475641E-02
    3.5299950000E-04    9.5432975627E-01    1.8448126867E-01    2.9557983223E+01    3.8361888029E-02
    3.5399950000E-04    9.6764206332E-01    1.9043071126E-01    2.9626609976E+01    3.8479887504E-02
    3.5499950000E-04    9.8064550318E-01    1.9537097660E-01    2.9694335190E+01    3.8611931164E-02
    3.5599950000E-04    9.9330121905E-01    1.9935045098E-01    2.9761158208E+01    3.8758093143E-02
    3.5699950000E-04    1.0055775870E+00    2.0242273740E-01    2.9827082074E+01    3.8918145880E-02
    3.5799950000E-04    1.0174541194E+00    2.0463915692E-01    2.9892111600E+01    3.9091713289E-02
    3.5899950000E-04    1.0289153006E+00    2.0605290902E-01    2.9956254878E+01    3.9278394747E-02
    3.5999950000E-04    1.0399457483E+00    2.0672473455E-01    3.0019524925E+01    3.9477894628E-02
    3.6099950000E-04    1.0505376696E+00    2.0671164931E-01    3.0081935540E+01    3.9690144268E-02
    3.6199950000E-04    1.0606855689E+00    2.0607343158E-01    3.0143503388E+01    3.9915424535E-02
    3.6299950000E-04    1.0703869332E+00    2.0487143191E-01    3.0204247749E+01    4.0154549505E-02
    3.6399950000E-04    1.0796411453E+00    2.0317064541E-01    3.0264191466E+01    4.0408924186E-02
    3.6499950000E-04    1.0884539490E+00    2.0103024756E-01    3.0323357947E+01    4.0680342533E-02
    3.6599950000E-04    1.0968349110E+00    1.9850665800E-01    3.0381771827E+01    4.0970345543E-02
    3.6699950000E-04    1.1047958196E+00    1.9565602271E-01    3.0439459085E+01    4.1279453087E-02
    3.6799950000E-04    1.1123535286E+00    1.9252466576E-01    3.0496442785E+01    4.1606487908E-02
    3.6899950000E-04    1.1195248000E+00    1.8915906441E-01    3.0552746001E+01    4.1948463212E-02
    3.6999950000E-04    1.1263249159E+00    1.8560752026E-01    3.0608393140E+01    4.2301567387E-02
    3.7099950000E-04    1.1327703701E+00    1.8190642913E-01    3.0663405882E+01    4.2662279624E-02
    3.7199950000E-04    1.1388727785E+00    1.7809623488E-01    3.0717810501E+01    4.3028283353E-02
    3.7299950000E-04    1.1446427039E+00    1.7420363179E-01    3.0771633336E+01    4.3398615320E-02
    3.7399950000E-04    1.1500853682E+00    1.7025670025E-01    3.0824906233E+01    4.3772764230E-02
    3.7499950000E-04    1.1552037767E+00    1.6627025239E-01    3.0877660770E+01    4.4149894115E-02
    3.7599950000E-04    1.1599976398E+00    1.6224991841E-01    3.0929928018E+01    4.4528455755E-02
    3.7699950000E-04    1.1644594488E+00    1.5822377967E-01    3.0981747998E+01    4.4906655761E-02
    3.7799950000E-04    1.1685854862E+00    1.5417981129E-01    3.1033147314E+01    4.5283076623E-02
    3.7899950000E-04    1.1723688440E+00    1.5012249961E-01    3.1084158841E+01    4.5656618104E-02
    3.7999950000E-04    1.1758077505E+00    1.4602325992E-01    3.1134805839E+01    4.6025921421E-02
    3.8099950000E-04    1.1789019375E+00    1.4186603042E-01    3.1185118738E+01    4.6388356654E-02
    3.8199950000E-04    1.1816569808E+00    1.3761894329E-01    3.1235125997E+01    4.6739683273E-02
    3.8299950000E-04    1.1840834108E+00    1.3324244808E-01    3.1284856272E+01    4.7074556015E-02
    3.8399950000E-04    1.1861953050E+00    1.2870379572E-01    3.1334341658E+01    4.7387295155E-02
    3.8499950000E-04    1.1880102285E+00    1.2395645997E-01    3.1383608843E+01    4.7673134269E-02
    3.8599950000E-04    1.1895459737E+00    1.1897273600E-01    3.1432688656E+01    4.7929020058E-02
    3.8699950000E-04    1.1908196878E+00    1.1373677240E-01    3.1481613097E+01    4.8154202130E-02
    3.8799950000E-04    1.1918464905E+00    1.0824578312E-01    3.1530416321E+01    4.8350425375E-02
    3.8899950000E-04    1.1926385879E+00    1.0251006579E-01    3.1579136053E+01    4.8521412736E-02
    3.8999950000E-04    1.1932048904E+00    9.6548368143E-02    3.1627813573E+01    4.8671703361E-02
    3.9099950000E-04    1.1935509415E+00    9.0382979381E-02    3.1676493095E+01    4.8805114908E-02
    3.9199950000E-04    1.1936788420E+00    8.4034777655E-02    3.1725220106E+01    4.8923645007E-02
    3.9299950000E-04    1.1935874476E+00    7.7523949091E-02    3.1774040727E+01    4.9027337791E-02
    3.9399950000E-04    1.1932728962E+00    7.0872038611E-02    3.1823001039E+01    4.9115051760E-02
    3.9499950000E-04    1.1927289013E+00    6.4100310425E-02    3.1872145207E+01    4.9185592794E-02
    3.9599950000E-04    1.1919473420E+00    5.7230379002E-02    3.1921514942E+01    4.9238591942E-02
    3.9699950000E-04    1.1909193432E+00    5.0286595563E-02    3.1971150248E+01    4.9274841818E-02
    3.9799950000E-04    1.1896362447E+00    4.3296612333E-02    3.2021090010E+01    4.9296167799E-02
    3.9899950000E-04    1.1880900425E+00    3.6289919531E-02    3.2071372039E+01    4.9305096278E-02
    3.9999950000E-04    1.1862732975E+00    2.9295787939E-02    3.2122032812E+01    4.9304560826E-02
    4.0099950000E-04    1.1841788279E+00    2.2342115770E-02    3.2173107337E+01    4.9297740639E-02
    4.0199950000E-04    1.1817992913E+00    1.5454885877E-02    3.2224629063E+01    4.9287977036E-02
    4.0299950000E-04    1.1791266725E+00    8.6577159222E-03    3.2276629732E+01    4.9278657727E-02
    4.0399950000E-04    1.1761516794E+00    1.9712961295E-03    3.2329139194E+01    4.9273015021E-02
    4.0499950000E-04    1.1728630995E+00   -4.5870659997E-03    3.2382185228E+01    4.9273894377E-02
    4.0599950000E-04    1.1692472792E+00   -1.1003219022E-02    3.2435793538E+01    4.9283623143E-02
    4.0699950000E-04    1.1652878925E+00   -1.7264933231E-02    3.2489988004E+01    4.9304079074E-02
    4.0799950000E-04    1.1609659791E+00   -2.3360077687E-02    3.2544791146E+01    4.9336929985E-02
    4.0899950000E-04    1.1562600344E+00   -2.9275074463E-02    3.2600224638E+01    4.9383877705E-02
    4.0999950000E-04    1.1511461378E+00   -3.4993801788E-02    3.2656309923E+01    4.9446707177E-02
    4.1099950000E-04    1.1455985981E+00   -4.0496038279E-02    3.2713069109E+01    4.9527063928E-02
    4.1199950000E-04    1.1395916239E+00   -4.5754762146E-02    3.2770526062E+01    4.9626086199E-02
    4.1299950000E-04    1.1331008577E+00   -5.0734497033E-02    3.2828706648E+01    4.9744149366E-02
    4.1399950000E-04    1.1261023695E+00   -5.5393554431E-02    3.2887637128E+01    4.9880916673E-02
    4.1499950000E-04    1.1185737847E+00   -5.9682116383E-02    3.2947343711E+01    5.0035634470E-02
    4.1599950000E-04    1.1104979018E+00   -6.3538007203E-02    3.3007853080E+01    5.0207453116E-02
    4.1699950000E-04    1.1018621349E+00   -6.6889514539E-02    3.3069190916E+01    5.0395618877E-02
    4.1799950000E-04    1.0926613834E+00   -6.9654730352E-02    3.3131382095E+01    5.0599453155E-02
    4.1899950000E-04    1.0828976318E+00   -7.1745652620E-02    3.3194449350E+01    5.0818224106E-02
    4.1999950000E-04    1.0725710113E+00   -7.3078930048E-02    3.3258409324E+01    5.1051044098E-02
    4.2099950000E-04    1.0616937637E+00   -7.3565018160E-02    3.3323276666E+01    5.1296803425E-02
    4.2199950000E-04    1.0502858678E+00   -7.3115956052E-02    3.3389060687E+01    5.1554294753E-02
    4.2299950000E-04    1.0383737728E+00   -7.1648712802E-02    3.3455763746E+01    5.1822291118E-02
    4.2399950000E-04    1.0259881710E+00   -6.9088325600E-02    3.3523379808E+01    5.2099499650E-02
    4.2499950000E-04    1.0131865033E+00   -6.5357908881E-02    3.3591900202E+01    5.2384253368E-02
    4.2599950000E-04    1.0000347873E+00   -6.0394221385E-02    3.3661308028E+01    5.2674082762E-02
    4.2699950000E-04    9.8661784264E-01   -5.4145378819E-02    3.3731582663E+01    5.2965326049E-02
    4.2799950000E-04    9.7304670219E-01   -4.6572216053E-02    3.3802703450E+01    5.3253124079E-02
    4.2899950000E-04    9.5945462522E-01   -3.7654156519E-02    3.3874650828E+01    5.3532058883E-02
    4.2999950000E-04    9.4598709579E-01   -2.7394418995E-02    3.3947406253E+01    5.3797173832E-02
    4.3099950000E-04    9.3280919558E-01   -1.5817501788E-02    3.4020955272E+01    5.4045069569E-02
    4.3199950000E-04    9.2008885637E-01   -2.9724658438E-03    3.4095284060E+01    5.4274437798E-02
    4.3299950000E-04    9.0798900045E-01    1.1069338225E-02    3.4170377855E+01    5.4485918600E-02
    4.3399950000E-04    8.9666254953E-01    2.6218152820E-02    3.4246219735E+01    5.4681482279E-02
    4.3499950000E-04    8.8626147624E-01    4.2371068614E-02    3.4322791002E+01    5.4863651324E-02
    4.3599950000E-04    8.7691447816E-01    5.9412121518E-02    3.4400065333E+01    5.5034753353E-02
    4.3699950000E-04    8.6873175362E-01    7.7216594025E-02    3.4478008113E+01    5.5196423233E-02
    4.3799950000E-04    8.6180959004E-01    9.5653465556E-02    3.4556575010E+01    5.5349417126E-02
    4.3899950000E-04    8.5622634388E-01    1.1458680132E-01    3.4635709816E+01    5.5493744127E-02
    4.3999950000E-04    8.5204504332E-01    1.3387740451E-01    3.4715344389E+01    5.5629018235E-02
    4.4099950000E-04    8.4931300634E-01    1.5338418879E-01    3.4795399427E+01    5.5754827587E-02
    4.4199950000E-04    8.4806358872E-01    1.7296528918E-01    3.4875786480E+01    5.5870960372E-02
    4.4299950000E-04    8.4832060875E-01    1.9247822616E-01    3.4956410227E+01    5.5977407381E-02
    4.4399950000E-04    8.5009603304E-01    2.1178023112E-01    3.5037169908E+01    5.6074196868E-02
    4.4499950000E-04    8.5338779686E-01    2.3072888269E-01    3.5117960460E+01    5.6161198829E-02
    4.4599950000E-04    8.5818117894E-01    2.4918227076E-01    3.5198673285E+01    5.6237995616E-02
    4.4699950000E-04    8.6444921704E-01    2.6699926221E-01    3.5279196817E+01    5.6303847542E-02
    4.4799950000E-04    8.7215089131E-01    2.8404065668E-01    3.5359417704E+01    5.6357737016E-02
    4.4899950000E-04    8.8122977561E-01    3.0017088399E-01    3.5439223000E+01    5.6398444579E-02
    4.4999950000E-04    8.9161411892E-01    3.1525971745E-01    3.5518503105E+01    5.6424615782E-02
    4.5099950000E-04    9.0321823048E-01    3.2918357307E-01    3.5597154782E+01    5.6434805904E-02
    4.5199950000E-04    9.1594421629E-01    3.4182638244E-01    3.5675083627E+01    5.6427512652E-02
    4.5299950000E-04    9.2968352148E-01    3.5308017149E-01    3.5752205645E+01    5.6401210941E-02
    4.5399950000E-04    9.4431830959E-01    3.6284542112E-01    3.5828447842E+01    5.6354391820E-02
    4.5499950000E-04    9.5972306511E-01    3.7103111774E-01    3.5903747943E+01    5.6285591622E-02
    4.5599950000E-04    9.7576620724E-01    3.7755474584E-01    3.5978053483E+01    5.6193389140E-02
    4.5699950000E-04    9.9231037915E-01    3.8234364433E-01    3.6051320767E+01    5.6076361205E-02
    4.5799950000E-04    1.0092107928E+00    3.8533947131E-01    3.6123514246E+01    5.5933029508E-02
    4.5899950000E-04    1.0263190247E+00    3.8649943443E-01    3.6194604905E+01    5.5761879244E-02
    4.5999950000E-04    1.0434929177E+00    3.8578984587E-01    3.6264566782E+01    5.5561490449E-02
    4.6099950000E-04    1.0605892590E+00    3.8319811500E-01    3.6333378320E+01    5.5330814048E-02
    4.6199950000E-04    1.0774693619E+00    3.7873254317E-01    3.6401021816E+01    5.5069576258E-02
    4.6299950000E-04    1.0940048023E+00    3.7241879100E-01    3.6467483161E+01    5.4778552824E-02
    4.6399950000E-04    1.1100777053E+00    3.6430153327E-01    3.6532753880E+01    5.4459588161E-02
    4.6499950000E-04    1.1255824657E+00    3.5444234567E-01    3.6596832595E+01    5.4115283030E-02
    4.6599950000E-04    1.1404273094E+00    3.4291525173E-01    3.6659725467E+01    5.3748533812E-02
    4.6699950000E-04    1.1545357195E+00    3.2979949923E-01    3.6721444942E+01    5.3362096540E-02
    4.6799950000E-04    1.1678429785E+00    3.1518352347E-01    3.6782010532E+01    5.2958443801E-02
    4.6899950000E-04    1.1802973134E+00    2.9915968008E-01    3.6841446574E+01    5.2539889195E-02
    4.6999950000E-04    1.1918627530E+00    2.8180998906E-01    3.6899777188E+01    5.2108842102E-02
    4.7099950000E-04    1.2025133556E+00    2.6322020380E-01    3.6957029764E+01    5.1668090732E-02
    4.7199950000E-04    1.2122347101E+00    2.4347260192E-01    3.7013232515E+01    5.1220793415E-02
    4.7299950000E-04    1.2210218059E+00    2.2265384684E-01    3.7068416972E+01    5.0770588647E-02
    4.7399950000E-04    1.2288803238E+00    2.0084730680E-01    3.7122616247E+01    5.0321660135E-02
    4.7499950000E-04    1.2358256518E+00    1.7813266551E-01    3.7175865417E+01    4.9878959113E-02
    4.7599950000E-04    1.2418795306E+00    1.5460807260E-01    3.7228210791E+01    4.9448686405E-02
    4.7699950000E-04    1.2470727252E+00    1.3036259951E-01    3.7279703280E+01    4.9038701923E-02
    4.7799950001E-04    1.2514411936E+00    1.0549001925E-01    3.7330406478E+01    4.8658717280E-02
    4.7899950001E-04    1.2550232076E+00    8.0099344477E-02    3.7380404497E+01    4.8319865084E-02
    4.7999950001E-04    1.2578575310E+00    5.4299383394E-02    3.7429799507E+01    4.8033676397E-02
    4.8099950001E-04    1.2599795302E+00    2.8200399620E-02    3.7478713359E+01    4.7810630919E-02
    4.8199950001E-04    1.2614176080E+00    1.9151346470E-03    3.7527286362E+01    4.7658580926E-02
    4.8299950001E-04    1.2621903032E+00   -2.4447152060E-02    3.7575670400E+01    4.7581478897E-02
    4.8399950001E-04    1.2623041361E+00   -5.0778258460E-02    3.7624023037E+01    4.7578736908E-02
    4.8499950001E-04    1.2617527756E+00   -7.6972503027E-02    3.7672499132E+01    4.7645323416E-02
    4.8599950001E-04    1.2605174830E+00   -1.0292621763E-01    3.7721243704E+01    4.7772507750E-02
    4.8699950001E-04    1.2585688095E+00   -1.2853709399E-01    3.7770386591E+01    4.7949045029E-02
    4.8799950001E-04    1.2558688612E+00   -1.5371010711E-01    3.7820037066E+01    4.8162534467E-02
    4.8899950001E-04    1.2523747573E+00   -1.7835110791E-01    3.7870285806E+01    4.8400710561E-02
    4.8999950001E-04    1.2480421142E+00   -2.0236881002E-01    3.7921205920E+01    4.8652539853E-02
    4.9099950000E-04    1.2428259205E+00   -2.2569437881E-01    3.7972849062E+01    4.8908875371E-02
    4.9199950000E-04    1.2366851965E+00   -2.4825568006E-01    3.8025258794E+01    4.9162671901E-02
    4.9299950000E-04    1.2295830474E+00   -2.6999186920E-01    3.8078468686E+01    4.9408804991E-02
    4.9399950000E-04    1.2214903370E+00   -2.9083599766E-01    3.8132510959E+01    4.9643628738E-02
    4.9499950000E-04    1.2123847740E+00   -3.1072604901E-01    3.8187414079E+01    4.9864512179E-02
    4.9599950000E-04    1.2022512887E+00   -3.2960220791E-01    3.8243204397E+01    5.0069476951E-02
    4.9699950000E-04    1.1910827374E+00   -3.4740327291E-01    3.8299907814E+01    5.0257031076E-02
    4.9799950000E-04    1.1788798237E+00   -3.6406683271E-01    3.8357550067E+01    5.0426164185E-02
    4.9899950000E-04    1.1656531491E+00   -3.7952377744E-01    3.8416158778E+01    5.0576347405E-02
    4.9999950000E-04    1.1514219729E+00   -3.9370367497E-01    3.8475761621E+01    5.0707405110E-02
    5.0099950000E-04    1.1362135576E+00   -4.0653655672E-01    3.8536385059E+01    5.0819215590E-02
    5.0199950000E-04    1.1200682413E+00   -4.1794445354E-01    3.8598056107E+01    5.0911408660E-02
    5.0299950000E-04    1.1030424632E+00   -4.2784270355E-01    3.8660801130E+01    5.0983258006E-02
    5.0399950000E-04    1.0852084008E+00   -4.3614791201E-01    3.8724643215E+01    5.1033855795E-02
    5.0499950000E-04    1.0666542488E+00   -4.4278292159E-01    3.8789601668E+01    5.1062544751E-02
    5.0599950000E-04    1.0474842499E+00   -4.4768060930E-01    3.8855692926E+01    5.1069433667E-02
    5.0699950000E-04    1.0278168730E+00   -4.5078789979E-01    3.8922931701E+01    5.1055750581E-02
    5.0799950000E-04    1.0077812130E+00   -4.5206888873E-01    3.8991331788E+01    5.1023880706E-02
    5.0899950000E-04    9.8751231703E-01   -4.5150628264E-01    3.9060906152E+01    5.0977100258E-02
    5.0999950000E-04    9.6714650937E-01   -4.4910092882E-01    3.9131666181E+01    5.0919130488E-02
    5.1099950000E-04    9.4681818875E-01   -4.4486947463E-01    3.9203620494E+01    5.0853656995E-02
    5.1199950000E-04    9.2665908575E-01   -4.3884087866E-01    3.9276773764E+01    5.0783931812E-02
    5.1299950000E-04    9.0679813630E-01   -4.3105397626E-01    3.9351125243E+01    5.0712544629E-02
    5.1399950000E-04    8.8736034823E-01   -4.2155681155E-01    3.9426666958E+01    5.0641403498E-02
    5.1499950000E-04    8.6846637864E-01   -4.1040618515E-01    3.9503382516E+01    5.0571910180E-02
    5.1599950000E-04    8.5023478824E-01   -3.9766659669E-01    3.9581246950E+01    5.0505264540E-02
    5.1699950000E-04    8.3278545389E-01   -3.8340965097E-01    3.9660226625E+01    5.0442789756E-02
    5.1799950000E-04    8.1623878318E-01   -3.6771540539E-01    3.9740277314E+01    5.0386152021E-02
    5.1899950000E-04    8.0071386985E-01   -3.5067325485E-01    3.9821341708E+01    5.0337382014E-02
    5.1999950000E-04    7.8632708197E-01   -3.3238178999E-01    3.9903347302E+01    5.0298697456E-02
    5.2099950000E-04    7.7319104522E-01   -3.1294799530E-01    3.9986205419E+01    5.0272213960E-02
    5.2199950000E-04    7.6141302336E-01   -2.9248632972E-01    4.0069811713E+01    5.0259662012E-02
    5.2299950000E-04    7.5109210361E-01   -2.7111789824E-01    4.0154048193E+01    5.0262201223E-02
    5.2399950000E-04    7.4231573921E-01   -2.4896964995E-01    4.0238786355E+01    5.0280382098E-02
    5.2499950000E-04    7.3515631108E-01   -2.2617358616E-01    4.0323890615E+01    5.0314275115E-02
    5.2599950000E-04    7.2966750759E-01   -2.0286594649E-01    4.0409221197E+01    5.0363740491E-02
    5.2699950000E-04    7.2588023203E-01   -1.7918607172E-01    4.0494636258E+01    5.0428724340E-02
    5.2799950000E-04    7.2379907130E-01   -1.5527452567E-01    4.0579993837E+01    5.0509387466E-02
    5.2899950000E-04    7.2340168165E-01   -1.3127048386E-01    4.0665154435E+01    5.0605908723E-02
    5.2999950000E-04    7.2464401789E-01   -1.0730925760E-01    4.0749984546E+01    5.0717999600E-02
    5.3099950000E-04    7.2746556593E-01   -8.3520502543E-02    4.0834360279E+01    5.0844402594E-02
    5.3199950000E-04    7.3178478960E-01   -6.0025687935E-02    4.0918170956E+01    5.0982747023E-02
    5.3299950000E-04    7.3750315388E-01   -3.6936798258E-02    4.1001322980E+01    5.1129971127E-02
    5.3399950000E-04    7.4451934095E-01   -1.4358418887E-02    4.1083741267E+01    5.1283140273E-02
    5.3499950000E-04    7.5272791190E-01    7.6118838907E-03    4.1165368052E+01    5.1440232623E-02
    5.3599950000E-04    7.6201814334E-01    2.8883884706E-02    4.1246160498E+01    5.1600546972E-02
    5.3699950000E-04    7.7227664465E-01    4.9374674889E-02    4.1326087482E+01    5.1764607683E-02
    5.3799950000E-04    7.8338465934E-01    6.9010836810E-02    4.1405127330E+01    5.1933719301E-02
    5.3899950000E-04    7.9523420450E-01    8.7723852388E-02    4.1483264103E+01    5.2109410359E-02
    5.3999950000E-04    8.0771730648E-01    1.0545433371E-01    4.1560487688E+01    5.2293012468E-02
    5.4099950000E-04    8.2071679448E-01    1.2215793982E-01    4.1636795540E+01    5.2485562689E-02
    5.4199950000E-04    8.3412928640E-01    1.3779610896E-01    4.1712188502E+01    5.2687833546E-02
    5.4299950000E-04    8.4785507597E-01    1.5234040261E-01    4.1786671051E+01    5.2900422148E-02
    5.4399950000E-04    8.6180095192E-01    1.6577121540E-01    4.1860249069E+01    5.3123863692E-02
    5.4499950000E-04    8.7588227138E-01    1.7807631785E-01    4.1932927415E+01    5.3358604390E-02
    5.4599950000E-04    8.9001620830E-01    1.8925539864E-01    4.2004710255E+01    5.3604988243E-02
    5.4699950000E-04    9.0413164231E-01    1.9931331203E-01    4.2075598111E+01    5.3863259582E-02
    5.4799950000E-04    9.1816413431E-01    2.0826275664E-01    4.2145589509E+01    5.4133569427E-02
    5.4899950000E-04    9.3205470103E-01    2.1612475193E-01    4.2214682517E+01    5.4416046714E-02
    5.4999950000E-04    9.4574886179E-01    2.2292903822E-01    4.2282876455E+01    5.4710790303E-02
    5.5099950000E-04    9.5919939489E-01    2.2871063333E-01    4.2350171732E+01    5.5017619156E-02
    5.5199950000E-04    9.7236122469E-01    2.3351444922E-01    4.2416572022E+01    5.5335695231E-02
    5.5299950000E-04    9.8519305910E-01    2.3739377916E-01    4.2482083705E+01    5.5663379127E-02
    5.5399950000E-04    9.9765978901E-01    2.4040708498E-01    4.2546714757E+01    5.5998420203E-02
    5.5499950000E-04    1.0097263854E+00    2.4262621096E-01    4.2610477999E+01    5.6338672734E-02
    5.5599950000E-04    1.0213659667E+00    2.4412579331E-01    4.2673388536E+01    5.6683104933E-02
    5.5699950000E-04    1.0325612548E+00    2.4497903907E-01    4.2735463752E+01    5.7032455797E-02
    5.5799950000E-04    1.0432966522E+00    2.4526997428E-01    4.2796728436E+01    5.7389180600E-02
    5.5899950000E-04    1.0535765834E+00    2.4505866052E-01    4.2857203596E+01    5.7756205952E-02
    5.5999950000E-04    1.0634036395E+00    2.4441774566E-01    4.2916917397E+01    5.8135192455E-02
    5.6099950000E-04    1.0727873164E+00    2.4341455161E-01    4.2975897411E+01    5.8525570964E-02
    5.6199950000E-04    1.0817418970E+00    2.4211038384E-01    4.3034168778E+01    5.8924506769E-02
    5.6299950000E-04    1.0902826607E+00    2.4056340213E-01    4.3091754749E+01    5.9328495855E-02
    5.6399950000E-04    1.0984221317E+00    2.3883369063E-01    4.3148679457E+01    5.9735299074E-02
    5.6499950000E-04    1.1061715305E+00    2.3697527427E-01    4.3204967622E+01    6.0145127204E-02
    5.6599950000E-04    1.1135435202E+00    2.3502139747E-01    4.3260642312E+01    6.0560171592E-02
    5.6699950000E-04    1.1205434057E+00    2.3301148135E-01    4.3315735072E+01    6.0982952943E-02
    5.6799950000E-04    1.1271767740E+00    2.3096363563E-01    4.3370276206E+01    6.1414924031E-02
    5.6899950000E-04    1.1334426444E+00    2.2890320735E-01    4.3424302694E+01    6.1855944672E-02
    5.6999950000E-04    1.1393423959E+00    2.2682769131E-01    4.3477843784E+01    6.2304537009E-02
    5.7099950000E-04    1.1448761102E+00    2.2472999510E-01    4.3530927102E+01    6.2757662170E-02
    5.7199950000E-04    1.1500465032E+00    2.2259222266E-01    4.3583576414E+01    6.3210751621E-02
    5.7299950000E-04    1.1548613162E+00    2.2038609407E-01    4.3635812066E+01    6.3657911795E-02
    5.7399950000E-04    1.1593349155E+00    2.1807136052E-01    4.3687651564E+01    6.4094147156E-02
    5.7499950000E-04    1.1634879804E+00    2.1559957548E-01    4.3739112001E+01    6.4517968162E-02
    5.7599950000E-04    1.1673465144E+00    2.1291655823E-01    4.3790211275E+01    6.4932217914E-02
    5.7699950000E-04    1.1709398222E+00    2.0996911285E-01    4.3840969736E+01    6.5341615768E-02
    5.7799950000E-04    1.1742973958E+00    2.0671723612E-01    4.3891412443E+01    6.5749251074E-02
    5.7899950000E-04    1.1774457686E+00    2.0313540316E-01    4.3941567126E+01    6.6155174132E-02
    5.7999950000E-04    1.1804047195E+00    1.9921963216E-01    4.3991465311E+01    6.6558003221E-02
    5.8099950000E-04    1.1831853403E+00    1.9498392989E-01    4.4041141880E+01    6.6957138655E-02
    5.8199950000E-04    1.1857898117E+00    1.9044722806E-01    4.4090632781E+01    6.7353095926E-02
    5.8299950000E-04    1.1882124860E+00    1.8562819829E-01    4.4139975204E+01    6.7745864683E-02
    5.8399950000E-04    1.1904422367E+00    1.8054655085E-01    4.4189208456E+01    6.8133288558E-02
    5.8499950000E-04    1.1924638896E+00    1.7521395752E-01    4.4238369735E+01    6.8511040805E-02
    5.8599950000E-04    1.1942608439E+00    1.6964560696E-01    4.4287496297E+01    6.8874039868E-02
    5.8699950000E-04    1.1958163583E+00    1.6385678177E-01    4.4336623015E+01    6.9218129367E-02
    5.8799950000E-04    1.1971154597E+00    1.5786707834E-01    4.4385783512E+01    6.9540930722E-02
    5.8899950000E-04    1.1981461063E+00    1.5169977827E-01    4.4435010689E+01    6.9841750278E-02
    5.8999950000E-04    1.1988996147E+00    1.4537983989E-01    4.4484337126E+01    7.0120903931E-02
    5.9099950000E-04    1.1993708243E+00    1.3893358091E-01    4.4533795930E+01    7.0379065917E-02
    5.9199950000E-04    1.1995573501E+00    1.3238650292E-01    4.4583420609E+01    7.0617011167E-02
    5.9299950000E-04    1.1994593679E+00    1.2576492816E-01    4.4633246030E+01    7.0835686572E-02
    5.9399950000E-04    1.1990783774E+00    1.1909367467E-01    4.4683307624E+01    7.1036418432E-02
    5.9499950000E-04    1.1984164519E+00    1.1239576918E-01    4.4733641238E+01    7.1221007877E-02
    5.9599950000E-04    1.1974751196E+00    1.0569045744E-01    4.4784282380E+01    7.1391649313E-02
    5.9699950000E-04    1.1962544109E+00    9.8991809368E-02    4.4835265597E+01    7.1550744505E-02
    5.9799949999E-04    1.1947526181E+00    9.2309596045E-02    4.4886624532E+01    7.1700790909E-02
    5.9899949999E-04    1.1929649591E+00    8.5647218749E-02    4.4938390885E+01    7.1844509198E-02
    5.9999949999E-04    1.1908827187E+00    7.9002046926E-02    4.4990594145E+01    7.1985147439E-02
    6.0099949999E-04    1.1884934805E+00    7.2368870607E-02    4.5043262442E+01    7.2126708331E-02
    6.0199949999E-04    1.1857808420E+00    6.5741557358E-02    4.5096423006E+01    7.2273801715E-02
    6.0299949999E-04    1.1827246560E+00    5.9115523999E-02    4.5150102963E+01    7.2430988244E-02
    6.0399949999E-04    1.1793012058E+00    5.2489618229E-02    4.5204329671E+01    7.2601850038E-02
    6.0499949999E-04    1.1754836285E+00    4.5868517501E-02    4.5259130560E+01    7.2788282897E-02
    6.0599949999E-04    1.1712454295E+00    3.9270139004E-02    4.5314533996E+01    7.2990445133E-02
    6.0699949999E-04    1.1665603095E+00    3.2725441141E-02    4.5370567551E+01    7.3207468342E-02
    6.0799949999E-04    1.1614028248E+00    2.6279483162E-02    4.5427257387E+01    7.3438444256E-02
    6.0899949999E-04    1.1557524495E+00    1.9995183651E-02    4.5484629828E+01    7.3683150441E-02
    6.0999949999E-04    1.1495928942E+00    1.3948419400E-02    4.5542711234E+01    7.3942243687E-02
    6.1099949999E-04    1.1429130988E+00    8.2247459161E-03    4.5601529096E+01    7.4216866898E-02
    6.1199949999E-04    1.1357037634E+00    2.9120190241E-03    4.5661111366E+01    7.4508029618E-02
    6.1299949999E-04    1.1279595634E+00   -1.9002335318E-03    4.5721487477E+01    7.4816018403E-02
    6.1399949999E-04    1.1196758880E+00   -6.1253991777E-03    4.5782686679E+01    7.5140165107E-02
    6.1499949999E-04    1.1108469119E+00   -9.6812495318E-03    4.5844736491E+01    7.5478976989E-02
    6.1599949999E-04    1.1014681308E+00   -1.2487870858E-02    4.5907662168E+01    7.5830520342E-02
    6.1699949999E-04    1.0915321231E+00   -1.4469695176E-02    4.5971483552E+01    7.6192938029E-02
    6.1799949999E-04    1.0810303838E+00   -1.5553382996E-02    4.6036213795E+01    7.6564935678E-02
    6.1899949999E-04    1.0699540662E+00   -1.5666956011E-02    4.6101857419E+01    7.6945946110E-02
    6.1999949999E-04    1.0583004898E+00   -1.4736723501E-02    4.6168409853E+01    7.7335961060E-02
    6.2099949999E-04    1.0460741506E+00   -1.2687876018E-02    4.6235855668E+01    7.7734816569E-02
    6.2199949999E-04    1.0332994646E+00   -9.4417601329E-03    4.6304170874E+01    7.8141158131E-02
    6.2299949999E-04    1.0200304085E+00   -4.9178544867E-03    4.6373325967E+01    7.8551616924E-02
    6.2399949999E-04    1.0063615658E+00    9.6063351382E-04    4.6443290964E+01    7.8960659539E-02
    6.2499949999E-04    9.9243465562E-01    8.2562473869E-03    4.6514040851E+01    7.9361339922E-02
    6.2599949999E-04    9.7843284663E-01    1.7003661399E-02    4.6585558478E+01    7.9746703107E-02
    6.2699949999E-04    9.6456986530E-01    2.7200456978E-02    4.6657835290E+01    8.0111254877E-02
    6.2799949999E-04    9.5107042301E-01    3.8804035777E-02    4.6730868264E+01    8.0451945936E-02
    6.2899949999E-04    9.3815052758E-01    5.1735842154E-02    4.6804655254E+01    8.0768438601E-02
    6.2999949999E-04    9.2601167276E-01    6.5890835369E-02    4.6879192027E+01    8.1062580092E-02
    6.3099949999E-04    9.1482435304E-01    8.1144751995E-02    4.6954467001E+01    8.1337289731E-02
    6.3199949999E-04    9.0473478349E-01    9.7362409830E-02    4.7030460900E+01    8.1595361217E-02
    6.3299949999E-04    8.9586919149E-01    1.1440219913E-01    4.7107145722E+01    8.1838655677E-02
    6.3399949999E-04    8.8832742134E-01    1.3211837566E-01    4.7184482316E+01    8.2067921770E-02
    6.3499949999E-04    8.8219038979E-01    1.5036315356E-01    4.7262420710E+01    8.2283113342E-02
    6.3599949999E-04    8.7753135919E-01    1.6898672836E-01    4.7340900358E+01    8.2483898024E-02
    6.3699949999E-04    8.7440731803E-01    1.8783718076E-01    4.7419848518E+01    8.2670007987E-02
    6.3799949999E-04    8.7286303344E-01    2.0676030830E-01    4.7499181105E+01    8.2841272255E-02
    6.3899949999E-04    8.7292507352E-01    2.2560058184E-01    4.7578803349E+01    8.2997427341E-02
