 sig=    1.000000000000000      inputfile=
 /home/rjrj524/Finished/vmec_gc_tracer/revised_251128/nc/wout_pwO_nfp2_A6.nc                                                                                                                             
 dt=   5.0000000000000003E-010
 steps=      5000000
 x0=   5.4800000000000001E-002    0.000000000000000      
    6.410000000000000     
 u=   -92500.00000000000     
 v_perp=    59000.00000000000     
 
time(s)         x0(1)       x0(2)        x0(3)      r
    9.9950000000E-07    1.1881354273E+00   -5.3952229480E-02    6.3408578601E+00    5.4544540029E-02
    1.9995000000E-06    1.1892399766E+00   -4.5328324578E-02    6.2718245056E+00    5.4326001628E-02
    2.9995000000E-06    1.1896250654E+00   -3.6467646388E-02    6.2028720059E+00    5.4162898094E-02
    3.9995000000E-06    1.1893088429E+00   -2.7324054599E-02    6.1339388091E+00    5.4078120758E-02
    4.9995000000E-06    1.1883160365E+00   -1.7871454926E-02    6.0649658310E+00    5.4088360868E-02
    5.9995000000E-06    1.1866751575E+00   -8.1122213632E-03    5.9958879578E+00    5.4195324475E-02
    6.9995000000E-06    1.1844134176E+00    1.9226598312E-03    5.9266275718E+00    5.4385766599E-02
    7.9995000000E-06    1.1815501818E+00    1.2179050825E-02    5.8570946054E+00    5.4640286485E-02
    8.9995000000E-06    1.1780925072E+00    2.2584483915E-02    5.7871919090E+00    5.4942562362E-02
    9.9995000000E-06    1.1740346841E+00    3.3056551817E-02    5.7168236426E+00    5.5281615330E-02
    1.0999500000E-05    1.1693591949E+00    4.3519338081E-02    5.6459042498E+00    5.5648179380E-02
    1.1999500000E-05    1.1640428732E+00    5.3888653695E-02    5.5743528923E+00    5.6030603078E-02
    1.2999500000E-05    1.1580550689E+00    6.4094493270E-02    5.5020993569E+00    5.6414825148E-02
    1.3999500000E-05    1.1513636571E+00    7.4053805414E-02    5.4290726294E+00    5.6787400214E-02
    1.4999500000E-05    1.1439320511E+00    8.3685803673E-02    5.3552059430E+00    5.7138112902E-02
    1.5999500000E-05    1.1357168850E+00    9.2916535796E-02    5.2804392000E+00    5.7460578753E-02
    1.6999500000E-05    1.1266718757E+00    1.0166481236E-01    5.2047158695E+00    5.7751154826E-02
    1.7999500000E-05    1.1167406446E+00    1.0986015895E-01    5.1279892687E+00    5.8008084061E-02
    1.8999500000E-05    1.1058626876E+00    1.1742194989E-01    5.0502158695E+00    5.8231362196E-02
    1.9999500000E-05    1.0939760268E+00    1.2425368059E-01    4.9713530966E+00    5.8423209188E-02
    2.0999500000E-05    1.0810186581E+00    1.3024253550E-01    4.8913590956E+00    5.8588020981E-02
    2.1999500000E-05    1.0669300346E+00    1.3526048803E-01    4.8101938228E+00    5.8731436317E-02
    2.2999500000E-05    1.0516627978E+00    1.3915228920E-01    4.7278173661E+00    5.8858919205E-02
    2.3999500000E-05    1.0351913614E+00    1.4173720043E-01    4.6441940932E+00    5.8974643624E-02
    2.4999500000E-05    1.0175224446E+00    1.4281329554E-01    4.5592973851E+00    5.9081018286E-02
    2.5999500000E-05    9.9870925342E-01    1.4216280940E-01    4.4731123628E+00    5.9178883981E-02
    2.6999500000E-05    9.7886288691E-01    1.3956527597E-01    4.3856368249E+00    5.9268289843E-02
    2.7999500000E-05    9.5815876034E-01    1.3481558030E-01    4.2968785496E+00    5.9349591433E-02
    2.8999500000E-05    9.3683765370E-01    1.2774213902E-01    4.2068485274E+00    5.9424386525E-02
    2.9999500000E-05    9.1520088310E-01    1.1822207537E-01    4.1155525273E+00    5.9495739037E-02
    3.0999500000E-05    8.9359809321E-01    1.0619250262E-01    4.0229855350E+00    5.9567456195E-02
    3.1999500000E-05    8.7240555759E-01    9.1658238893E-02    3.9291331702E+00    5.9642746825E-02
    3.2999500000E-05    8.5199634020E-01    7.4694804155E-02    3.8339803126E+00    5.9723054594E-02
    3.3999500000E-05    8.3271137383E-01    5.5443436904E-02    3.7375221518E+00    5.9807908933E-02
    3.4999500000E-05    8.1484937216E-01    3.4094959031E-02    3.6397707499E+00    5.9896057625E-02
    3.5999500000E-05    7.9867063528E-01    1.0871608709E-02    3.5407570907E+00    5.9987128722E-02
    3.6999500000E-05    7.8440424572E-01   -1.3986311995E-02    3.4405313723E+00    6.0082433369E-02
    3.7999500000E-05    7.7225976821E-01   -4.0228697097E-02    3.3391639484E+00    6.0183988666E-02
    3.8999500000E-05    7.6244421415E-01   -6.7598490950E-02    3.2367495899E+00    6.0292210750E-02
    3.9999500000E-05    7.5516083179E-01   -9.5826753684E-02    3.1334160749E+00    6.0403965207E-02
    4.0999500000E-05    7.5058751772E-01   -1.2462721768E-01    3.0293307546E+00    6.0512619005E-02
    4.1999500000E-05    7.4885782562E-01   -1.5369778990E-01    2.9246991711E+00    6.0610208756E-02
    4.2999500000E-05    7.5004773302E-01   -1.8272719241E-01    2.8197562542E+00    6.0690202796E-02
    4.3999500000E-05    7.5417024024E-01   -2.1140327808E-01    2.7147538418E+00    6.0749140655E-02
    4.4999500000E-05    7.6118278798E-01   -2.3941941803E-01    2.6099497206E+00    6.0786609393E-02
    4.5999500000E-05    7.7099493127E-01   -2.6647717457E-01    2.5056000618E+00    6.0804209519E-02
    4.6999500000E-05    7.8347233417E-01   -2.9228733818E-01    2.4019531499E+00    6.0804481326E-02
    4.7999500000E-05    7.9844115588E-01   -3.1657152648E-01    2.2992421691E+00    6.0790419412E-02
    4.8999500000E-05    8.1569438421E-01   -3.3906517738E-01    2.1976767213E+00    6.0765645783E-02
    4.9999500000E-05    8.3499985527E-01   -3.5952125606E-01    2.0974351865E+00    6.0734780675E-02
    5.0999500000E-05    8.5610917651E-01   -3.7771283140E-01    1.9986608298E+00    6.0703417707E-02
    5.1999500000E-05    8.7876530007E-01   -3.9343324012E-01    1.9014625603E+00    6.0677582402E-02
    5.2999500000E-05    9.0270624054E-01   -4.0649443202E-01    1.8059186182E+00    6.0663148496E-02
    5.3999500000E-05    9.2766495128E-01   -4.1672500711E-01    1.7120809994E+00    6.0665737284E-02
    5.4999500000E-05    9.5336678676E-01   -4.2396957085E-01    1.6199796041E+00    6.0691147870E-02
    5.5999500000E-05    9.7952570809E-01   -4.2809151202E-01    1.5296261610E+00    6.0745933403E-02
    5.6999500000E-05    1.0058421966E+00   -4.2898013696E-01    1.4410186819E+00    6.0837670178E-02
    5.7999500000E-05    1.0320069912E+00   -4.2656002975E-01    1.3541470068E+00    6.0974585696E-02
    5.8999500000E-05    1.0577079393E+00   -4.2080368669E-01    1.2689970151E+00    6.1164375742E-02
    5.9999500000E-05    1.0826405001E+00   -4.1174443912E-01    1.1855512008E+00    6.1412433507E-02
    6.0999500000E-05    1.1065357711E+00   -3.9945922875E-01    1.1037915411E+00    6.1720466956E-02
    6.1999500000E-05    1.1291656095E+00   -3.8406514208E-01    1.0236928229E+00    6.2086700783E-02
    6.2999500000E-05    1.1503447624E+00   -3.6571203399E-01    9.4521608641E-01    6.2507529623E-02
    6.3999500000E-05    1.1699407807E+00   -3.4453983729E-01    8.6831587579E-01    6.2979162644E-02
    6.4999500000E-05    1.1878527182E+00   -3.2069835861E-01    7.9293406502E-01    6.3497850646E-02
    6.5999500000E-05    1.2040124614E+00   -2.9432386132E-01    7.1900801270E-01    6.4058756724E-02
    6.6999500000E-05    1.2183777701E+00   -2.6554689427E-01    6.4647085172E-01    6.4654942186E-02
    6.7999500000E-05    1.2309325858E+00   -2.3449256965E-01    5.7525340260E-01    6.5277233834E-02
    6.8999500000E-05    1.2416840648E+00   -2.0131337131E-01    5.0527583846E-01    6.5913800113E-02
    6.9999500000E-05    1.2506674185E+00   -1.6617830507E-01    4.3645095949E-01    6.6547724602E-02
    7.0999500000E-05    1.2579405243E+00   -1.2930769984E-01    3.6866964881E-01    6.7152924193E-02
    7.1999500000E-05    1.2635800398E+00   -9.0963537071E-02    3.0179868548E-01    6.7692134432E-02
    7.2999500000E-05    1.2676695970E+00   -5.1463507507E-02    2.3567032108E-01    6.8121324275E-02
    7.3999500000E-05    1.2702850686E+00   -1.1184848905E-02    1.7007729589E-01    6.8400622775E-02
    7.4999500000E-05    1.2714783311E+00    2.9451553093E-02    1.0477911706E-01    6.8506373234E-02
    7.5999500000E-05    1.2712634552E+00    7.0007818318E-02    3.9517151262E-02    6.8437997330E-02
    7.6999500000E-05    1.2696109543E+00    1.1006240758E-01   -2.5963728290E-02    6.8217721542E-02
    7.7999500000E-05    1.2664524927E+00    1.4923536572E-01   -9.1895354740E-02    6.7884560217E-02
    7.8999500000E-05    1.2616935848E+00    1.8720244115E-01   -1.5847265336E-01    6.7484660821E-02
    7.9999500000E-05    1.2552285314E+00    2.2370321022E-01   -2.2584689993E-01    6.7060826596E-02
    8.0999500000E-05    1.2469550733E+00    2.5852429236E-01   -2.9413396704E-01    6.6645203227E-02
    8.1999500000E-05    1.2367851179E+00    2.9149420513E-01   -3.6342240389E-01    6.6257805652E-02
    8.2999500000E-05    1.2246506077E+00    3.2247836903E-01   -4.3378205177E-01    6.5909887606E-02
    8.3999500000E-05    1.2105070909E+00    3.5136159695E-01   -5.0527387805E-01    6.5608406979E-02
    8.4999500000E-05    1.1943335892E+00    3.7803736456E-01   -5.7795380541E-01    6.5358502029E-02
    8.5999500000E-05    1.1761299644E+00    4.0240081917E-01   -6.5187398418E-01    6.5163842327E-02
    8.6999500000E-05    1.1559177746E+00    4.2433684113E-01   -7.2708576653E-01    6.5026513838E-02
    8.7999500000E-05    1.1337467661E+00    4.4371246076E-01   -8.0364109889E-01    6.4947710704E-02
    8.8999500000E-05    1.1096986780E+00    4.6038929587E-01   -8.8158710093E-01    6.4928863938E-02
    8.9999500000E-05    1.0838978988E+00    4.7422600304E-01   -9.6096575609E-01    6.4971635311E-02
    9.0999500000E-05    1.0565214239E+00    4.8508351928E-01   -1.0418171687E+00    6.5076011803E-02
    9.1999500000E-05    1.0278022214E+00    4.9283404034E-01   -1.1241856012E+00    6.5237763903E-02
    9.2999500000E-05    9.9801823836E-01    4.9737566124E-01   -1.2081229304E+00    6.5447418735E-02
    9.3999500000E-05    9.6747291069E-01    4.9864270736E-01   -1.2936890767E+00    6.5691614846E-02
    9.4999500000E-05    9.3647643330E-01    4.9660799138E-01   -1.3809501208E+00    6.5955768150E-02
    9.5999500000E-05    9.0533074795E-01    4.9128100007E-01   -1.4699736597E+00    6.6226559049E-02
    9.6999500000E-05    8.7431906999E-01    4.8270476686E-01   -1.5608218939E+00    6.6493480330E-02
    9.7999500000E-05    8.4370912137E-01    4.7094902934E-01   -1.6535489549E+00    6.6749150842E-02
    9.8999500000E-05    8.1375315228E-01    4.5610754096E-01   -1.7481971904E+00    6.6988238046E-02
    9.9999500000E-05    7.8469726536E-01    4.3829359325E-01   -1.8447986585E+00    6.7205782716E-02
    1.0099950000E-04    7.5678516517E-01    4.1763972191E-01   -1.9433726150E+00    6.7396172087E-02
    1.0199950000E-04    7.3027342328E-01    3.9429831806E-01   -2.0439242398E+00    6.7553470686E-02
    1.0299950000E-04    7.0542301194E-01    3.6844772345E-01   -2.1464276135E+00    6.7672192120E-02
    1.0399950000E-04    6.8251771461E-01    3.4029504496E-01   -2.2508235403E+00    6.7747190062E-02
    1.0499950000E-04    6.6185987430E-01    3.1008167794E-01   -2.3570141351E+00    6.7772625215E-02
    1.0599950000E-04    6.4373200373E-01    2.7808390379E-01   -2.4648508110E+00    6.7742290825E-02
    1.0699950000E-04    6.2836306342E-01    2.4460489556E-01   -2.5741299318E+00    6.7652056749E-02
    1.0799950000E-04    6.1589986204E-01    2.0995781705E-01   -2.6845903025E+00    6.7501598174E-02
    1.0899950000E-04    6.0640354647E-01    1.7444440229E-01   -2.7959230510E+00    6.7292488206E-02
    1.0999950000E-04    5.9987681174E-01    1.3834075955E-01   -2.9077985992E+00    6.7024054489E-02
    1.1099950000E-04    5.9627613260E-01    1.0189090839E-01   -3.0198875178E+00    6.6691305417E-02
    1.1199950000E-04    5.9552432503E-01    6.5313151668E-02   -3.1318778024E+00    6.6286996886E-02
    1.1299950000E-04    5.9750149352E-01    2.8808137043E-02   -3.2434789145E+00    6.5806333940E-02
    1.1399950000E-04    6.0205037809E-01   -7.4311144663E-03   -3.3544297964E+00    6.5250579700E-02
    1.1499950000E-04    6.0898384241E-01   -4.3217699734E-02   -3.4645063434E+00    6.4626512131E-02
    1.1599950000E-04    6.1811214448E-01   -7.8369858369E-02   -3.5735303157E+00    6.3942789957E-02
    1.1699950000E-04    6.2925929281E-01   -1.1271359695E-01   -3.6813670687E+00    6.3207006495E-02
    1.1799950000E-04    6.4230174208E-01   -1.4606546585E-01   -3.7879153240E+00    6.2425401349E-02
    1.1899950000E-04    6.5715347713E-01   -1.7823113162E-01   -3.8930861572E+00    6.1603522258E-02
    1.1999950000E-04    6.7376479268E-01   -2.0899435201E-01   -3.9967934480E+00    6.0745748302E-02
    1.2099950000E-04    6.9208303834E-01   -2.3813238754E-01   -4.0989579401E+00    5.9852640589E-02
    1.2199950000E-04    7.1203807515E-01   -2.6541985519E-01   -4.1995211625E+00    5.8922526650E-02
    1.2299950000E-04    7.3349836578E-01   -2.9065949757E-01   -4.2984551321E+00    5.7956928166E-02
    1.2399950000E-04    7.5628521887E-01   -3.1367780991E-01   -4.3957575923E+00    5.6964789144E-02
    1.2499950000E-04    7.8017453973E-01   -3.3433794314E-01   -4.4914418431E+00    5.5960282751E-02
    1.2599950000E-04    8.0491583706E-01   -3.5254321633E-01   -4.5855295234E+00    5.4956451920E-02
    1.2699950000E-04    8.3025985992E-01   -3.6822436136E-01   -4.6780473121E+00    5.3960187656E-02
    1.2799950000E-04    8.5594417057E-01   -3.8136840282E-01   -4.7690332358E+00    5.2972540999E-02
    1.2899950000E-04    8.8170871528E-01   -3.9200894483E-01   -4.8585332594E+00    5.1993003177E-02
    1.2999950000E-04    9.0730229166E-01   -4.0022317758E-01   -4.9465943615E+00    5.1023614069E-02
    1.3099950000E-04    9.3248179822E-01   -4.0614823456E-01   -5.0332627363E+00    5.0070224874E-02
    1.3199950000E-04    9.5704064263E-01   -4.0994485929E-01   -5.1185758733E+00    4.9140219809E-02
    1.3299950000E-04    9.8081391756E-01   -4.1179343462E-01   -5.2025692089E+00    4.8238512737E-02
    1.3399950000E-04    1.0036847999E+00   -4.1187453789E-01   -5.2852832798E+00    4.7364948987E-02
    1.3499950000E-04    1.0255818241E+00   -4.1034915881E-01   -5.3667679790E+00    4.6514994623E-02
    1.3599950000E-04    1.0464647400E+00   -4.0736139915E-01   -5.4470839212E+00    4.5684007392E-02
    1.3699950000E-04    1.0663169523E+00   -4.0301649107E-01   -5.5262918405E+00    4.4871518172E-02
    1.3799950000E-04    1.0851361015E+00   -3.9738663169E-01   -5.6044467369E+00    4.4081109573E-02
    1.3899950000E-04    1.1029319000E+00   -3.9049930894E-01   -5.6815941607E+00    4.3316017147E-02
    1.3999950000E-04    1.1197181820E+00   -3.8234182127E-01   -5.7577751414E+00    4.2576057662E-02
    1.4099950000E-04    1.1354985230E+00   -3.7289116473E-01   -5.8330351017E+00    4.1861083671E-02
    1.4199950000E-04    1.1502530726E+00   -3.6212686873E-01   -5.9074238477E+00    4.1175543789E-02
    1.4299950000E-04    1.1639428542E+00   -3.5006017732E-01   -5.9809976015E+00    4.0526281395E-02
    1.4399950000E-04    1.1765172253E+00   -3.3670312364E-01   -6.0538094891E+00    3.9916127989E-02
    1.4499950000E-04    1.1879260110E+00   -3.2207369050E-01   -6.1259105284E+00    3.9342638791E-02
    1.4599950000E-04    1.1981260180E+00   -3.0619862444E-01   -6.1973501747E+00    3.8802794538E-02
    1.4699950000E-04    1.2070816975E+00   -2.8911342339E-01   -6.2681765187E+00    3.8296802123E-02
    1.4799950000E-04    1.2147755844E+00   -2.7087282089E-01   -6.3384402767E+00    3.7827876188E-02
    1.4899950000E-04    1.2212070637E+00   -2.5154086333E-01   -6.4081954754E+00    3.7400084411E-02
    1.4999950000E-04    1.2263920380E+00   -2.3118868332E-01   -6.4775024470E+00    3.7016334106E-02
    1.5099950000E-04    1.2303607784E+00   -2.0989095570E-01   -6.5464306668E+00    3.6676601929E-02
    1.5199950000E-04    1.2331501412E+00   -1.8772118072E-01   -6.6150616609E+00    3.6376036165E-02
    1.5299950000E-04    1.2347962829E+00   -1.6475366280E-01   -6.6834930088E+00    3.6104043061E-02
    1.5399950000E-04    1.2353308914E+00   -1.4107020000E-01   -6.7518407014E+00    3.5845635261E-02
    1.5499950000E-04    1.2347743904E+00   -1.1677633711E-01   -6.8202406691E+00    3.5584214511E-02
    1.5599950000E-04    1.2331365392E+00   -9.2008332980E-02   -6.8888432646E+00    3.5304848615E-02
    1.5699950000E-04    1.2304147818E+00   -6.6935053143E-02   -6.9578050325E+00    3.4996301722E-02
    1.5799950000E-04    1.2265940149E+00   -4.1753704640E-02   -7.0272794486E+00    3.4651709945E-02
    1.5899950000E-04    1.2216487433E+00   -1.6677766613E-02   -7.0974076975E+00    3.4268283685E-02
    1.5999950000E-04    1.2155457742E+00    8.0659178372E-03   -7.1683155891E+00    3.3846387874E-02
    1.6099950000E-04    1.2082500439E+00    3.2230581546E-02   -7.2401159724E+00    3.3388409200E-02
    1.6199950000E-04    1.1997340771E+00    5.5554099922E-02   -7.3129099358E+00    3.2897620849E-02
    1.6299950000E-04    1.1899874673E+00    7.7762259403E-02   -7.3867895750E+00    3.2377472191E-02
    1.6399950000E-04    1.1790261347E+00    9.8565830198E-02   -7.4618419834E+00    3.1831619520E-02
    1.6499950000E-04    1.1668979477E+00    1.1768527873E-01   -7.5381449913E+00    3.1264291846E-02
    1.6599950000E-04    1.1536855963E+00    1.3485134436E-01   -7.6157680207E+00    3.0680552897E-02
    1.6699950000E-04    1.1395055295E+00    1.4982178225E-01   -7.6947681759E+00    3.0086350146E-02
    1.6799950000E-04    1.1245043490E+00    1.6239333547E-01   -7.7751867516E+00    2.9488376170E-02
    1.6899950000E-04    1.1088552816E+00    1.7240392013E-01   -7.8570480175E+00    2.8893880084E-02
    1.6999950000E-04    1.0927532639E+00    1.7973784440E-01   -7.9403574558E+00    2.8310447051E-02
    1.7099950000E-04    1.0764060844E+00    1.8433683734E-01   -8.0251005405E+00    2.7745466278E-02
    1.7199950000E-04    1.0600308122E+00    1.8618582067E-01   -8.1112458228E+00    2.7205458049E-02
    1.7299950000E-04    1.0438408482E+00    1.8532665269E-01   -8.1987452389E+00    2.6695531993E-02
    1.7399950000E-04    1.0280425212E+00    1.8184059995E-01   -8.2875379762E+00    2.6219242812E-02
    1.7499950000E-04    1.0128272811E+00    1.7584816375E-01   -8.3775524182E+00    2.5778850746E-02
    1.7599950000E-04    9.9837370018E-01    1.6748872991E-01   -8.4687075889E+00    2.5375869296E-02
    1.7699950000E-04    9.8484033065E-01    1.5692737928E-01   -8.5609142170E+00    2.5011469314E-02
    1.7799950000E-04    9.7236973974E-01    1.4433654793E-01   -8.6540745964E+00    2.4686523591E-02
    1.7899950000E-04    9.6108073951E-01    1.2990687251E-01   -8.7480854353E+00    2.4401293369E-02
    1.7999950000E-04    9.5107244595E-01    1.1383047916E-01   -8.8428375605E+00    2.4155034799E-02
    1.8099950000E-04    9.4241888185E-01    9.6309278604E-02   -8.9382201396E+00    2.3945836973E-02
    1.8199950000E-04    9.3517038022E-01    7.7555246370E-02   -9.0341245008E+00    2.3771110544E-02
    1.8299950000E-04    9.2935907253E-01    5.7790588336E-02   -9.1304470876E+00    2.3628578088E-02
    1.8399950000E-04    9.2500728584E-01    3.7245609550E-02   -9.2270895057E+00    2.3517307952E-02
    1.8499950000E-04    9.2213380986E-01    1.6159725005E-02   -9.3239579772E+00    2.3437970963E-02
    1.8599950000E-04    9.2075761217E-01   -5.2154410062E-03   -9.4209635522E+00    2.3392104595E-02
    1.8699950000E-04    9.2089923203E-01   -2.6623561460E-02   -9.5180183387E+00    2.3381024418E-02
    1.8799950000E-04    9.2257880856E-01   -4.7811738541E-02   -9.6150318566E+00    2.3405338738E-02
    1.8899950000E-04    9.2581278943E-01   -6.8535191254E-02   -9.7119088482E+00    2.3465358511E-02
    1.8999950000E-04    9.3060885149E-01   -8.8559886925E-02   -9.8085474373E+00    2.3561750636E-02
    1.9099950000E-04    9.3695973516E-01   -1.0766146828E-01   -9.9048387648E+00    2.3695723287E-02
    1.9199950000E-04    9.4483989580E-01   -1.2561871188E-01   -1.0000669070E+01    2.3868664259E-02
    1.9299950000E-04    9.5420103302E-01   -1.4221459522E-01   -1.0095920235E+01    2.4081596170E-02
    1.9399950000E-04    9.6496898695E-01   -1.5723917792E-01   -1.0190471853E+01    2.4334841937E-02
    1.9499950000E-04    9.7704635511E-01   -1.7048670251E-01   -1.0284205598E+01    2.4628086233E-02
    1.9599950000E-04    9.9031231484E-01   -1.8176056326E-01   -1.0377007850E+01    2.4960702989E-02
    1.9699950000E-04    1.0046262782E+00   -1.9087179114E-01   -1.0468772761E+01    2.5332108641E-02
    1.9799950000E-04    1.0198292324E+00   -1.9764150462E-01   -1.0559403385E+01    2.5741904115E-02
    1.9899950000E-04    1.0357430867E+00   -2.0190790444E-01   -1.0648812074E+01    2.6189643657E-02
    1.9999950000E-04    1.0521701168E+00   -2.0353654886E-01   -1.0736921226E+01    2.6674263917E-02
    2.0099950000E-04    1.0688978094E+00   -2.0242379930E-01   -1.0823664267E+01    2.7193410329E-02
    2.0199950000E-04    1.0857005382E+00   -1.9851314183E-01   -1.0908988192E+01    2.7742957180E-02
    2.0299950000E-04    1.1023526539E+00   -1.9178605754E-01   -1.0992854262E+01    2.8317032082E-02
    2.0399950000E-04    1.1186294400E+00   -1.8228659663E-01   -1.1075242830E+01    2.8908512390E-02
    2.0499950000E-04    1.1343219162E+00   -1.7010308637E-01   -1.1156152461E+01    2.9509802857E-02
    2.0599950000E-04    1.1492414377E+00   -1.5537155531E-01   -1.1235600694E+01    3.0113503210E-02
    2.0699950000E-04    1.1632241142E+00   -1.3827665259E-01   -1.1313624096E+01    3.0712754552E-02
    2.0799950000E-04    1.1761367207E+00   -1.1903666479E-01   -1.1390274123E+01    3.1301226213E-02
    2.0899950000E-04    1.1878781378E+00   -9.7905139410E-02   -1.1465616557E+01    3.1873097697E-02
    2.0999950000E-04    1.1983820181E+00   -7.5157649644E-02   -1.1539727852E+01    3.2423092353E-02
    2.1099950000E-04    1.2076160176E+00   -5.1080907003E-02   -1.1612693221E+01    3.2946205772E-02
    2.1199950000E-04    1.2155777423E+00   -2.5967902864E-02   -1.1684607127E+01    3.3437473387E-02
    2.1299950000E-04    1.2222875465E+00   -9.7033201520E-05   -1.1755570475E+01    3.3891806085E-02
    2.1399950000E-04    1.2277784124E+00    2.6263969032E-02   -1.1825695491E+01    3.4304511652E-02
    2.1499950000E-04    1.2320861695E+00    5.2862423563E-02   -1.1895108106E+01    3.4672598932E-02
    2.1599950000E-04    1.2352410565E+00    7.9460280149E-02   -1.1963949980E+01    3.4996173229E-02
    2.1699950000E-04    1.2372628279E+00    1.0583163275E-01   -1.2032378408E+01    3.5279536925E-02
    2.1799950000E-04    1.2381581069E+00    1.3177264499E-01   -1.2100559192E+01    3.5531871573E-02
    2.1899950000E-04    1.2379202965E+00    1.5711006252E-01   -1.2168656927E+01    3.5767130235E-02
    2.1999950000E-04    1.2365306142E+00    1.8170776391E-01   -1.2236824117E+01    3.6002786425E-02
    2.2099950000E-04    1.2339591424E+00    2.0546507038E-01   -1.2305192830E+01    3.6257102612E-02
    2.2199950000E-04    1.2301666703E+00    2.2830419988E-01   -1.2373872197E+01    3.6545525153E-02
    2.2299950000E-04    1.2251116989E+00    2.5015379447E-01   -1.2442951825E+01    3.6878158916E-02
    2.2399950000E-04    1.2187552337E+00    2.7094342213E-01   -1.2512505290E+01    3.7259206657E-02
    2.2499950000E-04    1.2110676080E+00    2.9060151883E-01   -1.2582594702E+01    3.7688332614E-02
    2.2599950000E-04    1.2020358805E+00    3.0905775508E-01   -1.2653274391E+01    3.8162400510E-02
    2.2699950000E-04    1.1916671851E+00    3.2624811853E-01   -1.2724593704E+01    3.8677117093E-02
    2.2799950000E-04    1.1799860569E+00    3.4211804410E-01   -1.2796600112E+01    3.9229334897E-02
    2.2899950000E-04    1.1670344264E+00    3.5663037472E-01   -1.2869340832E+01    3.9819247948E-02
    2.2999950000E-04    1.1528630509E+00    3.6975949450E-01   -1.2942865507E+01    4.0449706233E-02
    2.3099950000E-04    1.1375272037E+00    3.8148428713E-01   -1.3017227617E+01    4.1121978293E-02
    2.3199950000E-04    1.1210807088E+00    3.9179255727E-01   -1.3092482498E+01    4.1833051927E-02
    2.3299950000E-04    1.1035624620E+00    4.0067914368E-01   -1.3168685349E+01    4.2578900685E-02
    2.3399950000E-04    1.0849918810E+00    4.0815933396E-01   -1.3245884369E+01    4.3358713173E-02
    2.3499950000E-04    1.0653725876E+00    4.1423934127E-01   -1.3324123186E+01    4.4172752321E-02
    2.3599950000E-04    1.0447075148E+00    4.1889504841E-01   -1.3403445816E+01    4.5017895634E-02
    2.3699950000E-04    1.0230106483E+00    4.2205918678E-01   -1.3483902788E+01    4.5888013348E-02
    2.3799950000E-04    1.0003116576E+00    4.2362890274E-01   -1.3565550876E+01    4.6778981406E-02
    2.3899950000E-04    9.7666105662E-01    4.2347176300E-01   -1.3648447716E+01    4.7691477779E-02
    2.3999950000E-04    9.5213998824E-01    4.2143381698E-01   -1.3732643611E+01    4.8628636751E-02
    2.4099950000E-04    9.2686928409E-01    4.1735251062E-01   -1.3818178710E+01    4.9591643760E-02
    2.4199950000E-04    9.0101515413E-01    4.1106651670E-01   -1.3905087709E+01    5.0577321037E-02
    2.4299950000E-04    8.7479221740E-01    4.0241794934E-01   -1.3993410193E+01    5.1579402479E-02
    2.4399950000E-04    8.4844399939E-01    3.9128780611E-01   -1.4083192386E+01    5.2591971616E-02
    2.4499950000E-04    8.2222914546E-01    3.7760297227E-01   -1.4174486381E+01    5.3611977247E-02
    2.4599950000E-04    7.9641791000E-01    3.6132942144E-01   -1.4267344470E+01    5.4638904773E-02
    2.4699950000E-04    7.7127053985E-01    3.4249507971E-01   -1.4361807481E+01    5.5671420991E-02
    2.4799950000E-04    7.4704205640E-01    3.2117214506E-01   -1.4457903418E+01    5.6703254105E-02
    2.4899950000E-04    7.2398255672E-01    2.9746743061E-01   -1.4555649758E+01    5.7722053193E-02
    2.4999950000E-04    7.0231426099E-01    2.7153047467E-01   -1.4655054473E+01    5.8713409465E-02
    2.5099950000E-04    6.8221972243E-01    2.4354330220E-01   -1.4756112893E+01    5.9667393485E-02
    2.5199950000E-04    6.6383727643E-01    2.1370982685E-01   -1.4858797787E+01    6.0581861509E-02
    2.5299950000E-04    6.4724033342E-01    1.8226490382E-01   -1.4963053313E+01    6.1459033860E-02
    2.5399950000E-04    6.3248716749E-01    1.4943793170E-01   -1.5068799594E+01    6.2298961363E-02
    2.5499950000E-04    6.1962042677E-01    1.1545878579E-01   -1.5175946466E+01    6.3096386142E-02
    2.5599950000E-04    6.0873156606E-01    8.0525502344E-02   -1.5284394096E+01    6.3843192573E-02
    2.5699950000E-04    5.9993596212E-01    4.4828900789E-02   -1.5394027711E+01    6.4530769645E-02
    2.5799950000E-04    5.9339907369E-01    8.5449565146E-03   -1.5504695459E+01    6.5150981903E-02
    2.5899950000E-04    5.8929523776E-01   -2.8146094450E-02   -1.5616201112E+01    6.5696945068E-02
    2.5999950000E-04    5.8779440937E-01   -6.5061979832E-02   -1.5728303493E+01    6.6164614209E-02
    2.6099950000E-04    5.8903254666E-01   -1.0201341920E-01   -1.5840730155E+01    6.6554718678E-02
    2.6199950000E-04    5.9312376912E-01   -1.3880664698E-01   -1.5953178897E+01    6.6872299654E-02
    2.6299950000E-04    6.0013642277E-01   -1.7522515621E-01   -1.6065333030E+01    6.7123523817E-02
    2.6399950000E-04    6.1011072073E-01   -2.1102540622E-01   -1.6176860748E+01    6.7312090890E-02
    2.6499950000E-04    6.2304113408E-01   -2.4592991656E-01   -1.6287434195E+01    6.7438157456E-02
    2.6599950000E-04    6.3885693268E-01   -2.7963402813E-01   -1.6396753946E+01    6.7500748794E-02
    2.6699950000E-04    6.5740833205E-01   -3.1182334142E-01   -1.6504568998E+01    6.7501463525E-02
    2.6799950000E-04    6.7846288944E-01   -3.4219396861E-01   -1.6610688624E+01    6.7445764742E-02
    2.6899950000E-04    7.0173381582E-01   -3.7047022651E-01   -1.6714978153E+01    6.7340718187E-02
    2.6999950000E-04    7.2692632708E-01   -3.9641252013E-01   -1.6817346423E+01    6.7192347985E-02
    2.7099950000E-04    7.5375654350E-01   -4.1981603767E-01   -1.6917743306E+01    6.7005439437E-02
    2.7199950000E-04    7.8195760220E-01   -4.4050675868E-01   -1.7016153475E+01    6.6784877918E-02
    2.7299950000E-04    8.1128007117E-01   -4.5833569861E-01   -1.7112584455E+01    6.6536233347E-02
    2.7399950000E-04    8.4148148240E-01   -4.7317458499E-01   -1.7207059332E+01    6.6265086738E-02
    2.7499950000E-04    8.7231249116E-01   -4.8491617313E-01   -1.7299615185E+01    6.5976559642E-02
    2.7599950000E-04    9.0351924059E-01   -4.9347350182E-01   -1.7390298140E+01    6.5676116289E-02
    2.7699950000E-04    9.3483672757E-01   -4.9878249031E-01   -1.7479163910E+01    6.5371240584E-02
    2.7799950000E-04    9.6598046136E-01   -5.0080797749E-01   -1.7566278148E+01    6.5072439369E-02
    2.7899950000E-04    9.9665346756E-01   -4.9954485910E-01   -1.7651709018E+01    6.4792982257E-02
    2.7999950000E-04    1.0265522394E+00   -4.9502147682E-01   -1.7735522069E+01    6.4547507270E-02
    2.8099950000E-04    1.0553735548E+00   -4.8730766010E-01   -1.7817779446E+01    6.4349600333E-02
    2.8199950000E-04    1.0828425465E+00   -4.7650532705E-01   -1.7898533418E+01    6.4209145271E-02
    2.8299950000E-04    1.1087278148E+00   -4.6274125158E-01   -1.7977828569E+01    6.4130814014E-02
    2.8399950000E-04    1.1328511742E+00   -4.4615573684E-01   -1.8055705996E+01    6.4114921167E-02
    2.8499950000E-04    1.1550873021E+00   -4.2689178790E-01   -1.8132208207E+01    6.4159950134E-02
    2.8599950000E-04    1.1753554597E+00   -4.0508687746E-01   -1.8207381565E+01    6.4264540023E-02
    2.8699950000E-04    1.1936085793E+00   -3.8086830081E-01   -1.8281275626E+01    6.4427586354E-02
    2.8799950000E-04    1.2098248749E+00   -3.5435244743E-01   -1.8353941627E+01    6.4647149441E-02
    2.8899950000E-04    1.2240049929E+00   -3.2564471337E-01   -1.8425431345E+01    6.4919725354E-02
    2.8999950000E-04    1.2361708804E+00   -2.9485008555E-01   -1.8495799728E+01    6.5240345422E-02
    2.9099950000E-04    1.2463683069E+00   -2.6207716189E-01   -1.8565105180E+01    6.5602300258E-02
    2.9199950000E-04    1.2546648402E+00   -2.2746199092E-01   -1.8633417950E+01    6.5994784206E-02
    2.9299950000E-04    1.2611486315E+00   -1.9117340610E-01   -1.8700825613E+01    6.6398602484E-02
    2.9399950000E-04    1.2659223504E+00   -1.5341238034E-01   -1.8767439265E+01    6.6782773063E-02
    2.9499950000E-04    1.2690910350E+00   -1.1443886829E-01   -1.8833409723E+01    6.7105601285E-02
    2.9599950000E-04    1.2707493040E+00   -7.4570318162E-02   -1.8898929119E+01    6.7321400794E-02
    2.9699950000E-04    1.2709662346E+00   -3.4179261805E-02   -1.8964226324E+01    6.7390576246E-02
    2.9799950000E-04    1.2697729045E+00    6.3158889971E-03   -1.9029555267E+01    6.7289324882E-02
    2.9899950000E-04    1.2671576774E+00    4.6480256483E-02   -1.9095173424E+01    6.7016072737E-02
    2.9999950000E-04    1.2630715233E+00    8.5892799728E-02   -1.9161321381E+01    6.6592323531E-02
    3.0099950000E-04    1.2574412212E+00    1.2417595765E-01   -1.9228206667E+01    6.6056310874E-02
    3.0199950000E-04    1.2501858855E+00    1.6100319498E-01   -1.9296000648E+01    6.5451305691E-02
    3.0299950000E-04    1.2412307326E+00    1.9611082718E-01   -1.9364837764E+01    6.4814594911E-02
    3.0399950000E-04    1.2305194516E+00    2.2927430428E-01   -1.9434829117E+01    6.4172696173E-02
    3.0499950000E-04    1.2180182513E+00    2.6032009378E-01   -1.9506064023E+01    6.3543051575E-02
    3.0599950000E-04    1.2037210513E+00    2.8909340500E-01   -1.9578623344E+01    6.2937942494E-02
    3.0699950000E-04    1.1876457114E+00    3.1546473651E-01   -1.9652577888E+01    6.2366884263E-02
    3.0799950000E-04    1.1698363516E+00    3.3930160744E-01   -1.9727995037E+01    6.1837145500E-02
    3.0899950000E-04    1.1503632492E+00    3.6046648817E-01   -1.9804937899E+01    6.1353810786E-02
    3.0999950000E-04    1.1293303916E+00    3.7880764724E-01   -1.9883465021E+01    6.0920884295E-02
    3.1099950000E-04    1.1068746004E+00    3.9418227132E-01   -1.9963622359E+01    6.0542326796E-02
    3.1199950000E-04    1.0831824019E+00    4.0644422306E-01   -2.0045447259E+01    6.0221899982E-02
    3.1299950000E-04    1.0584841114E+00    4.1547744017E-01   -2.0128963972E+01    5.9961531222E-02
    3.1399950000E-04    1.0330474849E+00    4.2120987154E-01   -2.0214187957E+01    5.9759710868E-02
    3.1499950000E-04    1.0071762573E+00    4.2361125182E-01   -2.0301133930E+01    5.9611311352E-02
    3.1599950000E-04    9.8118267198E-01    4.2271134390E-01   -2.0389812818E+01    5.9508956633E-02
    3.1699950000E-04    9.5537358496E-01    4.1859036158E-01   -2.0480230218E+01    5.9444755241E-02
    3.1799950000E-04    9.3004755225E-01    4.1136238227E-01   -2.0572383523E+01    5.9411424960E-02
    3.1899950000E-04    9.0549082911E-01    4.0116675866E-01   -2.0666256324E+01    5.9402641426E-02
    3.1999950000E-04    8.8197860011E-01    3.8816162863E-01   -2.0761813767E+01    5.9412791333E-02
    3.2099950000E-04    8.5977829701E-01    3.7252123609E-01   -2.0858998533E+01    5.9436445217E-02
    3.2199950000E-04    8.3915163708E-01    3.5443658424E-01   -2.0957726684E+01    5.9467958807E-02
    3.2299950000E-04    8.2035365689E-01    3.3411745414E-01   -2.1057883437E+01    5.9501546956E-02
    3.2399950000E-04    8.0362773192E-01    3.1179388778E-01   -2.1159320096E+01    5.9531788451E-02
    3.2499950000E-04    7.8919801986E-01    2.8771547177E-01   -2.1261854360E+01    5.9554095149E-02
    3.2599950000E-04    7.7726241559E-01    2.6214828574E-01   -2.1365275215E+01    5.9564733065E-02
    3.2699950000E-04    7.6798666754E-01    2.3537138003E-01   -2.1469350795E+01    5.9560532407E-02
    3.2799950000E-04    7.6149848564E-01    2.0767448195E-01   -2.1573836232E+01    5.9538855471E-02
    3.2899950000E-04    7.5788234663E-01    1.7935689557E-01   -2.1678480042E+01    5.9498234897E-02
    3.2999950000E-04    7.5717568824E-01    1.5072644988E-01   -2.1783029986E+01    5.9439506656E-02
    3.3099950000E-04    7.5936350691E-01    1.2209672424E-01   -2.1887240485E+01    5.9366664917E-02
    3.3199950000E-04    7.6437097808E-01    9.3780702638E-02   -2.1990883244E+01    5.9286463951E-02
    3.3299950000E-04    7.7206468156E-01    6.6082037796E-02   -2.2093759447E+01    5.9206391662E-02
    3.3399950000E-04    7.8226964093E-01    3.9289173166E-02   -2.2195707945E+01    5.9131931712E-02
    3.3499950000E-04    7.9478946502E-01    1.3675405700E-02   -2.2296605432E+01    5.9064895024E-02
    3.3599950000E-04    8.0941961759E-01   -1.0496467815E-02   -2.2396359971E+01    5.9003960600E-02
    3.3699950000E-04    8.2594812503E-01   -3.2969890760E-02   -2.2494902952E+01    5.8946873515E-02
    3.3799950000E-04    8.4414279947E-01   -5.3496861886E-02   -2.2592184623E+01    5.8892552509E-02
    3.3899950000E-04    8.6373178850E-01   -7.1850123339E-02   -2.2688174404E+01    5.8841655760E-02
    3.3999950000E-04    8.8439197776E-01   -8.7841869876E-02   -2.2782861838E+01    5.8795525007E-02
    3.4099950000E-04    9.0575477733E-01   -1.0134204971E-01   -2.2876253052E+01    5.8754596582E-02
    3.4199950000E-04    9.2742798125E-01   -1.1229084333E-01   -2.2968361671E+01    5.8717470625E-02
    3.4299950000E-04    9.4902528095E-01   -1.2070335826E-01   -2.3059198217E+01    5.8681115706E-02
    3.4399950000E-04    9.7019443791E-01   -1.2666677944E-01   -2.3148763612E+01    5.8641925242E-02
    3.4499950000E-04    9.9063827727E-01   -1.3033094972E-01   -2.3237049867E+01    5.8596932846E-02
    3.4599950000E-04    1.0101265028E+00   -1.3189357801E-01   -2.3324046663E+01    5.8544466476E-02
    3.4699950000E-04    1.0284990658E+00   -1.3158155510E-01   -2.3409749603E+01    5.8483899286E-02
    3.4799950000E-04    1.0456625964E+00   -1.2963078723E-01   -2.3494166082E+01    5.8414765525E-02
    3.4899950000E-04    1.0615816840E+00   -1.2626754226E-01   -2.3577316904E+01    5.8335861306E-02
    3.4999950000E-04    1.0762668607E+00   -1.2169424014E-01   -2.3659234020E+01    5.8244763041E-02
    3.5099950000E-04    1.0897609386E+00   -1.1608210952E-01   -2.3739956309E+01    5.8137798924E-02
    3.5199950000E-04    1.1021250649E+00   -1.0957220469E-01   -2.3819525901E+01    5.8010389724E-02
    3.5299950000E-04    1.1134273397E+00   -1.0228147785E-01   -2.3897986087E+01    5.7857796244E-02
    3.5399950000E-04    1.1237372310E+00   -9.4305388692E-02   -2.3975379412E+01    5.7676241247E-02
    3.5499950000E-04    1.1331207962E+00   -8.5723599479E-02   -2.4051748458E+01    5.7464044000E-02
    3.5599950000E-04    1.1416363464E+00   -7.6610464425E-02   -2.4127139442E+01    5.7222064701E-02
    3.5699950000E-04    1.1493387342E+00   -6.7025679589E-02   -2.4201599090E+01    5.6953335177E-02
    3.5799950000E-04    1.1562717020E+00   -5.7039775707E-02   -2.4275183323E+01    5.6662680236E-02
    3.5899950000E-04    1.1624742111E+00   -4.6721692187E-02   -2.4347952473E+01    5.6356569029E-02
    3.5999950000E-04    1.1679774635E+00   -3.6154492921E-02   -2.4419975335E+01    5.6043839319E-02
    3.6099950000E-04    1.1728095681E+00   -2.5424411230E-02   -2.4491324753E+01    5.5735859097E-02
    3.6199950000E-04    1.1769992188E+00   -1.4603133450E-02   -2.4562071153E+01    5.5445034353E-02
    3.6299950000E-04    1.1805692141E+00   -3.7802634006E-03   -2.4632295222E+01    5.5182059531E-02
    3.6399950000E-04    1.1835397561E+00    6.9590422962E-03   -2.4702081943E+01    5.4954348516E-02
    3.6499950000E-04    1.1859241588E+00    1.7533293410E-02   -2.4771522454E+01    5.4768500358E-02
    3.6599950000E-04    1.1877238703E+00    2.7860821865E-02   -2.4840714333E+01    5.4635444194E-02
    3.6699950000E-04    1.1889270444E+00    3.7871458109E-02   -2.4909753207E+01    5.4572509581E-02
    3.6799950000E-04    1.1895105627E+00    4.7525005086E-02   -2.4978721334E+01    5.4597932895E-02
    3.6899950000E-04    1.1894445614E+00    5.6806412076E-02   -2.5047688019E+01    5.4720479900E-02
    3.6999950000E-04    1.1886990784E+00    6.5720200735E-02   -2.5116715832E+01    5.4933062264E-02
    3.7099950000E-04    1.1872487161E+00    7.4306042124E-02   -2.5185861861E+01    5.5216270584E-02
    3.7199950000E-04    1.1850748394E+00    8.2627929695E-02   -2.5255184674E+01    5.5548009668E-02
    3.7299950000E-04    1.1821670179E+00    9.0765414782E-02   -2.5324743896E+01    5.5912062161E-02
    3.7399950000E-04    1.1785235224E+00    9.8802091485E-02   -2.5394597034E+01    5.6302406132E-02
    3.7499950000E-04    1.1741518551E+00    1.0680024410E-01   -2.5464802809E+01    5.6722113314E-02
    3.7599950000E-04    1.1690659811E+00    1.1480458764E-01   -2.5535419880E+01    5.7177342090E-02
    3.7699950000E-04    1.1632845895E+00    1.2282056514E-01   -2.5606518344E+01    5.7669135195E-02
    3.7799950000E-04    1.1568223853E+00    1.3083856408E-01   -2.5678174859E+01    5.8190917860E-02
    3.7899950000E-04    1.1496869306E+00    1.3880985176E-01   -2.5750479369E+01    5.8732769968E-02
    3.7999950000E-04    1.1418661297E+00    1.4669514361E-01   -2.5823511830E+01    5.9286802989E-02
    3.8099950000E-04    1.1333319752E+00    1.5443674637E-01   -2.5897345892E+01    5.9846338640E-02
    3.8199950000E-04    1.1240418606E+00    1.6196956866E-01   -2.5972043612E+01    6.0401269725E-02
    3.8299950000E-04    1.1139433495E+00    1.6921574973E-01   -2.6047660313E+01    6.0937040777E-02
    3.8399950000E-04    1.1029779029E+00    1.7608050114E-01   -2.6124250258E+01    6.1439520898E-02
    3.8499950000E-04    1.0910832773E+00    1.8245170158E-01   -2.6201867119E+01    6.1901588534E-02
    3.8599950000E-04    1.0781970486E+00    1.8819991010E-01   -2.6280561714E+01    6.2325318367E-02
    3.8699950000E-04    1.0642603227E+00    1.9318180450E-01   -2.6360377936E+01    6.2718972182E-02
    3.8799950000E-04    1.0492447577E+00    1.9720358494E-01   -2.6441363192E+01    6.3091964020E-02
    3.8899950000E-04    1.0331271886E+00    2.0008855617E-01   -2.6523547695E+01    6.3451575625E-02
    3.8999950000E-04    1.0159268888E+00    2.0162231709E-01   -2.6606965464E+01    6.3802159088E-02
    3.9099950000E-04    9.9769343262E-01    2.0159219928E-01   -2.6691643516E+01    6.4146097014E-02
    3.9199950000E-04    9.7851694420E-01    1.9978615182E-01   -2.6777603839E+01    6.4484795034E-02
    3.9299950000E-04    9.5852231126E-01    1.9601387589E-01   -2.6864857405E+01    6.4819015394E-02
    3.9399950000E-04    9.3786564853E-01    1.9011905792E-01   -2.6953402421E+01    6.5148920146E-02
    3.9499950000E-04    9.1673735642E-01    1.8198135531E-01   -2.7043229047E+01    6.5474276828E-02
    3.9599950000E-04    8.9535087699E-01    1.7152793401E-01   -2.7134322632E+01    6.5795088389E-02
    3.9699950000E-04    8.7394678674E-01    1.5872648854E-01   -2.7226674503E+01    6.6112145422E-02
    3.9799950000E-04    8.5278517615E-01    1.4358657473E-01   -2.7320286750E+01    6.6426729431E-02
    3.9899950000E-04    8.3213482912E-01    1.2615985539E-01   -2.7415171980E+01    6.6739697230E-02
    3.9999950000E-04    8.1226761444E-01    1.0653580865E-01   -2.7511348453E+01    6.7050653504E-02
    4.0099950000E-04    7.9344397492E-01    8.4841627525E-02   -2.7608829817E+01    6.7358028020E-02
    4.0199950000E-04    7.7590419653E-01    6.1237183307E-02   -2.7707616566E+01    6.7660327960E-02
    4.0299950000E-04    7.5987190241E-01    3.5905034215E-02   -2.7807692594E+01    6.7957595745E-02
    4.0399950000E-04    7.4556558682E-01    9.0411911740E-03   -2.7909024488E+01    6.8251561213E-02
    4.0499950000E-04    7.3319465035E-01   -1.9145166477E-02   -2.8011559182E+01    6.8544031616E-02
    4.0599950000E-04    7.2299437054E-01   -4.8438935145E-02   -2.8115221481E+01    6.8834189105E-02
    4.0699950000E-04    7.1520683557E-01   -7.8608187460E-02   -2.8219902434E+01    6.9116926366E-02
    4.0799950000E-04    7.1005820024E-01   -1.0939881100E-01   -2.8325450326E+01    6.9383860160E-02
    4.0899950000E-04    7.0775487391E-01   -1.4053741153E-01   -2.8431666375E+01    6.9626437200E-02
    4.0999950000E-04    7.0843781601E-01   -1.7173203138E-01   -2.8538309089E+01    6.9838839874E-02
    4.1099950000E-04    7.1217399936E-01   -2.0268097217E-01   -2.8645106868E+01    7.0018729113E-02
    4.1199950000E-04    7.1895905982E-01   -2.3308003401E-01   -2.8751772804E+01    7.0166123946E-02
    4.1299950000E-04    7.2873544722E-01   -2.6262632976E-01   -2.8858015818E+01    7.0281972802E-02
    4.1399950000E-04    7.4137267750E-01   -2.9102152994E-01   -2.8963555478E+01    7.0367503833E-02
    4.1499950000E-04    7.5668250410E-01   -3.1797703186E-01   -2.9068132173E+01    7.0424162168E-02
    4.1599950000E-04    7.7444224504E-01   -3.4321730025E-01   -2.9171514318E+01    7.0453886609E-02
    4.1699950000E-04    7.9440346585E-01   -3.6648449696E-01   -2.9273507382E+01    7.0459769632E-02
    4.1799950000E-04    8.1630316465E-01   -3.8754273034E-01   -2.9373959027E+01    7.0446675286E-02
    4.1899950000E-04    8.3987518370E-01   -4.0617910158E-01   -2.9472757624E+01    7.0421095736E-02
    4.1999950000E-04    8.6485639951E-01   -4.2220146856E-01   -2.9569826220E+01    7.0390202276E-02
    4.2099950000E-04    8.9098560961E-01   -4.3543544803E-01   -2.9665116106E+01    7.0360911907E-02
    4.2199950000E-04    9.1799782129E-01   -4.4572298608E-01   -2.9758602312E+01    7.0339756175E-02
    4.2299950000E-04    9.4561876341E-01   -4.5292268022E-01   -2.9850280144E+01    7.0333542592E-02
    4.2399950000E-04    9.7356053411E-01   -4.5691264806E-01   -2.9940161466E+01    7.0350175668E-02
    4.2499950000E-04    1.0015174477E+00   -4.5759897571E-01   -3.0028270605E+01    7.0398990272E-02
    4.2599950000E-04    1.0291673949E+00   -4.5492879712E-01   -3.0114639420E+01    7.0490215000E-02
    4.2699950000E-04    1.0561860846E+00   -4.4889922874E-01   -3.0199300977E+01    7.0633449293E-02
    4.2799950000E-04    1.0822690239E+00   -4.3955706211E-01   -3.0282284840E+01    7.0835570201E-02
    4.2899950000E-04    1.1071487986E+00   -4.2699409633E-01   -3.0363618542E+01    7.1099238538E-02
    4.2999950000E-04    1.1306064451E+00   -4.1133581627E-01   -3.0443333028E+01    7.1423173649E-02
    4.3099950000E-04    1.1524754902E+00   -3.9272321306E-01   -3.0521467052E+01    7.1804070152E-02
    4.3199950000E-04    1.1726358262E+00   -3.7129819071E-01   -3.0598068426E+01    7.2238535307E-02
    4.3299950000E-04    1.1910021890E+00   -3.4719912580E-01   -3.0673193111E+01    7.2723384610E-02
    4.3399950000E-04    1.2075183252E+00   -3.2055088084E-01   -3.0746900303E+01    7.3254573804E-02
    4.3499950000E-04    1.2221503220E+00   -2.9147472359E-01   -3.0819252413E+01    7.3826154184E-02
    4.3599950000E-04    1.2348895553E+00   -2.6008360469E-01   -3.0890312235E+01    7.4430334338E-02
    4.3699950000E-04    1.2457505309E+00   -2.2651638847E-01   -3.0960151324E+01    7.5057235599E-02
    4.3799950000E-04    1.2547766273E+00   -1.9093257501E-01   -3.1028848660E+01    7.5692227140E-02
    4.3899950000E-04    1.2620370808E+00   -1.5353708136E-01   -3.1096502073E+01    7.6310764778E-02
    4.3999950000E-04    1.2676224868E+00   -1.1458048370E-01   -3.1163235479E+01    7.6874780792E-02
    4.4099950000E-04    1.2716333377E+00   -7.4368770971E-02   -3.1229209125E+01    7.7336008653E-02
    4.4199950000E-04    1.2741638047E+00   -3.3270554878E-02   -3.1294626395E+01    7.7647056267E-02
    4.4299950000E-04    1.2752828936E+00    8.2936733266E-03   -3.1359728904E+01    7.7774643852E-02
    4.4399950000E-04    1.2750176051E+00    4.9876583270E-02   -3.1424780905E+01    7.7708389745E-02
    4.4499950000E-04    1.2733449613E+00    9.1036199776E-02   -3.1490047255E+01    7.7462862560E-02
    4.4599950000E-04    1.2701967117E+00    1.3136350553E-01   -3.1555772212E+01    7.7073902345E-02
    4.4699950000E-04    1.2654741033E+00    1.7050353098E-01   -3.1622162876E+01    7.6589924416E-02
    4.4799950000E-04    1.2590658430E+00    2.0816644952E-01   -3.1689381085E+01    7.6059836216E-02
    4.4899950000E-04    1.2508651082E+00    2.4411232275E-01   -3.1757551065E+01    7.5522467150E-02
    4.4999950000E-04    1.2407816194E+00    2.7814782444E-01   -3.1826766988E+01    7.5002589054E-02
    4.5099950000E-04    1.2287490591E+00    3.1011651357E-01   -3.1897104323E+01    7.4513961485E-02
    4.5199950000E-04    1.2147272086E+00    3.3989106973E-01   -3.1968627512E+01    7.4064823354E-02
    4.5299950000E-04    1.1987012455E+00    3.6735843397E-01   -3.2041395489E+01    7.3661405161E-02
    4.5399950000E-04    1.1806787891E+00    3.9240906845E-01   -3.2115464055E+01    7.3308562659E-02
    4.5499950000E-04    1.1606884003E+00    4.1492752313E-01   -3.2190887348E+01    7.3009496063E-02
    4.5599950000E-04    1.1387827580E+00    4.3478618188E-01   -3.2267718327E+01    7.2766312611E-02
    4.5699950000E-04    1.1150475613E+00    4.5184457592E-01   -3.2346007055E+01    7.2581197681E-02
    4.5799950000E-04    1.0896092262E+00    4.6596166071E-01   -3.2425796530E+01    7.2456619392E-02
    4.5899950000E-04    1.0626480292E+00    4.7699885204E-01   -3.2507125808E+01    7.2393654792E-02
    4.5999950000E-04    1.0343999582E+00    4.8483512216E-01   -3.2590034121E+01    7.2389546246E-02
    4.6099950000E-04    1.0051500093E+00    4.8937868108E-01   -3.2674567002E+01    7.2436435308E-02
    4.6199950000E-04    9.7521581546E-01    4.9057624999E-01   -3.2760778797E+01    7.2522310796E-02
    4.6299950000E-04    9.4492587050E-01    4.8841796555E-01   -3.2848729825E+01    7.2633479884E-02
    4.6399950000E-04    9.1459551423E-01    4.8293895295E-01   -3.2938478439E+01    7.2757140022E-02
    4.6499950000E-04    8.8451368171E-01    4.7421282341E-01   -3.3030073862E+01    7.2883071233E-02
    4.6599950000E-04    8.5495395384E-01    4.6233704972E-01   -3.3123556307E+01    7.3003962831E-02
    4.6699950000E-04    8.2617523722E-01    4.4743052123E-01   -3.3218952663E+01    7.3114332851E-02
    4.6799950000E-04    7.9842197488E-01    4.2963186601E-01   -3.3316272519E+01    7.3208742194E-02
    4.6899950000E-04    7.7194297246E-01    4.0909410705E-01   -3.3415509824E+01    7.3280536982E-02
    4.6999950000E-04    7.4700229656E-01    3.8598754002E-01   -3.3516637761E+01    7.3322071229E-02
    4.7099950000E-04    7.2388007027E-01    3.6050648103E-01   -3.3619597048E+01    7.3326096065E-02
    4.7199950000E-04    7.0286946855E-01    3.3287430778E-01   -3.3724284909E+01    7.3286970021E-02
    4.7299950000E-04    6.8426285381E-01    3.0334536099E-01   -3.3830547941E+01    7.3200995642E-02
    4.7399950000E-04    6.6832433278E-01    2.7220194761E-01   -3.3938179809E+01    7.3066604654E-02
    4.7499950000E-04    6.5526353140E-01    2.3974559961E-01   -3.4046925186E+01    7.2884738007E-02
    4.7599950000E-04    6.4521403743E-01    2.0628372130E-01   -3.4156486688E+01    7.2657963610E-02
    4.7699950000E-04    6.3822314009E-01    1.7211346441E-01   -3.4266537674E+01    7.2387248738E-02
    4.7799950001E-04    6.3428257571E-01    1.3751318910E-01   -3.4376748643E+01    7.2068607827E-02
    4.7899950001E-04    6.3332457368E-01    1.0273977538E-01   -3.4486803831E+01    7.1693780723E-02
    4.7999950001E-04    6.3522121566E-01    6.8032439604E-02   -3.4596416767E+01    7.1255790467E-02
    4.8099950001E-04    6.3978708144E-01    3.3617962304E-02   -3.4705340971E+01    7.0755366626E-02
    4.8199950001E-04    6.4678765641E-01   -2.8951182331E-04   -3.4813375962E+01    7.0202501430E-02
    4.8299950001E-04    6.5596626681E-01   -3.3491760470E-02   -3.4920370239E+01    6.9611332045E-02
    4.8399950001E-04    6.6707853876E-01   -6.5807953886E-02   -3.5026218470E+01    6.8992319986E-02
    4.8499950001E-04    6.7992373072E-01   -9.7068624714E-02   -3.5130851055E+01    6.8347795985E-02
    4.8599950001E-04    6.9434342287E-01   -1.2711114801E-01   -3.5234219411E+01    6.7673889471E-02
    4.8699950001E-04    7.1022078591E-01   -1.5576934091E-01   -3.5336281029E+01    6.6967042359E-02
    4.8799950001E-04    7.2747299204E-01   -1.8286451651E-01   -3.5436987939E+01    6.6229900175E-02
    4.8899950001E-04    7.4601185455E-01   -2.0821925583E-01   -3.5536289544E+01    6.5471638121E-02
    4.8999950001E-04    7.6574286749E-01   -2.3165919422E-01   -3.5634140582E+01    6.4703134517E-02
    4.9099950000E-04    7.8654734282E-01   -2.5302610856E-01   -3.5730514715E+01    6.3931851167E-02
    4.9199950000E-04    8.0826590309E-01   -2.7219227531E-01   -3.5825412580E+01    6.3161179733E-02
    4.9299950000E-04    8.3070122564E-01   -2.8906356772E-01   -3.5918855760E+01    6.2393423582E-02
    4.9399950000E-04    8.5361951368E-01   -3.0358835397E-01   -3.6010875333E+01    6.1631818762E-02
    4.9499950000E-04    8.7677541021E-01   -3.1575085221E-01   -3.6101496622E+01    6.0879559763E-02
    4.9599950000E-04    8.9991153072E-01   -3.2559201117E-01   -3.6190741419E+01    6.0136742741E-02
    4.9699950000E-04    9.2279653304E-01   -3.3318537561E-01   -3.6278623176E+01    5.9399931351E-02
    4.9799950000E-04    9.4521214857E-01   -3.3866170494E-01   -3.6365162624E+01    5.8665343945E-02
    4.9899950000E-04    9.6696472766E-01   -3.4220199942E-01   -3.6450390802E+01    5.7933517317E-02
    4.9999950000E-04    9.8790067186E-01   -3.4401305552E-01   -3.6534343543E+01    5.7211166648E-02
    5.0099950000E-04    1.0078995209E+00   -3.4433231353E-01   -3.6617064770E+01    5.6508446362E-02
    5.0199950000E-04    1.0268889254E+00   -3.4338762853E-01   -3.6698598764E+01    5.5834052068E-02
    5.0299950000E-04    1.0448332702E+00   -3.4139564464E-01   -3.6778996874E+01    5.5190699377E-02
    5.0399950000E-04    1.0617335360E+00   -3.3852766827E-01   -3.6858315202E+01    5.4574406246E-02
    5.0499950000E-04    1.0776070202E+00   -3.3492302044E-01   -3.6936621766E+01    5.3976714733E-02
    5.0599950000E-04    1.0924808275E+00   -3.3067861685E-01   -3.7013989835E+01    5.3388467253E-02
    5.0699950000E-04    1.1063861686E+00   -3.2584804839E-01   -3.7090487648E+01    5.2803601578E-02
    5.0799950000E-04    1.1193593956E+00   -3.2043858142E-01   -3.7166169392E+01    5.2220219154E-02
    5.0899950000E-04    1.1314480523E+00   -3.1440385871E-01   -3.7241072079E+01    5.1635961932E-02
    5.0999950000E-04    1.1427112773E+00   -3.0766204008E-01   -3.7315227683E+01    5.1041968440E-02
    5.1099950000E-04    1.1532111131E+00   -3.0011532110E-01   -3.7388673410E+01    5.0425808824E-02
    5.1199950000E-04    1.1629925715E+00   -2.9168042733E-01   -3.7461455274E+01    4.9784100290E-02
    5.1299950000E-04    1.1720682955E+00   -2.8232083261E-01   -3.7533627204E+01    4.9129775868E-02
    5.1399950000E-04    1.1804205227E+00   -2.7204406653E-01   -3.7605245511E+01    4.8484330312E-02
    5.1499950000E-04    1.1880140901E+00   -2.6088797387E-01   -3.7676368447E+01    4.7865007069E-02
    5.1599950000E-04    1.1948075607E+00   -2.4889416104E-01   -3.7747053827E+01    4.7279873716E-02
    5.1699950000E-04    1.2007621484E+00   -2.3611186169E-01   -3.7817363130E+01    4.6730761275E-02
    5.1799950000E-04    1.2058446748E+00   -2.2258478160E-01   -3.7887356978E+01    4.6217241238E-02
    5.1899950000E-04    1.2100319633E+00   -2.0836038131E-01   -3.7957096930E+01    4.5738562373E-02
    5.1999950000E-04    1.2133113848E+00   -1.9348839164E-01   -3.8026644627E+01    4.5294126853E-02
    5.2099950000E-04    1.2156847082E+00   -1.7803568501E-01   -3.8096067827E+01    4.4883630370E-02
    5.2199950000E-04    1.2171611269E+00   -1.6206991760E-01   -3.8165437266E+01    4.4506450130E-02
    5.2299950000E-04    1.2177561558E+00   -1.4566466465E-01   -3.8234831040E+01    4.4160515935E-02
    5.2399950000E-04    1.2174896529E+00   -1.2889972204E-01   -3.8304336909E+01    4.3841528189E-02
    5.2499950000E-04    1.2163765788E+00   -1.1184929700E-01   -3.8374048824E+01    4.3542935296E-02
    5.2599950000E-04    1.2144248582E+00   -9.4588846065E-02   -3.8444067314E+01    4.3256770824E-02
    5.2699950000E-04    1.2116355680E+00   -7.7202052468E-02   -3.8514498070E+01    4.2974620299E-02
    5.2799950000E-04    1.2079965614E+00   -5.9778062484E-02   -3.8585445769E+01    4.2688306457E-02
    5.2899950000E-04    1.2034873597E+00   -4.2420871901E-02   -3.8657012195E+01    4.2390568531E-02
    5.2999950000E-04    1.1980803636E+00   -2.5249940606E-02   -3.8729292604E+01    4.2075659410E-02
    5.3099950000E-04    1.1917418724E+00   -8.4013480459E-03   -3.8802373740E+01    4.1739822974E-02
    5.3199950000E-04    1.1844364855E+00    7.9694213759E-03   -3.8876334345E+01    4.1381241734E-02
    5.3299950000E-04    1.1761324366E+00    2.3685608395E-02   -3.8951246672E+01    4.0999423771E-02
    5.3399950000E-04    1.1668081095E+00    3.8549319427E-02   -3.9027178513E+01    4.0594320194E-02
    5.3499950000E-04    1.1564571376E+00    5.2342341897E-02   -3.9104194691E+01    4.0165961105E-02
    5.3599950000E-04    1.1451022581E+00    6.4842186815E-02   -3.9182356396E+01    3.9714872345E-02
    5.3699950000E-04    1.1327852133E+00    7.5818646209E-02   -3.9261719417E+01    3.9242577063E-02
    5.3799950000E-04    1.1195756389E+00    8.5056669230E-02   -3.9342330318E+01    3.8751768353E-02
    5.3899950000E-04    1.1055649164E+00    9.2364592429E-02   -3.9424222787E+01    3.8246211507E-02
    5.3999950000E-04    1.0908656557E+00    9.7588907896E-02   -3.9507415383E+01    3.7730546633E-02
    5.4099950000E-04    1.0756012285E+00    1.0060723326E-01   -3.9591909701E+01    3.7210134782E-02
    5.4199950000E-04    1.0599081197E+00    1.0133973588E-01   -3.9677692202E+01    3.6691045896E-02
    5.4299950000E-04    1.0439321055E+00    9.9745556654E-02   -3.9764735872E+01    3.6179809277E-02
    5.4399950000E-04    1.0278212051E+00    9.5814775240E-02   -3.9853001508E+01    3.5683128829E-02
    5.4499950000E-04    1.0117253386E+00    8.9570361254E-02   -3.9942440366E+01    3.5207237829E-02
    5.4599950000E-04    9.9579779271E-01    8.1067720973E-02   -4.0032997770E+01    3.4757145984E-02
    5.4699950000E-04    9.8020290351E-01    7.0394198152E-02   -4.0124616183E+01    3.4336045476E-02
    5.4799950000E-04    9.6511175600E-01    5.7662680404E-02   -4.0217234449E+01    3.3944679485E-02
    5.4899950000E-04    9.5072136995E-01    4.3018162397E-02   -4.0310794687E+01    3.3581481011E-02
    5.4999950000E-04    9.3724744962E-01    2.6632700243E-02   -4.0405239800E+01    3.3243537433E-02
    5.5099950000E-04    9.2492828483E-01    8.7057128179E-03   -4.0500515382E+01    3.2928804265E-02
    5.5199950000E-04    9.1400046244E-01   -1.0544029845E-02   -4.0596562588E+01    3.2637779486E-02
    5.5299950000E-04    9.0467856005E-01   -3.0883630106E-02   -4.0693313528E+01    3.2373265907E-02
    5.5399950000E-04    8.9715130963E-01   -5.2066998522E-02   -4.0790690178E+01    3.2138517123E-02
    5.5499950000E-04    8.9155897791E-01   -7.3841939274E-02   -4.0888596704E+01    3.1935354970E-02
    5.5599950000E-04    8.8800388672E-01   -9.5949724802E-02   -4.0986920718E+01    3.1763571363E-02
    5.5699950000E-04    8.8654978151E-01   -1.1812909244E-01   -4.1085532474E+01    3.1621752127E-02
    5.5799950000E-04    8.8722425274E-01   -1.4011995119E-01   -4.1184287519E+01    3.1508577087E-02
    5.5899950000E-04    8.9002707850E-01   -1.6166401720E-01   -4.1283031457E+01    3.1423699980E-02
    5.5999950000E-04    8.9493147884E-01   -1.8250634551E-01   -4.1381603268E+01    3.1367831373E-02
    5.6099950000E-04    9.0189110907E-01   -2.0239292416E-01   -4.1479838372E+01    3.1342329176E-02
    5.6199950000E-04    9.1084369152E-01   -2.2106803006E-01   -4.1577570390E+01    3.1348748295E-02
    5.6299950000E-04    9.2170726891E-01   -2.3827506635E-01   -4.1674633187E+01    3.1388587096E-02
    5.6399950000E-04    9.3437399544E-01   -2.5376045967E-01   -4.1770864821E+01    3.1463318767E-02
    5.6499950000E-04    9.4870414292E-01   -2.6728010732E-01   -4.1866112976E+01    3.1574662430E-02
    5.6599950000E-04    9.6452634757E-01   -2.7860362631E-01   -4.1960240002E+01    3.1724911820E-02
    5.6699950000E-04    9.8164107983E-01   -2.8751654169E-01   -4.2053125574E+01    3.1917053603E-02
    5.6799950000E-04    9.9981924290E-01   -2.9382833081E-01   -4.2144667412E+01    3.2154556165E-02
    5.6899950000E-04    1.0188101925E+00   -2.9737416924E-01   -4.2234780005E+01    3.2440924999E-02
    5.6999950000E-04    1.0383467767E+00   -2.9802136904E-01   -4.2323393159E+01    3.2779093140E-02
    5.7099950000E-04    1.0581643424E+00   -2.9565637389E-01   -4.2410447744E+01    3.3170642237E-02
    5.7199950000E-04    1.0779849705E+00   -2.9022173248E-01   -4.2495900403E+01    3.3614955347E-02
    5.7299950000E-04    1.0975429523E+00   -2.8169561798E-01   -4.2579721109E+01    3.4108661799E-02
    5.7399950000E-04    1.1165811386E+00   -2.7011373031E-01   -4.2661898645E+01    3.4645662226E-02
    5.7499950000E-04    1.1348701717E+00   -2.5554336427E-01   -4.2742437285E+01    3.5218042490E-02
    5.7599950000E-04    1.1522018864E+00   -2.3810696375E-01   -4.2821363115E+01    3.5817337031E-02
    5.7699950000E-04    1.1684015782E+00   -2.1795698415E-01   -4.2898718795E+01    3.6435455409E-02
    5.7799950000E-04    1.1833284080E+00   -1.9527056354E-01   -4.2974561427E+01    3.7064702444E-02
    5.7899950000E-04    1.1968739977E+00   -1.7025232057E-01   -4.3048961315E+01    3.7697175378E-02
    5.7999950000E-04    1.2089631531E+00   -1.4313513266E-01   -4.3122001957E+01    3.8324180526E-02
    5.8099950000E-04    1.2195563150E+00   -1.1416223853E-01   -4.3193773965E+01    3.8935716517E-02
    5.8199950000E-04    1.2286436523E+00   -8.3612420043E-02   -4.3264383961E+01    3.9519664045E-02
    5.8299950000E-04    1.2362435414E+00   -5.1771339872E-02   -4.3333947556E+01    4.0061164906E-02
    5.8399950000E-04    1.2423924736E+00   -1.8947516002E-02   -4.3402598497E+01    4.0543243005E-02
    5.8499950000E-04    1.2471357870E+00    1.4553640882E-02   -4.3470483950E+01    4.0949743257E-02
    5.8599950000E-04    1.2505155884E+00    4.8409907807E-02   -4.3537776054E+01    4.1269881432E-02
    5.8699950000E-04    1.2525610302E+00    8.2302325745E-02   -4.3604666532E+01    4.1502246874E-02
    5.8799950000E-04    1.2532799605E+00    1.1591979753E-01   -4.3671361863E+01    4.1655718051E-02
    5.8899950000E-04    1.2526559027E+00    1.4895936657E-01   -4.3738075587E+01    4.1747670304E-02
    5.8999950000E-04    1.2506500733E+00    1.8114293613E-01   -4.3805012021E+01    4.1800817483E-02
    5.9099950000E-04    1.2472056411E+00    2.1224436068E-01   -4.3872347139E+01    4.1840113964E-02
    5.9199950000E-04    1.2422546821E+00    2.4209284931E-01   -4.3940221556E+01    4.1889916489E-02
    5.9299950000E-04    1.2357253465E+00    2.7056663662E-01   -4.4008741061E+01    4.1971318557E-02
    5.9399950000E-04    1.2275476899E+00    2.9758154502E-01   -4.4077982407E+01    4.2100471418E-02
    5.9499950000E-04    1.2176589154E+00    3.2307534241E-01   -4.4148002267E+01    4.2288697836E-02
    5.9599950000E-04    1.2060102102E+00    3.4698945981E-01   -4.4218847082E+01    4.2543737766E-02
    5.9699950000E-04    1.1925727885E+00    3.6925772649E-01   -4.4290559684E+01    4.2870440125E-02
    5.9799949999E-04    1.1773404612E+00    3.8980308087E-01   -4.4363182624E+01    4.3270470458E-02
    5.9899949999E-04    1.1603288004E+00    4.0853931568E-01   -4.4436759761E+01    4.3742684383E-02
    5.9999949999E-04    1.1415835718E+00    4.2537043953E-01   -4.4511340700E+01    4.4284777471E-02
    6.0099949999E-04    1.1211743384E+00    4.4020197092E-01   -4.4586978064E+01    4.4894710274E-02
    6.0199949999E-04    1.0991968745E+00    4.5294091657E-01   -4.4663728510E+01    4.5569871149E-02
    6.0299949999E-04    1.0757677917E+00    4.6350003157E-01   -4.4741649739E+01    4.6305915181E-02
    6.0399949999E-04    1.0510147621E+00    4.7180356872E-01   -4.4820796110E+01    4.7097932869E-02
    6.0499949999E-04    1.0250705143E+00    4.7779077429E-01   -4.4901217201E+01    4.7942245927E-02
    6.0599949999E-04    9.9806426297E-01    4.8139991846E-01   -4.4982957418E+01    4.8835246907E-02
    6.0699949999E-04    9.7013343071E-01    4.8255961921E-01   -4.5066061797E+01    4.9771067603E-02
    6.0799949999E-04    9.4142784710E-01    4.8118322809E-01   -4.5150577193E+01    5.0742132659E-02
    6.0899949999E-04    9.1211624157E-01    4.7717933513E-01   -4.5236552156E+01    5.1741976237E-02
    6.0999949999E-04    8.8238988199E-01    4.7046344949E-01   -4.5324035835E+01    5.2766420356E-02
    6.1099949999E-04    8.5246619808E-01    4.6096355775E-01   -4.5413079118E+01    5.3811297147E-02
    6.1199949999E-04    8.2259144352E-01    4.4862181986E-01   -4.5503737334E+01    5.4869256311E-02
    6.1299949999E-04    7.9303873781E-01    4.3339942021E-01   -4.5596072274E+01    5.5929025231E-02
    6.1399949999E-04    7.6409950412E-01    4.1528847805E-01   -4.5690149514E+01    5.6977735248E-02
    6.1499949999E-04    7.3607082949E-01    3.9432265608E-01   -4.5786027878E+01    5.8004065429E-02
    6.1599949999E-04    7.0924278863E-01    3.7058527270E-01   -4.5883745911E+01    5.8999642906E-02
    6.1699949999E-04    6.8388304996E-01    3.4422306485E-01   -4.5983317638E+01    5.9958458870E-02
    6.1799949999E-04    6.6022498851E-01    3.1543912430E-01   -4.6084735611E+01    6.0875714087E-02
    6.1899949999E-04    6.3846700788E-01    2.8446767881E-01   -4.6187975019E+01    6.1747633520E-02
    6.1999949999E-04    6.1876585332E-01    2.5157740053E-01   -4.6293008562E+01    6.2571879079E-02
    6.2099949999E-04    6.0125328302E-01    2.1704028414E-01   -4.6399790606E+01    6.3346950957E-02
    6.2199949999E-04    5.8603134987E-01    1.8114654946E-01   -4.6508257416E+01    6.4069704632E-02
    6.2299949999E-04    5.7319831817E-01    1.4416901111E-01   -4.6618298077E+01    6.4731918646E-02
    6.2399949999E-04    5.6284166825E-01    1.0637022184E-01   -4.6729761010E+01    6.5320101808E-02
    6.2499949999E-04    5.5503858371E-01    6.7988354120E-02   -4.6842449290E+01    6.5820491951E-02
    6.2599949999E-04    5.4986738721E-01    2.9214481276E-02   -4.6956098297E+01    6.6226359638E-02
    6.2699949999E-04    5.4738586332E-01   -9.7815873007E-03   -4.7070397755E+01    6.6540923118E-02
    6.2799949999E-04    5.4764492513E-01   -4.8850289757E-02   -4.7184996623E+01    6.6773331339E-02
    6.2899949999E-04    5.5068819316E-01   -8.7837791680E-02   -4.7299536371E+01    6.6931390570E-02
    6.2999949999E-04    5.5656323001E-01   -1.2657737465E-01   -4.7413659690E+01    6.7017073022E-02
    6.3099949999E-04    5.6530875118E-01   -1.6487087888E-01   -4.7527024857E+01    6.7027593475E-02
    6.3199949999E-04    5.7693649876E-01   -2.0247921412E-01   -4.7639313910E+01    6.6959647154E-02
    6.3299949999E-04    5.9141299127E-01   -2.3912184441E-01   -4.7750246017E+01    6.6812995168E-02
    6.3399949999E-04    6.0864951794E-01   -2.7448779681E-01   -4.7859591416E+01    6.6591627263E-02
    6.3499949999E-04    6.2849412629E-01   -3.0825146913E-01   -4.7967183157E+01    6.6303381437E-02
    6.3599949999E-04    6.5074218152E-01   -3.4009890470E-01   -4.8072901944E+01    6.5958578118E-02
    6.3699949999E-04    6.7514189340E-01   -3.6974185294E-01   -4.8176671394E+01    6.5567075022E-02
    6.3799949999E-04    7.0141584883E-01   -3.9693054959E-01   -4.8278448581E+01    6.5134996382E-02
    6.3899949999E-04    7.2929008927E-01   -4.2146073786E-01   -4.8378213426E+01    6.4664317388E-02
    6.3999949999E-04    7.5849850847E-01   -4.4316938144E-01   -4.8475972366E+01    6.4156281947E-02
    6.4099949999E-04    7.8878324952E-01   -4.6193030784E-01   -4.8571752177E+01    6.3614919311E-02
    6.4199949999E-04    8.1988498366E-01   -4.7764796148E-01   -4.8665596421E+01    6.3047678510E-02
    6.4299949999E-04    8.5154209177E-01   -4.9025373538E-01   -4.8757558751E+01    6.2463523728E-02
    6.4399949999E-04    8.8349097110E-01   -4.9970338075E-01   -4.8847700190E+01    6.1871137472E-02
    6.4499949999E-04    9.1546899627E-01   -5.0597566624E-01   -4.8936086962E+01    6.1278884160E-02
    6.4599949999E-04    9.4721439454E-01   -5.0907082698E-01   -4.9022788830E+01    6.0695783483E-02
    6.4699949999E-04    9.7846661145E-01   -5.0900808565E-01   -4.9107874688E+01    6.0132086029E-02
    6.4799949999E-04    1.0089603494E+00   -5.0582694731E-01   -4.9191411357E+01    5.9599175082E-02
    6.4899949999E-04    1.0384271233E+00   -4.9959209083E-01   -4.9273461625E+01    5.9109121684E-02
    6.4999949999E-04    1.0666106943E+00   -4.9039378379E-01   -4.9354080821E+01    5.8673571544E-02
    6.5099949999E-04    1.0932781689E+00   -4.7834757730E-01   -4.9433319550E+01    5.8301598881E-02
    6.5199949999E-04    1.1182362670E+00   -4.6358535987E-01   -4.9511224133E+01    5.7998005738E-02
    6.5299949999E-04    1.1413403658E+00   -4.4624348839E-01   -4.9587838090E+01    5.7763812340E-02
    6.5399949999E-04    1.1624925517E+00   -4.2645472986E-01   -4.9663205165E+01    5.7598501560E-02
    6.5499949999E-04    1.1816324278E+00   -4.0434591363E-01   -4.9737371766E+01    5.7501487992E-02
    6.5599949999E-04    1.1987309676E+00   -3.8003076127E-01   -4.9810384593E+01    5.7471764768E-02
    6.5699949999E-04    1.2137832801E+00   -3.5361103575E-01   -4.9882290326E+01    5.7506937316E-02
    6.5799949999E-04    1.2268070110E+00   -3.2517751406E-01   -4.9953135349E+01    5.7603010926E-02
    6.5899949999E-04    1.2378413268E+00   -2.9481948204E-01   -5.0022968698E+01    5.7754640398E-02
    6.5999949999E-04    1.2469461021E+00   -2.6263983118E-01   -5.0091847179E+01    5.7954368858E-02
    6.6099949999E-04    1.2542015914E+00   -2.2875881291E-01   -5.0159838204E+01    5.8190077370E-02
    6.6199949999E-04    1.2597019392E+00   -1.9333531348E-01   -5.0227031943E+01    5.8441679798E-02
    6.6299949999E-04    1.2635484033E+00   -1.5656874269E-01   -5.0293548474E+01    5.8679352265E-02
    6.6399949999E-04    1.2658375324E+00   -1.1871792029E-01   -5.0359549461E+01    5.8865310836E-02
    6.6499949999E-04    1.2666494090E+00   -8.0094564230E-02   -5.0425235123E+01    5.8959329817E-02
    6.6599949999E-04    1.2660355330E+00   -4.1056655224E-02   -5.0490835276E+01    5.8926717309E-02
    6.6699949999E-04    1.2640112200E+00   -1.9991466462E-03   -5.0556595608E+01    5.8746558182E-02
    6.6799949999E-04    1.2605558709E+00    3.6671126698E-02   -5.0622757698E+01    5.8417516859E-02
    6.6899949999E-04    1.2556211824E+00    7.4556545983E-02   -5.0689544037E+01    5.7958196523E-02
    6.6999949999E-04    1.2491438697E+00    1.1129817052E-01   -5.0757145221E+01    5.7400693442E-02
    6.7099949999E-04    1.2410590092E+00    1.4658722911E-01   -5.0825718209E+01    5.6780370530E-02
    6.7199949999E-04    1.2313138557E+00    1.8014647786E-01   -5.0895397537E+01    5.6127512335E-02
    6.7299949999E-04    1.2198741269E+00    2.1175548646E-01   -5.0966290805E+01    5.5464650561E-02
    6.7399949999E-04    1.2067331368E+00    2.4121173901E-01   -5.1038495529E+01    5.4808162852E-02
    6.7499949999E-04    1.1919106378E+00    2.6834694787E-01   -5.1112094861E+01    5.4170744046E-02
    6.7599949999E-04    1.1754539247E+00    2.9300702017E-01   -5.1187163526E+01    5.3562527523E-02
    6.7699949999E-04    1.1574436391E+00    3.1502786184E-01   -5.1263773073E+01    5.2991468553E-02
    6.7799949999E-04    1.1379854843E+00    3.3426708597E-01   -5.1341980684E+01    5.2463980712E-02
    6.7899949999E-04    1.1172303996E+00    3.5055982758E-01   -5.1421839878E+01    5.1985922216E-02
    6.7999949999E-04    1.0953624236E+00    3.6377188328E-01   -5.1503385344E+01    5.1562833823E-02
    6.8099949999E-04    1.0726076547E+00    3.7379023609E-01   -5.1586638187E+01    5.1198993517E-02
    6.8199949999E-04    1.0492258008E+00    3.8054510630E-01   -5.1671605049E+01    5.0895800737E-02
    6.8299949999E-04    1.0254949648E+00    3.8402515687E-01   -5.1758280361E+01    5.0651249126E-02
    6.8399949999E-04    1.0017222369E+00    3.8425308676E-01   -5.1846655618E+01    5.0460650966E-02
    6.8499949999E-04    9.7820217271E-01    3.8131799611E-01   -5.1936710310E+01    5.0318128499E-02
    6.8599949999E-04    9.5522820346E-01    3.7534117557E-01   -5.2028415725E+01    5.0217806897E-02
    6.8699949999E-04    9.3308937394E-01    3.6646815961E-01   -5.2121730723E+01    5.0154310097E-02
    6.8799949999E-04    9.1206378463E-01    3.5486657734E-01   -5.2216596254E+01    5.0122847881E-02
    6.8899949999E-04    8.9241898991E-01    3.4072201130E-01   -5.2312931257E+01    5.0119039965E-02
    6.8999949999E-04    8.7440789751E-01    3.2423889660E-01   -5.2410628402E+01    5.0138624960E-02
    6.9099949999E-04    8.5826336776E-01    3.0564126604E-01   -5.2509551746E+01    5.0177237519E-02
    6.9199949999E-04    8.4419311200E-01    2.8517171927E-01   -5.2609537669E+01    5.0230427608E-02
    6.9299949999E-04    8.3237638395E-01    2.6308859039E-01   -5.2710399456E+01    5.0293931029E-02
    6.9399949999E-04    8.2296374005E-01    2.3966232920E-01   -5.2811934208E+01    5.0364031743E-02
    6.9499949999E-04    8.1607711769E-01    2.1517304402E-01   -5.2913929475E+01    5.0437884120E-02
    6.9599949999E-04    8.1180874421E-01    1.8990950476E-01   -5.3016167964E+01    5.0513805149E-02
    6.9699949999E-04    8.1022042842E-01    1.6416869061E-01   -5.3118430610E+01    5.0591521320E-02
    6.9799949999E-04    8.1134090222E-01    1.3825516681E-01   -5.3220499887E+01    5.0672130735E-02
    6.9899949999E-04    8.1515728996E-01    1.1247894581E-01   -5.3322165937E+01    5.0757477691E-02
    6.9999949999E-04    8.2160443295E-01    8.7150630678E-02   -5.3423236356E+01    5.0849036947E-02
    7.0099949999E-04    8.3056650098E-01    6.2575850554E-02   -5.3523546047E+01    5.0947006675E-02
    7.0199949999E-04    8.4189271554E-01    3.9053540334E-02   -5.3622961486E+01    5.1050403279E-02
    7.0299949999E-04    8.5540977605E-01    1.6878466289E-02   -5.3721378102E+01    5.1158290575E-02
    7.0399949999E-04    8.7091607380E-01   -3.6578301604E-03   -5.3818715156E+01    5.1271434413E-02
    7.0499949999E-04    8.8816867467E-01   -2.2271986678E-02   -5.3914911417E+01    5.1393351048E-02
    7.0599949998E-04    9.0687231565E-01   -3.8701161396E-02   -5.4009922568E+01    5.1530038519E-02
    7.0699949998E-04    9.2667030539E-01   -5.2724631609E-02   -5.4103720500E+01    5.1688256740E-02
    7.0799949998E-04    9.4715498303E-01   -6.4188092496E-02   -5.4196289771E+01    5.1872672506E-02
    7.0899949998E-04    9.6790324864E-01   -7.3019493792E-02   -5.4287618372E+01    5.2083098319E-02
    7.0999949998E-04    9.8850188727E-01   -7.9241783565E-02   -5.4377692863E+01    5.2313826112E-02
    7.1099949998E-04    1.0085922802E+00   -8.2960730971E-02   -5.4466493390E+01    5.2555660875E-02
    7.1199949998E-04    1.0278907199E+00   -8.4345421265E-02   -5.4553997888E+01    5.2799572823E-02
    7.1299949998E-04    1.0461911392E+00   -8.3607203581E-02   -5.4640190771E+01    5.3039096608E-02
    7.1399949998E-04    1.0633569361E+00   -8.0981848211E-02   -5.4725070284E+01    5.3270369516E-02
    7.1499949998E-04    1.0793091638E+00   -7.6714921147E-02   -5.4808651346E+01    5.3490958467E-02
    7.1599949998E-04    1.0940086716E+00   -7.1056865467E-02   -5.4890967209E+01    5.3698804432E-02
    7.1699949998E-04    1.1074603075E+00   -6.4236753317E-02   -5.4972060671E+01    5.3891600168E-02
    7.1799949998E-04    1.1196963960E+00   -5.6460224286E-02   -5.5051982610E+01    5.4066495824E-02
    7.1899949998E-04    1.1307709820E+00   -4.7899985833E-02   -5.5130787660E+01    5.4220302472E-02
    7.1999949998E-04    1.1407524316E+00   -3.8691657892E-02   -5.5208531389E+01    5.4350290256E-02
    7.2099949998E-04    1.1497157700E+00   -2.8934514370E-02   -5.5285268717E+01    5.4455441096E-02
    7.2199949998E-04    1.1577365478E+00   -1.8695019351E-02   -5.5361052665E+01    5.4537336286E-02
    7.2299949998E-04    1.1648826007E+00   -8.0213337239E-03   -5.5435936562E+01    5.4599926737E-02
    7.2399949998E-04    1.1712109330E+00    3.0459839424E-03   -5.5509975572E+01    5.4648460177E-02
    7.2499949998E-04    1.1767675812E+00    1.4468341046E-02   -5.5583227587E+01    5.4688600022E-02
    7.2599949998E-04    1.1815873961E+00    2.6204074353E-02   -5.5655754705E+01    5.4726426564E-02
    7.2699949998E-04    1.1856942041E+00    3.8204211489E-02   -5.5727624397E+01    5.4768971599E-02
    7.2799949998E-04    1.1891019579E+00    5.0409340517E-02   -5.5798909501E+01    5.4824405594E-02
    7.2899949998E-04    1.1918172113E+00    6.2748534628E-02   -5.5869686780E+01    5.4901489059E-02
    7.2999949998E-04    1.1938427012E+00    7.5141507559E-02   -5.5940034356E+01    5.5008708065E-02
    7.3099949998E-04    1.1951807508E+00    8.7501275741E-02   -5.6010029824E+01    5.5153678407E-02
    7.3199949998E-04    1.1958361954E+00    9.9736158666E-02   -5.6079749778E+01    5.5342782931E-02
    7.3299949998E-04    1.1958197211E+00    1.1175637986E-01   -5.6149268764E+01    5.5580393958E-02
    7.3399949998E-04    1.1951491516E+00    1.2347507291E-01   -5.6218660665E+01    5.5867257852E-02
    7.3499949998E-04    1.1938488423E+00    1.3480694473E-01   -5.6288001109E+01    5.6199086452E-02
    7.3599949998E-04    1.1919458684E+00    1.4565794314E-01   -5.6357372506E+01    5.6567515149E-02
    7.3699949998E-04    1.1894659990E+00    1.5594727431E-01   -5.6426856832E+01    5.6964613473E-02
    7.3799949998E-04    1.1864249705E+00    1.6560769598E-01   -5.6496534335E+01    5.7387284800E-02
    7.3899949998E-04    1.1828224946E+00    1.7459531964E-01   -5.6566478214E+01    5.7836738494E-02
    7.3999949998E-04    1.1786392824E+00    1.8291258299E-01   -5.6636747530E+01    5.8313841975E-02
    7.4099949998E-04    1.1738381335E+00    1.9059463477E-01   -5.6707395988E+01    5.8817561028E-02
    7.4199949998E-04    1.1683694269E+00    1.9771698424E-01   -5.6778472367E+01    5.9347994830E-02
    7.4299949998E-04    1.1621823052E+00    2.0437464747E-01   -5.6850024369E+01    5.9906439680E-02
    7.4399949998E-04    1.1552355051E+00    2.1067711038E-01   -5.6922092752E+01    6.0489767291E-02
    7.4499949998E-04    1.1475039236E+00    2.1672465478E-01   -5.6994715194E+01    6.1087540782E-02
    7.4599949998E-04    1.1389774367E+00    2.2258598460E-01   -5.7067936529E+01    6.1686905428E-02
    7.4699949998E-04    1.1296539370E+00    2.2828939730E-01   -5.7141816215E+01    6.2277999611E-02
    7.4799949998E-04    1.1195321604E+00    2.3381789115E-01   -5.7216431376E+01    6.2855306842E-02
    7.4899949998E-04    1.1085891186E+00    2.3917182181E-01   -5.7291850380E+01    6.3417729955E-02
    7.4999949998E-04    1.0967938653E+00    2.4428648102E-01   -5.7368152131E+01    6.3969360482E-02
    7.5099949998E-04    1.0840983595E+00    2.4907947729E-01   -5.7445402076E+01    6.4517227270E-02
    7.5199949998E-04    1.0704424053E+00    2.5344936320E-01   -5.7523651326E+01    6.5065402498E-02
    7.5299949998E-04    1.0557725589E+00    2.5724750835E-01   -5.7602950625E+01    6.5611683801E-02
    7.5399949998E-04    1.0400473453E+00    2.6029300462E-01   -5.7683350932E+01    6.6151357633E-02
    7.5499949998E-04    1.0232468666E+00    2.6237466481E-01   -5.7764904765E+01    6.6683609952E-02
    7.5599949998E-04    1.0053782094E+00    2.6326545162E-01   -5.7847659134E+01    6.7214270179E-02
    7.5699949998E-04    9.8648319765E-01    2.6273374033E-01   -5.7931649443E+01    6.7752348169E-02
    7.5799949998E-04    9.6666676918E-01    2.6052700922E-01   -5.8016907131E+01    6.8303915592E-02
    7.5899949998E-04    9.4606855470E-01    2.5643364539E-01   -5.8103445197E+01    6.8868621841E-02
    7.5999949998E-04    9.2487780763E-01    2.5026574805E-01   -5.8191274103E+01    6.9441196891E-02
    7.6099949998E-04    9.0331373544E-01    2.4188099064E-01   -5.8280402492E+01    7.0016115574E-02
    7.6199949998E-04    8.8161060746E-01    2.3118804153E-01   -5.8370838715E+01    7.0591483103E-02
    7.6299949998E-04    8.5998753955E-01    2.1816000932E-01   -5.8462585366E+01    7.1169427960E-02
    7.6399949998E-04    8.3865523592E-01    2.0281439651E-01   -5.8555643368E+01    7.1752755347E-02
    7.6499949998E-04    8.1780505758E-01    1.8521291295E-01   -5.8650009821E+01    7.2340843504E-02
    7.6599949998E-04    7.9761539139E-01    1.6544954586E-01   -5.8745681199E+01    7.2927914180E-02
    7.6699949998E-04    7.7825808514E-01    1.4364137857E-01   -5.8842656149E+01    7.3504896248E-02
    7.6799949998E-04    7.5990250749E-01    1.1992251432E-01   -5.8940935006E+01    7.4063420006E-02
    7.6899949998E-04    7.4271777165E-01    9.4440195055E-02   -5.9040516092E+01    7.4599335738E-02
    7.6999949998E-04    7.2687450159E-01    6.7352322217E-02   -5.9141390857E+01    7.5113898663E-02
    7.7099949998E-04    7.1254642601E-01    3.8826572019E-02   -5.9243539324E+01    7.5612045051E-02
    7.7199949998E-04    6.9993817507E-01    9.0333322719E-03   -5.9346928376E+01    7.6098399667E-02
    7.7299949998E-04    6.8927193287E-01   -2.1843967478E-02   -5.9451503736E+01    7.6573099323E-02
    7.7399949998E-04    6.8080606736E-01   -5.3609723738E-02   -5.9557182342E+01    7.7029811894E-02
    7.7499949998E-04    6.7480822556E-01   -8.6047092112E-02   -5.9663840113E+01    7.7457629011E-02
    7.7599949998E-04    6.7153956184E-01   -1.1891833721E-01   -5.9771302331E+01    7.7845952650E-02
    7.7699949998E-04    6.7121102220E-01   -1.5196422603E-01   -5.9879341224E+01    7.8189135213E-02
    7.7799949998E-04    6.7396999604E-01   -1.8490956552E-01   -5.9987681689E+01    7.8487307908E-02
    7.7899949998E-04    6.7987833631E-01   -2.1746542011E-01   -6.0096016914E+01    7.8743548634E-02
    7.7999949998E-04    6.8892167867E-01   -2.4933358347E-01   -6.0204026127E+01    7.8960437265E-02
    7.8099949998E-04    7.0101016263E-01   -2.8021059173E-01   -6.0311393500E+01    7.9138824225E-02
    7.8199949998E-04    7.1598120872E-01   -3.0979431779E-01   -6.0417824586E+01    7.9278668036E-02
    7.8299949998E-04    7.3361190205E-01   -3.3779211244E-01   -6.0523058442E+01    7.9380180361E-02
    7.8399949998E-04    7.5364291344E-01   -3.6392796814E-01   -6.0626875272E+01    7.9444606265E-02
    7.8499949998E-04    7.7579519837E-01   -3.8794888642E-01   -6.0729103160E+01    7.9475022459E-02
    7.8599949998E-04    7.9978618257E-01   -4.0962842477E-01   -6.0829618777E+01    7.9476857108E-02
    7.8699949998E-04    8.2534096389E-01   -4.2876565157E-01   -6.0928341101E+01    7.9457364413E-02
    7.8799949998E-04    8.5219465566E-01   -4.4518115182E-01   -6.1025222136E+01    7.9424228094E-02
    7.8899949998E-04    8.8008910136E-01   -4.5871258758E-01   -6.1120238584E+01    7.9384482156E-02
    7.8999949998E-04    9.0876655508E-01   -4.6921188352E-01   -6.1213386547E+01    7.9344638553E-02
    7.9099949998E-04    9.3795984133E-01   -4.7654642100E-01   -6.1304679302E+01    7.9311776254E-02
    7.9199949998E-04    9.6738075930E-01   -4.8060609921E-01   -6.1394146311E+01    7.9294656061E-02
    7.9299949998E-04    9.9671466769E-01   -4.8131421356E-01   -6.1481830283E+01    7.9304084001E-02
    7.9399949998E-04    1.0256276243E+00   -4.7863746159E-01   -6.1567780878E+01    7.9352198250E-02
    7.9499949998E-04    1.0537860169E+00   -4.7259020597E-01   -6.1652046532E+01    7.9450686218E-02
    7.9599949998E-04    1.0808823777E+00   -4.6322954665E-01   -6.1734667920E+01    7.9608413348E-02
    7.9699949998E-04    1.1066520466E+00   -4.5065037580E-01   -6.1815679205E+01    7.9829638267E-02
    7.9799949998E-04    1.1308828840E+00   -4.3497596411E-01   -6.1895114124E+01    8.0114040116E-02
    7.9899949998E-04    1.1534181269E+00   -4.1634077007E-01   -6.1973011122E+01    8.0458636698E-02
    7.9999949998E-04    1.1741464963E+00   -3.9488185367E-01   -6.2049416997E+01    8.0859988060E-02
    8.0099949998E-04    1.1929912857E+00   -3.7073175131E-01   -6.2124385264E+01    8.1314924021E-02
    8.0199949998E-04    1.2099030316E+00   -3.4401019860E-01   -6.2197971559E+01    8.1819686029E-02
    8.0299949998E-04    1.2248537043E+00   -3.1482990188E-01   -6.2270233081E+01    8.2368975705E-02
    8.0399949998E-04    1.2378374571E+00   -2.8330456097E-01   -6.2341228996E+01    8.2956058990E-02
