 sig=    1.000000000000000      inputfile=
 /home/rjrj524/Finished/vmec_gc_tracer/revised_251128/nc/wout_pwO_nfp2_A6.nc                                                                                                                             
 dt=   4.9999999999999998E-008
 steps=      1000000
 x0=   7.0000000000000007E-002   -2.430000000000000      
   -3.140000000000000     
 u=    414.0000000000000     
 v_perp=    8150.000000000000     
 
time(s)         x0(1)       x0(2)        x0(3)      r
    9.9950000000E-05    9.7649028087E-01    9.0274275195E-02   -3.0939356007E+00    7.0106217674E-02
    1.9995000000E-04    9.7297746087E-01    1.0297445474E-01   -3.0349631173E+00    7.0207072392E-02
    2.9995000000E-04    9.6946195669E-01    1.1821212266E-01   -2.9640404821E+00    7.0300179007E-02
    3.9995000000E-04    9.6646431033E-01    1.3564737134E-01   -2.8823569813E+00    7.0382652019E-02
    4.9995000000E-04    9.6454846180E-01    1.5480015333E-01   -2.7914163920E+00    7.0451395109E-02
    5.9995000000E-04    9.6425506427E-01    1.7503495001E-01   -2.6930982164E+00    7.0503589372E-02
    6.9995000000E-04    9.6602122275E-01    1.9558122892E-01   -2.5896366511E+00    7.0537131601E-02
    7.9995000000E-04    9.7010575985E-01    2.1559246634E-01   -2.4835204586E+00    7.0550916825E-02
    8.9995000000E-04    9.7653127552E-01    2.3421963880E-01   -2.3774293735E+00    7.0544809200E-02
    9.9995000000E-04    9.8503647078E-01    2.5068590186E-01   -2.2742879615E+00    7.0519247226E-02
    1.0999500000E-03    9.9504098634E-01    2.6438010901E-01   -2.1773476985E+00    7.0474823484E-02
    1.1999500000E-03    1.0056589985E+00    2.7497431495E-01   -2.0901219197E+00    7.0412298536E-02
    1.2999500000E-03    1.0158009062E+00    2.8251188678E-01   -2.0161151154E+00    7.0333044854E-02
    1.3999500000E-03    1.0243489809E+00    2.8738682709E-01   -1.9584649928E+00    7.0239473942E-02
    1.4999500000E-03    1.0303399905E+00    2.9018942147E-01   -1.9196526654E+00    7.0135118795E-02
    1.5999500000E-03    1.0330962616E+00    2.9147451966E-01   -1.9013367221E+00    7.0024402605E-02
    1.6999500000E-03    1.0322945768E+00    2.9154570372E-01   -1.9042795324E+00    6.9912263806E-02
    1.7999500000E-03    1.0279905980E+00    2.9033843344E-01   -1.9283240120E+00    6.9803749646E-02
    1.8999500000E-03    1.0206149528E+00    2.8744416739E-01   -1.9724025191E+00    6.9703610291E-02
    1.9999500000E-03    1.0109381885E+00    2.8226622155E-01   -2.0345799157E+00    6.9615902154E-02
    2.0999500000E-03    9.9998607935E-01    2.7425014047E-01   -2.1121521909E+00    6.9543655013E-02
    2.1999500000E-03    9.8889183608E-01    2.6310125191E-01   -2.2018388866E+00    6.9488740026E-02
    2.2999500000E-03    9.7870989502E-01    2.4890303614E-01   -2.3000817861E+00    6.9452088473E-02
    2.3999500000E-03    9.7025588063E-01    2.3210222092E-01   -2.4033728468E+00    6.9434190144E-02
    2.4999500000E-03    9.6402849527E-01    2.1340336182E-01   -2.5084695808E+00    6.9435463072E-02
    2.5999500000E-03    9.6021115214E-01    1.9364899495E-01   -2.6124286923E+00    6.9456141574E-02
    2.6999500000E-03    9.5871107737E-01    1.7372507923E-01   -2.7125446109E+00    6.9495849046E-02
    2.7999500000E-03    9.5920879655E-01    1.5448323649E-01   -2.8063382236E+00    6.9553324596E-02
    2.8999500000E-03    9.6122104099E-01    1.3666940341E-01   -2.8916366516E+00    6.9626501428E-02
    2.9999500000E-03    9.6418011387E-01    1.2087423919E-01   -2.9666574126E+00    6.9712787203E-02
    3.0999500000E-03    9.6751446456E-01    1.0752300574E-01   -3.0300125189E+00    6.9809394480E-02
    3.1999500000E-03    9.7071157169E-01    9.6898649230E-02   -3.0806438477E+00    6.9913666626E-02
    3.2999500000E-03    9.7335566528E-01    8.9177020786E-02   -3.1177544925E+00    7.0023306705E-02
    3.3999500000E-03    9.7514373153E-01    8.4459165625E-02   -3.1407734152E+00    7.0136417106E-02
    3.4999500000E-03    9.7588768863E-01    8.2796273163E-02   -3.1493464958E+00    7.0251384513E-02
    3.5999500000E-03    9.7551207528E-01    8.4205668536E-02   -3.1433349805E+00    7.0366726944E-02
    3.6999500000E-03    9.7405258650E-01    8.8677357051E-02   -3.1228137302E+00    7.0480964947E-02
    3.7999500000E-03    9.7165848263E-01    9.6170131803E-02   -3.0880687592E+00    7.0592490663E-02
    3.8999500000E-03    9.6859588498E-01    1.0659899962E-01   -3.0395943972E+00    7.0699404560E-02
    3.9999500000E-03    9.6524775667E-01    1.1981395405E-01   -2.9780959316E+00    7.0799377619E-02
    4.0999500000E-03    9.6210367998E-01    1.3556924776E-01   -2.9045182620E+00    7.0889665225E-02
    4.1999500000E-03    9.5973173885E-01    1.5348451062E-01   -2.8201170226E+00    7.0967327742E-02
    4.2999500000E-03    9.5872454808E-01    1.7301149665E-01   -2.7265437215E+00    7.1029572837E-02
    4.3999500000E-03    9.5962052469E-01    1.9343104039E-01   -2.6258711371E+00    7.1074121662E-02
    4.4999500000E-03    9.6281697048E-01    2.1389402438E-01   -2.5205223549E+00    7.1099548072E-02
    4.5999500000E-03    9.6849382222E-01    2.3349243659E-01   -2.4131773522E+00    7.1105421144E-02
    4.6999500000E-03    9.7655066077E-01    2.5133948203E-01   -2.3067683414E+00    7.1092029447E-02
    4.7999500000E-03    9.8655440075E-01    2.6666402028E-01   -2.2045534179E+00    7.1059848851E-02
    4.8999500000E-03    9.9772189860E-01    2.7893553885E-01   -2.1101151072E+00    7.1009313988E-02
    4.9999500000E-03    1.0089848921E+00    2.8799024861E-01   -2.0271584685E+00    7.0941181000E-02
    5.0999500000E-03    1.0191503513E+00    2.9407606965E-01   -1.9591606760E+00    7.0857120050E-02
    5.1999500000E-03    1.0271011559E+00    2.9775500046E-01   -1.9090373150E+00    7.0760023046E-02
    5.2999500000E-03    1.0319620661E+00    2.9968412252E-01   -1.8789296331E+00    7.0653900532E-02
    5.3999500000E-03    1.0331972063E+00    3.0036290081E-01   -1.8701021982E+00    7.0543535920E-02
    5.4999500000E-03    1.0306508623E+00    2.9994463841E-01   -1.8829019607E+00    7.0434062993E-02
    5.5999500000E-03    1.0245558473E+00    2.9817941780E-01   -1.9167512821E+00    7.0330536190E-02
    5.6999500000E-03    1.0155194123E+00    2.9450677242E-01   -1.9701694394E+00    7.0237503953E-02
    5.7999500000E-03    1.0044741033E+00    2.8826505481E-01   -2.0408300624E+00    7.0158604854E-02
    5.8999500000E-03    9.9256832128E-01    2.7894382903E-01   -2.1256823740E+00    7.0096276587E-02
    5.9999500000E-03    9.8099104422E-01    2.6638320658E-01   -2.2211769765E+00    7.0051752071E-02
    6.0999500000E-03    9.7077382129E-01    2.5084389053E-01   -2.3235890724E+00    7.0025464843E-02
    6.1999500000E-03    9.6264543374E-01    2.3294196908E-01   -2.4293309717E+00    7.0017645644E-02
    6.2999500000E-03    9.5698224132E-01    2.1351561808E-01   -2.5351185835E+00    7.0028589640E-02
    6.3999500000E-03    9.5383233805E-01    1.9349796044E-01   -2.6379743623E+00    7.0058365556E-02
    6.4999500000E-03    9.5296913357E-01    1.7381927353E-01   -2.7351856158E+00    7.0106347533E-02
    6.5999500000E-03    9.5395640752E-01    1.5532605752E-01   -2.8243324846E+00    7.0171054385E-02
    6.6999500000E-03    9.5622754959E-01    1.3871589388E-01   -2.9033759457E+00    7.0250338846E-02
    6.7999500000E-03    9.5917324339E-01    1.2450550295E-01   -2.9707142795E+00    7.0341679922E-02
    6.8999500000E-03    9.6221955208E-01    1.1303983284E-01   -3.0251571072E+00    7.0442441016E-02
    6.9999500000E-03    9.6488250820E-01    1.0452798613E-01   -3.0658477339E+00    7.0550087338E-02
    7.0999500000E-03    9.6679685286E-01    9.9085208087E-02   -3.0921900694E+00    7.0662328848E-02
    7.1999500000E-03    9.6772524509E-01    9.6767990981E-02   -3.1038075160E+00    7.0777140324E-02
    7.2999500000E-03    9.6755821391E-01    9.7597410321E-02   -3.1005279815E+00    7.0892671440E-02
    7.3999500000E-03    9.6631323705E-01    1.0156958916E-01   -3.0823795991E+00    7.1007100842E-02
    7.4999500000E-03    9.6413590510E-01    1.0865381113E-01   -3.0495888955E+00    7.1118478621E-02
    7.5999500000E-03    9.6130217240E-01    1.1877840509E-01   -3.0025838127E+00    7.1224596758E-02
    7.6999500000E-03    9.5821651274E-01    1.3180411887E-01   -2.9420148927E+00    7.1322946728E-02
    7.7999500000E-03    9.5539928985E-01    1.4748444377E-01   -2.8688117784E+00    7.1410810324E-02
    7.8999500000E-03    9.5345429193E-01    1.6541889834E-01   -2.7842732056E+00    7.1485459049E-02
    7.9999500000E-03    9.5300695135E-01    1.8501907317E-01   -2.6901455147E+00    7.1544405681E-02
    8.0999500000E-03    9.5461595406E-01    2.0551252594E-01   -2.5886235386E+00    7.1585708965E-02
    8.1999500000E-03    9.5867806414E-01    2.2599190065E-01   -2.4822673550E+00    7.1608284380E-02
    8.2999500000E-03    9.6534474866E-01    2.4549172879E-01   -2.3739244041E+00    7.1611957519E-02
    8.3999500000E-03    9.7445198798E-01    2.6307814393E-01   -2.2667423441E+00    7.1597056304E-02
    8.4999500000E-03    9.8546726890E-01    2.7796277811E-01   -2.1642215016E+00    7.1563870204E-02
    8.5999500000E-03    9.9748987043E-01    2.8964707329E-01   -2.0701488825E+00    7.1512597251E-02
    8.6999500000E-03    1.0093495733E+00    2.9804780999E-01   -1.9883324062E+00    7.1443898526E-02
    8.7999500000E-03    1.0197955891E+00    3.0351493885E-01   -1.9222353444E+00    7.1359528354E-02
    8.8999500000E-03    1.0277035897E+00    3.0669506620E-01   -1.8746764962E+00    7.1262557873E-02
    8.9999500000E-03    1.0322292949E+00    3.0828334578E-01   -1.8476612842E+00    7.1157184878E-02
    9.0999500000E-03    1.0328893026E+00    3.0876222669E-01   -1.8423053344E+00    7.1048341981E-02
    9.1999500000E-03    1.0295900417E+00    3.0822441946E-01   -1.8588033240E+00    7.0941252433E-02
    9.2999500000E-03    1.0226311885E+00    3.0633947722E-01   -1.8964269580E+00    7.0840984833E-02
    9.3999500000E-03    1.0126903844E+00    3.0247336911E-01   -1.9535506837E+00    7.0752011779E-02
    9.4999500000E-03    1.0007714567E+00    2.9592091048E-01   -2.0277101428E+00    7.0677796834E-02
    9.5999500000E-03    9.8808853329E-01    2.8617031620E-01   -2.1157205529E+00    7.0620508474E-02
    9.6999500000E-03    9.7588100290E-01    2.7310082568E-01   -2.2139004416E+00    7.0581051134E-02
    9.7999500000E-03    9.6520665336E-01    2.5703997508E-01   -2.3183957004E+00    7.0559542837E-02
    9.8999500000E-03    9.5679216897E-01    2.3868260132E-01   -2.4254923786E+00    7.0555980358E-02
    9.9999500000E-03    9.5098526729E-01    2.1894390726E-01   -2.5317849302E+00    7.0570515661E-02
    1.0099950000E-02    9.4778516713E-01    1.9882107503E-01   -2.6341903962E+00    7.0603127601E-02
    1.0199950000E-02    9.4690519017E-01    1.7928688609E-01   -2.7299249103E+00    7.0653132446E-02
    1.0299950000E-02    9.4784837953E-01    1.6120543133E-01   -2.8165421545E+00    7.0719042904E-02
    1.0399950000E-02    9.4999770979E-01    1.4526970748E-01   -2.8920167109E+00    7.0798783277E-02
    1.0499950000E-02    9.5271182982E-01    1.3197637287E-01   -2.9547895180E+00    7.0889967038E-02
    1.0599950000E-02    9.5540585636E-01    1.2164246194E-01   -3.0037350894E+00    7.0990089425E-02
    1.0699950000E-02    9.5760447232E-01    1.1444823438E-01   -3.0380809721E+00    7.1096662396E-02
    1.0799950000E-02    9.5896855006E-01    1.1048432812E-01   -3.0573299681E+00    7.1207306397E-02
    1.0899950000E-02    9.5930410542E-01    1.0978911524E-01   -3.0612105220E+00    7.1319767727E-02
    1.0999950000E-02    9.5856336180E-01    1.1237080949E-01   -3.0496537670E+00    7.1431854950E-02
    1.1099950000E-02    9.5684471743E-01    1.1821304105E-01   -3.0227877999E+00    7.1541333102E-02
    1.1199950000E-02    9.5439445961E-01    1.2726303561E-01   -2.9809468533E+00    7.1645834595E-02
    1.1299950000E-02    9.5160576954E-01    1.3940266364E-01   -2.9247041705E+00    7.1742840479E-02
    1.1399950000E-02    9.4900602269E-01    1.5440446244E-01   -2.8549389695E+00    7.1829750142E-02
    1.1499950000E-02    9.4722171154E-01    1.7188114198E-01   -2.7729285611E+00    7.1904010613E-02
    1.1599950000E-02    9.4691368935E-01    1.9124753830E-01   -2.6804228446E+00    7.1963290404E-02
    1.1699950000E-02    9.4868559059E-01    2.1171872462E-01   -2.5796467509E+00    7.2005742271E-02
    1.1799950000E-02    9.5298190526E-01    2.3235405964E-01   -2.4732266260E+00    7.2030305944E-02
    1.1899950000E-02    9.5999348040E-01    2.5213482012E-01   -2.3641156330E+00    7.2036758543E-02
    1.1999950000E-02    9.6957678757E-01    2.7006208673E-01   -2.2555925551E+00    7.2025296848E-02
    1.2099950000E-02    9.8119545401E-01    2.8528262174E-01   -2.1512915842E+00    7.1995993994E-02
    1.2199950000E-02    9.9392117494E-01    2.9724528671E-01   -2.0551200363E+00    7.1948774582E-02
    1.2299950000E-02    1.0065386795E+00    3.0583690010E-01   -1.9709872390E+00    7.1884026714E-02
    1.2399950000E-02    1.0177445301E+00    3.1140615428E-01   -1.9024422350E+00    7.1803283235E-02
    1.2499950000E-02    1.0263627732E+00    3.1462678035E-01   -1.8523830186E+00    7.1709464423E-02
    1.2599950000E-02    1.0315018655E+00    3.1624299666E-01   -1.8228970223E+00    7.1606686751E-02
    1.2699950000E-02    1.0326343370E+00    3.1679646522E-01   -1.8151886352E+00    7.1499864676E-02
    1.2799950000E-02    1.0296242682E+00    3.1643221767E-01   -1.8295465061E+00    7.1394256891E-02
    1.2899950000E-02    1.0227318423E+00    3.1484685716E-01   -1.8653387336E+00    7.1295010291E-02
    1.2999950000E-02    1.0126032675E+00    3.1139553632E-01   -1.9210363257E+00    7.1206708865E-02
    1.3099950000E-02    1.0002295965E+00    3.0532279587E-01   -1.9942643768E+00    7.1132945348E-02
    1.3199950000E-02    9.8684502498E-01    2.9603898226E-01   -2.0818983382E+00    7.1075994834E-02
    1.3299950000E-02    9.7375018267E-01    2.8334263117E-01   -2.1802526399E+00    7.1036767077E-02
    1.3399950000E-02    9.6209546037E-01    2.6750703704E-01   -2.2853809387E+00    7.1015218837E-02
    1.3499950000E-02    9.5270515143E-01    2.4921659931E-01   -2.3934016333E+00    7.1011069017E-02
    1.3599950000E-02    9.4600339803E-01    2.2941648036E-01   -2.5007097059E+00    7.1024237495E-02
    1.3699950000E-02    9.4203311608E-01    2.0915715011E-01   -2.6040341486E+00    7.1054643459E-02
    1.3799950000E-02    9.4052098690E-01    1.8947109013E-01   -2.7004326609E+00    7.1101700279E-02
    1.3899950000E-02    9.4096033145E-01    1.7127888713E-01   -2.7873246373E+00    7.1164078041E-02
    1.3999950000E-02    9.4270820854E-01    1.5532245798E-01   -2.8625657092E+00    7.1239857818E-02
    1.4099950000E-02    9.4508900012E-01    1.4213643694E-01   -2.9244961796E+00    7.1326798246E-02
    1.4199950000E-02    9.4748465052E-01    1.3206258625E-01   -2.9719192436E+00    7.1422505945E-02
    1.4299950000E-02    9.4939601433E-01    1.2529373151E-01   -3.0040273391E+00    7.1524521596E-02
    1.4399950000E-02    9.5047504441E-01    1.2192492085E-01   -3.0203218827E+00    7.1630377245E-02
    1.4499950000E-02    9.5053833520E-01    1.2199424139E-01   -3.0205555080E+00    7.1737623277E-02
    1.4599950000E-02    9.4957167945E-01    1.2550519793E-01   -3.0047032925E+00    7.1843813627E-02
    1.4699950000E-02    9.4773101615E-01    1.3242819906E-01   -2.9729606000E+00    7.1946472098E-02
    1.4799950000E-02    9.4534066599E-01    1.4268048468E-01   -2.9257684060E+00    7.2043081935E-02
    1.4899950000E-02    9.4288378175E-01    1.5608604628E-01   -2.8638704749E+00    7.2131120841E-02
    1.4999950000E-02    9.4097457979E-01    1.7232276802E-01   -2.7883981023E+00    7.2208127846E-02
    1.5099950000E-02    9.4030118971E-01    1.9087368600E-01   -2.7009533035E+00    7.2271799839E-02
    1.5199950000E-02    9.4153679452E-01    2.1100621151E-01   -2.6036413749E+00    7.2320176806E-02
    1.5299950000E-02    9.4523137531E-01    2.3179668314E-01   -2.4990270639E+00    7.2351927140E-02
    1.5399950000E-02    9.5170415102E-01    2.5219777878E-01   -2.3900555739E+00    7.2366504227E-02
    1.5499950000E-02    9.6094904166E-01    2.7113540246E-01   -2.2800149730E+00    7.2363874666E-02
    1.5599950000E-02    9.7256122668E-01    2.8763399339E-01   -2.1725467195E+00    7.2343964012E-02
    1.5699950000E-02    9.8571355450E-01    3.0097565826E-01   -2.0715959830E+00    7.2306444053E-02
    1.5799950000E-02    9.9923045394E-01    3.1086018520E-01   -1.9811927087E+00    7.2251215582E-02
    1.5899950000E-02    1.0117699806E+00    3.1748036940E-01   -1.9051048497E+00    7.2179173643E-02
    1.5999950000E-02    1.0220501386E+00    3.2144033699E-01   -1.8465227463E+00    7.2092627022E-02
    1.6099950000E-02    1.0290326678E+00    3.2352857347E-01   -1.8078714860E+00    7.1995225091E-02
    1.6199950000E-02    1.0320265624E+00    3.2443144052E-01   -1.7907233369E+00    7.1891605487E-02
    1.6299950000E-02    1.0307280211E+00    3.2449035956E-01   -1.7957534755E+00    7.1786948871E-02
    1.6399950000E-02    1.0252292700E+00    3.2358325627E-01   -1.8227215541E+00    7.1686517778E-02
    1.6499950000E-02    1.0160154137E+00    3.2116712796E-01   -1.8704833885E+00    7.1595198556E-02
    1.6599950000E-02    1.0039439114E+00    3.1646677245E-01   -1.9370304858E+00    7.1517055574E-02
    1.6699950000E-02    9.9018020619E-01    3.0874795662E-01   -2.0195567689E+00    7.1454940812E-02
    1.6799950000E-02    9.7605935539E-01    2.9758405739E-01   -2.1145835915E+00    7.1410275856E-02
    1.6899950000E-02    9.6287740378E-01    2.8302049886E-01   -2.2181923993E+00    7.1383214542E-02
    1.6999950000E-02    9.5167557490E-01    2.6558250732E-01   -2.3263448071E+00    7.1373265498E-02
    1.7099950000E-02    9.4310221559E-01    2.4615280901E-01   -2.4351672182E+00    7.1379980917E-02
    1.7199950000E-02    9.3738461969E-01    2.2580181175E-01   -2.5410960592E+00    7.1403126008E-02
    1.7299950000E-02    9.3437767086E-01    2.0563581212E-01   -2.6409112158E+00    7.1442290125E-02
    1.7399950000E-02    9.3364686759E-01    1.8668030284E-01   -2.7317589846E+00    7.1496472452E-02
    1.7499950000E-02    9.3456846451E-01    1.6979591175E-01   -2.8112124493E+00    7.1564038646E-02
    1.7599950000E-02    9.3643939755E-01    1.5563238299E-01   -2.8773325916E+00    7.1642942841E-02
    1.7699950000E-02    9.3858156353E-01    1.4462708921E-01   -2.9286776344E+00    7.1730931860E-02
    1.7799950000E-02    9.4042297533E-01    1.3704037905E-01   -2.9642530539E+00    7.1825634143E-02
    1.7899950000E-02    9.4154906657E-01    1.3300734798E-01   -2.9834344395E+00    7.1924593579E-02
    1.7999950000E-02    9.4172774449E-01    1.3258555097E-01   -2.9858995863E+00    7.2025299132E-02
    1.8099950000E-02    9.4091869357E-01    1.3578462981E-01   -2.9715889093E+00    7.2125212888E-02
    1.8199950000E-02    9.3927537394E-01    1.4257125905E-01   -2.9406991075E+00    7.2221794798E-02
    1.8299950000E-02    9.3714121103E-01    1.5284822057E-01   -2.8937110058E+00    7.2312534050E-02
    1.8399950000E-02    9.3503399669E-01    1.6641125047E-01   -2.8314505329E+00    7.2394987840E-02
    1.8499950000E-02    9.3360795899E-01    1.8289417389E-01   -2.7551709275E+00    7.2466821275E-02
    1.8599950000E-02    9.3358447024E-01    2.0172171659E-01   -2.6666238259E+00    7.2525881327E-02
    1.8699950000E-02    9.3565156106E-01    2.2209415345E-01   -2.5680769933E+00    7.2570378532E-02
    1.8799950000E-02    9.4034648178E-01    2.4301930941E-01   -2.4622649271E+00    7.2599137590E-02
    1.8899950000E-02    9.4794157501E-01    2.6338883426E-01   -2.3523162252E+00    7.2611647910E-02
    1.8999950000E-02    9.5834666387E-01    2.8208806492E-01   -2.2417181097E+00    7.2607701534E-02
    1.9099950000E-02    9.7104187775E-01    2.9813936558E-01   -2.1343020850E+00    7.2586906236E-02
    1.9199950000E-02    9.8507740661E-01    3.1087490514E-01   -2.0341419287E+00    7.2548684071E-02
    1.9299950000E-02    9.9918270501E-01    3.2008979149E-01   -1.9452903538E+00    7.2492910663E-02
    1.9399950000E-02    1.0119740205E+00    3.2608607810E-01   -1.8714349481E+00    7.2420644223E-02
    1.9499950000E-02    1.0221806367E+00    3.2955226407E-01   -1.8156265426E+00    7.2334406776E-02
    1.9599950000E-02    1.0288101059E+00    3.3131107921E-01   -1.7801348114E+00    7.2238017173E-02
    1.9699950000E-02    1.0312316948E+00    3.3202907171E-01   -1.7663791865E+00    7.2136211830E-02
    1.9799950000E-02    1.0292040632E+00    3.3198725925E-01   -1.7748873545E+00    7.2034197225E-02
    1.9899950000E-02    1.0228799021E+00    3.3098568635E-01   -1.8052791222E+00    7.1937188740E-02
    1.9999950000E-02    1.0128025820E+00    3.2841112000E-01   -1.8562843846E+00    7.1849953843E-02
    2.0099950000E-02    9.9988505782E-01    3.2344588153E-01   -1.9257887734E+00    7.1776375007E-02
    2.0199950000E-02    9.8534216850E-01    3.1535092869E-01   -2.0109008508E+00    7.1719076840E-02
    2.0299950000E-02    9.7054739257E-01    3.0372966666E-01   -2.1080717747E+00    7.1679230019E-02
    2.0399950000E-02    9.5681978831E-01    2.8868051403E-01   -2.2133201870E+00    7.1656739189E-02
    2.0499950000E-02    9.4520578205E-01    2.7079131957E-01   -2.3225430046E+00    7.1650882352E-02
    2.0599950000E-02    9.3634084107E-01    2.5100752027E-01   -2.4317920763E+00    7.1660990277E-02
    2.0699950000E-02    9.3042310318E-01    2.3045550070E-01   -2.5374220198E+00    7.1686605446E-02
    2.0799950000E-02    9.2726656934E-01    2.1028418910E-01   -2.6361399025E+00    7.1727122214E-02
    2.0899950000E-02    9.2639130346E-01    1.9154367310E-01   -2.7250457204E+00    7.1781420405E-02
    2.0999950000E-02    9.2713213555E-01    1.7510160989E-01   -2.8016971501E+00    7.1847836376E-02
    2.1099950000E-02    9.2875683977E-01    1.6160266922E-01   -2.8641619751E+00    7.1924359480E-02
    2.1199950000E-02    9.3057655782E-01    1.5147406166E-01   -2.9110174735E+00    7.2008800663E-02
    2.1299950000E-02    9.3203026357E-01    1.4496599752E-01   -2.9412982944E+00    7.2098853085E-02
    2.1399950000E-02    9.3273696674E-01    1.4220504895E-01   -2.9544254327E+00    7.2192108755E-02
    2.1499950000E-02    9.3252194047E-01    1.4323888988E-01   -2.9501483626E+00    7.2286088414E-02
    2.1599950000E-02    9.3142673935E-01    1.4805847045E-01   -2.9285173344E+00    7.2378290796E-02
    2.1699950000E-02    9.2970832668E-01    1.5659185511E-01   -2.8898914112E+00    7.2466248055E-02
    2.1799950000E-02    9.2782558730E-01    1.6867085582E-01   -2.8349817392E+00    7.2547572300E-02
    2.1899950000E-02    9.2640543387E-01    1.8397893384E-01   -2.7649214359E+00    7.2619983242E-02
    2.1999950000E-02    9.2617868097E-01    2.0199784137E-01   -2.6813381238E+00    7.2681344127E-02
    2.2099950000E-02    9.2788212278E-01    2.2197737978E-01   -2.5863912426E+00    7.2729780112E-02
    2.2199950000E-02    9.3213708128E-01    2.4294935922E-01   -2.4827472657E+00    7.2763890677E-02
    2.2299950000E-02    9.3932472853E-01    2.6379136727E-01   -2.3735110157E+00    7.2782863291E-02
    2.2399950000E-02    9.4947581983E-01    2.8333222872E-01   -2.2621669476E+00    7.2786242703E-02
    2.2499950000E-02    9.6218964225E-01    3.0049350388E-01   -2.1525458901E+00    7.2773477030E-02
    2.2599950000E-02    9.7661263019E-01    3.1446333187E-01   -2.0487417489E+00    7.2743778886E-02
    2.2699950000E-02    9.9152024167E-01    3.2486723636E-01   -1.9548889305E+00    7.2696629712E-02
    2.2799950000E-02    1.0055077031E+00    3.3185427189E-01   -1.8748353892E+00    7.2632546196E-02
    2.2899950000E-02    1.0172228988E+00    3.3602687373E-01   -1.8118552991E+00    7.2553496907E-02
    2.2999950000E-02    1.0255536307E+00    3.3822048196E-01   -1.7684856108E+00    7.2462834246E-02
    2.3099950000E-02    1.0297317783E+00    3.3921172554E-01   -1.7464482166E+00    7.2364965376E-02
    2.3199950000E-02    1.0293718923E+00    3.3945504553E-01   -1.7465994302E+00    7.2264930504E-02
    2.3299950000E-02    1.0244787484E+00    3.3893114244E-01   -1.7688992252E+00    7.2167949718E-02
    2.3399950000E-02    1.0154466755E+00    3.3715361129E-01   -1.8124160729E+00    7.2078965667E-02
    2.3499950000E-02    1.0030504727E+00    3.3333059699E-01   -1.8753671801E+00    7.2002202031E-02
    2.3599950000E-02    9.8840522015E-01    3.2663048486E-01   -1.9551776663E+00    7.1940769204E-02
    2.3699950000E-02    9.7286176253E-01    3.1646792970E-01   -2.0485634973E+00    7.1896379591E-02
    2.3799950000E-02    9.5782157061E-01    3.0271567358E-01   -2.1516889117E+00    7.1869327882E-02
    2.3899950000E-02    9.4450767711E-01    2.8577054280E-01   -2.2604311738E+00    7.1858921873E-02
    2.3999950000E-02    9.3377626617E-01    2.6646887548E-01   -2.3706807334E+00    7.1864204349E-02
    2.4099950000E-02    9.2603404399E-01    2.4591668535E-01   -2.4785569712E+00    7.1884406821E-02
    2.4199950000E-02    9.2125728762E-01    2.2531217363E-01   -2.5805095444E+00    7.1918834924E-02
    2.4299950000E-02    9.1907022148E-01    2.0579992245E-01   -2.6733730314E+00    7.1966500808E-02
    2.4399950000E-02    9.1885278580E-01    1.8836500307E-01   -2.7544315261E+00    7.2025946718E-02
    2.4499950000E-02    9.1986463824E-01    1.7377168018E-01   -2.8214810071E+00    7.2095338935E-02
    2.4599950000E-02    9.2136897054E-01    1.6255143952E-01   -2.8728498352E+00    7.2172633489E-02
    2.4699950000E-02    9.2273566561E-01    1.5503305312E-01   -2.9073664897E+00    7.2255665045E-02
    2.4799950000E-02    9.2351240928E-01    1.5139393943E-01   -2.9242983597E+00    7.2342168948E-02
    2.4899950000E-02    9.2346516627E-01    1.5170902491E-01   -2.9232938415E+00    7.2429801633E-02
    2.4999950000E-02    9.2259580029E-01    1.5597924663E-01   -2.9043494621E+00    7.2516187578E-02
    2.5099950000E-02    9.2114295637E-01    1.6413070267E-01   -2.8678112526E+00    7.2598979927E-02
    2.5199950000E-02    9.1956609147E-01    1.7598427766E-01   -2.8144108239E+00    7.2675908465E-02
    2.5299950000E-02    9.1850588280E-01    1.9120470233E-01   -2.7453273342E+00    7.2744802519E-02
    2.5399950000E-02    9.1871256832E-01    2.0924747329E-01   -2.6622524963E+00    7.2803621350E-02
    2.5499950000E-02    9.2094018170E-01    2.2932869860E-01   -2.5674237675E+00    7.2850560250E-02
    2.5599950000E-02    9.2581752925E-01    2.5043998405E-01   -2.4636001435E+00    7.2884224152E-02
    2.5699950000E-02    9.3371661444E-01    2.7141584599E-01   -2.3539940599E+00    7.2903692245E-02
    2.5799950000E-02    9.4463831217E-01    2.9104681693E-01   -2.2422048270E+00    7.2908289275E-02
    2.5899950000E-02    9.5813394156E-01    3.0823079203E-01   -2.1321651971E+00    7.2897209541E-02
    2.5999950000E-02    9.7329501609E-01    3.2215367235E-01   -2.0280329882E+00    7.2869476352E-02
    2.6099950000E-02    9.8885046147E-01    3.3245871129E-01   -1.9339550787E+00    7.2824487221E-02
    2.6199950000E-02    1.0033676984E+00    3.3932326827E-01   -1.8537506727E+00    7.2762742671E-02
    2.6299950000E-02    1.0154851065E+00    3.4337810578E-01   -1.7906508090E+00    7.2686199553E-02
    2.6399950000E-02    1.0240914405E+00    3.4548146129E-01   -1.7471582173E+00    7.2598171836E-02
    2.6499950000E-02    1.0284220281E+00    3.4642625098E-01   -1.7249775822E+00    7.2503005491E-02
    2.6599950000E-02    1.0280926276E+00    3.4667686165E-01   -1.7249621225E+00    7.2405670400E-02
    2.6699950000E-02    1.0231049760E+00    3.4621721437E-01   -1.7470783800E+00    7.2311315954E-02
    2.6799950000E-02    1.0138461667E+00    3.4455627890E-01   -1.7904106256E+00    7.2224818876E-02
    2.6899950000E-02    1.0010816830E+00    3.4088838439E-01   -1.8532047969E+00    7.2150350002E-02
    2.6999950000E-02    9.8592065703E-01    3.3435769421E-01   -1.9329302349E+00    7.2090994100E-02
    2.7099950000E-02    9.6972041229E-01    3.2434535754E-01   -2.0263546249E+00    7.2048469745E-02
    2.7199950000E-02    9.5391019542E-01    3.1068808949E-01   -2.1296786336E+00    7.2023076109E-02
    2.7299950000E-02    9.3976277252E-01    2.9375650868E-01   -2.2387745934E+00    7.2014057315E-02
    2.7399950000E-02    9.2819488370E-01    2.7438165970E-01   -2.3494768490E+00    7.2020285927E-02
    2.7499950000E-02    9.1966806574E-01    2.5368781281E-01   -2.4578102185E+00    7.2040756417E-02
    2.7599950000E-02    9.1419576475E-01    2.3290878051E-01   -2.5601146573E+00    7.2074564794E-02
    2.7699950000E-02    9.1141859777E-01    2.1323241802E-01   -2.6531185715E+00    7.2120618011E-02
    2.7799950000E-02    9.1071546338E-01    1.9568662854E-01   -2.7340117669E+00    7.2177465874E-02
    2.7899950000E-02    9.1133362349E-01    1.8107328382E-01   -2.8005098282E+00    7.2243351173E-02
    2.7999950000E-02    9.1251989432E-01    1.6995398179E-01   -2.8508763997E+00    7.2316335260E-02
    2.8099950000E-02    9.1363200461E-01    1.6267910040E-01   -2.8838952979E+00    7.2394375194E-02
    2.8199950000E-02    9.1421733277E-01    1.5943844359E-01   -2.8988157516E+00    7.2475347484E-02
    2.8299950000E-02    9.1405880077E-01    1.6030869200E-01   -2.8953013575E+00    7.2557067616E-02
    2.8399950000E-02    9.1319436531E-01    1.6527894726E-01   -2.8734033077E+00    7.2637331661E-02
    2.8499950000E-02    9.1191491627E-01    1.7424539715E-01   -2.8335664521E+00    7.2713967397E-02
    2.8599950000E-02    9.1073938910E-01    1.8697648061E-01   -2.7766672806E+00    7.2784869766E-02
    2.8699950000E-02    9.1036087849E-01    2.0306038271E-01   -2.7040722890E+00    7.2848019643E-02
    2.8799950000E-02    9.1155752326E-01    2.2185652169E-01   -2.6176914285E+00    7.2901527237E-02
    2.8899950000E-02    9.1507065109E-01    2.4247746237E-01   -2.5199930515E+00    7.2943739783E-02
    2.8999950000E-02    9.2146552594E-01    2.6382138616E-01   -2.4139626883E+00    7.2973358787E-02
    2.9099950000E-02    9.3099759283E-01    2.8465884788E-01   -2.3030273108E+00    7.2989407293E-02
    2.9199950000E-02    9.4350575327E-01    3.0376511921E-01   -2.1909830744E+00    7.2990973119E-02
    2.9299950000E-02    9.5835610346E-01    3.2008911116E-01   -2.0819151227E+00    7.2976971678E-02
    2.9399950000E-02    9.7447220094E-01    3.3293968192E-01   -1.9800369461E+00    7.2946343106E-02
    2.9499950000E-02    9.9047838785E-01    3.4213222625E-01   -1.8894173422E+00    7.2898706639E-02
    2.9599950000E-02    1.0049238795E+00    3.4801436304E-01   -1.8136852213E+00    7.2834962031E-02
    2.9699950000E-02    1.0165020286E+00    3.5133135358E-01   -1.7558300608E+00    7.2757446606E-02
    2.9799950000E-02    1.0241977500E+00    3.5296960917E-01   -1.7181058439E+00    7.2669739394E-02
    2.9899950000E-02    1.0273561676E+00    3.5366388478E-01   -1.7019706286E+00    7.2576320368E-02
    2.9999950000E-02    1.0257019522E+00    3.5375935396E-01   -1.7080309229E+00    7.2482163719E-02
    3.0099950000E-02    1.0193406931E+00    3.5310085534E-01   -1.7360120753E+00    7.2392296439E-02
    3.0199950000E-02    1.0087580387E+00    3.5108291444E-01   -1.7847760097E+00    7.2311354766E-02
    3.0299950000E-02    9.9481038499E-01    3.4684393794E-01   -1.8523772661E+00    7.2243174137E-02
    3.0399950000E-02    9.7868208308E-01    3.3954425702E-01   -1.9361292824E+00    7.2190448190E-02
    3.0499950000E-02    9.6177718228E-01    3.2864383320E-01   -2.0326802340E+00    7.2154497516E-02
    3.0599950000E-02    9.4553178160E-01    3.1409357339E-01   -2.1381515516E+00    7.2135280951E-02
    3.0699950000E-02    9.3118484277E-01    2.9638093786E-01   -2.2483764390E+00    7.2131814759E-02
    3.0799950000E-02    9.1959054799E-01    2.7643272484E-01   -2.3591762886E+00    7.2142825842E-02
    3.0899950000E-02    9.1113511951E-01    2.5543846408E-01   -2.4665728632E+00    7.2167146925E-02
    3.0999950000E-02    9.0575637138E-01    2.3466607817E-01   -2.5669123685E+00    7.2203663536E-02
    3.1099950000E-02    9.0302854179E-01    2.1530889779E-01   -2.6569506807E+00    7.2251099267E-02
    3.1199950000E-02    9.0228273855E-01    1.9837737091E-01   -2.7339334316E+00    7.2307926885E-02
    3.1299950000E-02    9.0274487160E-01    1.8464256964E-01   -2.7956550754E+00    7.2372420130E-02
    3.1399950000E-02    9.0367061307E-01    1.7463247266E-01   -2.8404707624E+00    7.2442734328E-02
    3.1499950000E-02    9.0445633245E-01    1.6866779973E-01   -2.8672634578E+00    7.2516950873E-02
    3.1599950000E-02    9.0471527925E-01    1.6691282234E-01   -2.8753932910E+00    7.2593094514E-02
    3.1699950000E-02    9.0431968986E-01    1.6941638715E-01   -2.8646571170E+00    7.2669154900E-02
    3.1799950000E-02    9.0341397353E-01    1.7612644193E-01   -2.8352746869E+00    7.2743122083E-02
    3.1899950000E-02    9.0240161031E-01    1.8687241767E-01   -2.7879063353E+00    7.2813021301E-02
    3.1999950000E-02    9.0190272497E-01    2.0132152742E-01   -2.7236973123E+00    7.2876934753E-02
    3.2099950000E-02    9.0267649053E-01    2.1892643256E-01   -2.6443315391E+00    7.2933024580E-02
    3.2199950000E-02    9.0550707293E-01    2.3889023364E-01   -2.5520644988E+00    7.2979587613E-02
    3.2299950000E-02    9.1106322134E-01    2.6017464543E-01   -2.4497063947E+00    7.3015138625E-02
    3.2399950000E-02    9.1975336825E-01    2.8156450563E-01   -2.3405555272E+00    7.3038443361E-02
    3.2499950000E-02    9.3160155053E-01    3.0178452299E-01   -2.2283142947E+00    7.3048399325E-02
    3.2599950000E-02    9.4616664533E-01    3.1965766537E-01   -2.1170043172E+00    7.3043822229E-02
    3.2699950000E-02    9.6253485328E-01    3.3429100449E-01   -2.0108364097E+00    7.3023457989E-02
    3.2799950000E-02    9.7941856422E-01    3.4524925125E-01   -1.9139809155E+00    7.2986457211E-02
    3.2899950000E-02    9.9535552935E-01    3.5264162923E-01   -1.8302782222E+00    7.2933027246E-02
    3.2999950000E-02    1.0089391412E+00    3.5705962411E-01   -1.7630074163E+00    7.2864768209E-02
    3.3099950000E-02    1.0189984365E+00    3.5937017240E-01   -1.7147657225E+00    7.2784602879E-02
    3.3199950000E-02    1.0246968836E+00    3.6043084762E-01   -1.6874041150E+00    7.2696504942E-02
    3.3299950000E-02    1.0255682174E+00    3.6081552006E-01   -1.6819645948E+00    7.2605142014E-02
    3.3399950000E-02    1.0215220084E+00    3.6063258969E-01   -1.6986279535E+00    7.2515459558E-02
    3.3499950000E-02    1.0128430394E+00    3.5949097846E-01   -1.7367046550E+00    7.2432240103E-02
    3.3599950000E-02    1.0001895945E+00    3.5662367731E-01   -1.7946774641E+00    7.2359679591E-02
    3.3699950000E-02    9.8457500989E-01    3.5112960556E-01   -1.8702709601E+00    7.2301023621E-02
    3.3799950000E-02    9.6730331211E-01    3.4226055344E-01   -1.9605189534E+00    7.2258289869E-02
    3.3899950000E-02    9.4983118217E-01    3.2966842570E-01   -2.0618485623E+00    7.2232124856E-02
    3.3999950000E-02    9.3355894363E-01    3.1353788252E-01   -2.1702426754E+00    7.2221957404E-02
    3.4099950000E-02    9.1960802625E-01    2.9456938381E-01   -2.2814901964E+00    7.2226523375E-02
    3.4199950000E-02    9.0866718941E-01    2.7384154459E-01   -2.3914410047E+00    7.2244435267E-02
    3.4299950000E-02    9.0094839231E-01    2.5262316413E-01   -2.4961884886E+00    7.2274393379E-02
    3.4399950000E-02    8.9623452009E-01    2.3219524747E-01   -2.5921852670E+00    7.2315082440E-02
    3.4499950000E-02    8.9398275141E-01    2.1371169916E-01   -2.6763345015E+00    7.2365057153E-02
    3.4599950000E-02    8.9345846718E-01    1.9810964843E-01   -2.7460679089E+00    7.2422738654E-02
    3.4699950000E-02    8.9387986543E-01    1.8607455416E-01   -2.7993888604E+00    7.2486457844E-02
    3.4799950000E-02    8.9455071799E-01    1.7805472789E-01   -2.8348668475E+00    7.2554485949E-02
    3.4899950000E-02    8.9496259262E-01    1.7430549395E-01   -2.8515982830E+00    7.2625048006E-02
    3.4999950000E-02    8.9485956952E-01    1.7493630016E-01   -2.8491627803E+00    7.2696335517E-02
    3.5099950000E-02    8.9426771216E-01    1.7993835710E-01   -2.8275978697E+00    7.2766528267E-02
    3.5199950000E-02    8.9349316514E-01    1.8918108676E-01   -2.7874025187E+00    7.2833820780E-02
    3.5299950001E-02    8.9308810148E-01    2.0237845369E-01   -2.7295689778E+00    7.2896443227E-02
    3.5399950001E-02    8.9378042228E-01    2.1903892567E-01   -2.6556306058E+00    7.2952676375E-02
    3.5499950001E-02    8.9636493146E-01    2.3842347736E-01   -2.5676995360E+00    7.3000872325E-02
    3.5599950001E-02    9.0156311188E-01    2.5953955571E-01   -2.4684632370E+00    7.3039491013E-02
    3.5699950001E-02    9.0987180080E-01    2.8118974287E-01   -2.3611287699E+00    7.3067135177E-02
    3.5799950001E-02    9.2142796875E-01    3.0207620299E-01   -2.2493366581E+00    7.3082518248E-02
    3.5899950001E-02    9.3591348989E-01    3.2095120504E-01   -2.1370675722E+00    7.3084333214E-02
    3.5999950001E-02    9.5252696872E-01    3.3680003699E-01   -2.0285185235E+00    7.3071209716E-02
    3.6099950001E-02    9.7005515626E-01    3.4902445471E-01   -1.9278976828E+00    7.3042046002E-02
    3.6199950001E-02    9.8704987722E-01    3.5756144431E-01   -1.8391507305E+00    7.2996619426E-02
    3.6299950001E-02    1.0020562564E+00    3.6286842673E-01   -1.7657203277E+00    7.2936011779E-02
    3.6399950001E-02    1.0138093076E+00    3.6575875768E-01   -1.7104113785E+00    7.2862635171E-02
    3.6499950001E-02    1.0213534706E+00    3.6713637377E-01   -1.6753244172E+00    7.2780019858E-02
    3.6599950001E-02    1.0240927129E+00    3.6771047830E-01   -1.6617913427E+00    7.2692506078E-02
    3.6699950001E-02    1.0218014698E+00    3.6777405582E-01   -1.6703094707E+00    7.2604862041E-02
    3.6799950001E-02    1.0146239138E+00    3.6711271852E-01   -1.7005107904E+00    7.2521854030E-02
    3.6899950001E-02    1.0030738709E+00    3.6507169381E-01   -1.7511885171E+00    7.2447817279E-02
    3.6999950001E-02    9.8802729033E-01    3.6075896279E-01   -1.8203661881E+00    7.2386278673E-02
    3.7099950001E-02    9.7068285538E-01    3.5332219113E-01   -1.9053714379E+00    7.2339665940E-02
    3.7199950001E-02    9.5246113502E-01    3.4221881525E-01   -2.0029022068E+00    7.2309114948E-02
    3.7299950001E-02    9.3482746862E-01    3.2740151900E-01   -2.1091342302E+00    7.2294469647E-02
    3.7399950001E-02    9.1906860138E-01    3.0936618552E-01   -2.2199201554E+00    7.2294631049E-02
    3.7499950001E-02    9.0609837333E-01    2.8906201667E-01   -2.3310437527E+00    7.2308127315E-02
    3.7599950001E-02    8.9635869191E-01    2.6771778582E-01   -2.4384417773E+00    7.2333489526E-02
    3.7699950001E-02    8.8982594258E-01    2.4665216741E-01   -2.5383569788E+00    7.2369281906E-02
    3.7799950001E-02    8.8609253400E-01    2.2711242253E-01   -2.6274465695E+00    7.2414025721E-02
    3.7899950001E-02    8.8449188941E-01    2.1016007958E-01   -2.7028707785E+00    7.2466197672E-02
    3.7999950001E-02    8.8424473057E-01    1.9661075139E-01   -2.7623553416E+00    7.2524259612E-02
    3.8099950001E-02    8.8460456288E-01    1.8702729982E-01   -2.8042106677E+00    7.2586659875E-02
    3.8199950001E-02    8.8497981006E-01    1.8175237190E-01   -2.8273096827E+00    7.2651820531E-02
    3.8299950001E-02    8.8501867183E-01    1.8095508374E-01   -2.8310481976E+00    7.2718135540E-02
    3.8399950001E-02    8.8465458388E-01    1.8466606673E-01   -2.8153143314E+00    7.2783983564E-02
    3.8499950001E-02    8.8411504450E-01    1.9278425452E-01   -2.7804827287E+00    7.2847748236E-02
    3.8599950001E-02    8.8389448847E-01    2.0505212648E-01   -2.7274367577E+00    7.2907836450E-02
    3.8699950001E-02    8.8468873250E-01    2.2101008667E-01   -2.6576092152E+00    7.2962686258E-02
    3.8799950001E-02    8.8728902070E-01    2.3995281656E-01   -2.5730183145E+00    7.3010760565E-02
    3.8899950001E-02    8.9244166147E-01    2.6091593684E-01   -2.4762691720E+00    7.3050539290E-02
    3.8999950001E-02    9.0069269614E-01    2.8271443523E-01   -2.3705057490E+00    7.3080536596E-02
    3.9099950001E-02    9.1224542088E-01    3.0403790088E-01   -2.2593271862E+00    7.3099321895E-02
    3.9199950001E-02    9.2685615658E-01    3.2359510717E-01   -2.1466889494E+00    7.3105471003E-02
    3.9299950001E-02    9.4379464113E-01    3.4029443665E-01   -2.0367758361E+00    7.3097526330E-02
    3.9399950001E-02    9.6189978355E-01    3.5343110664E-01   -1.9338066602E+00    7.3074237644E-02
    3.9499950001E-02    9.7974091554E-01    3.6282230125E-01   -1.8417746428E+00    7.3035108361E-02
    3.9599950001E-02    9.9583997592E-01    3.6882170718E-01   -1.7642096947E+00    7.2980852928E-02
    3.9699950001E-02    1.0088748348E+00    3.7218655815E-01   -1.7040395830E+00    7.2913487297E-02
    3.9799950001E-02    1.0178114130E+00    3.7383260202E-01   -1.6635236683E+00    7.2836165143E-02
    3.9899950001E-02    1.0219643641E+00    3.7454930839E-01   -1.6441891139E+00    7.2752913165E-02
    3.9999950001E-02    1.0210131025E+00    3.7475694636E-01   -1.6467561825E+00    7.2668285100E-02
    4.0099950001E-02    1.0150014532E+00    3.7437736374E-01   -1.6710908853E+00    7.2586948154E-02
    4.0199950001E-02    1.0043374572E+00    3.7285827865E-01   -1.7162164212E+00    7.2513253085E-02
    4.0299950001E-02    9.8979083616E-01    3.6934245433E-01   -1.7803784325E+00    7.2450847482E-02
    4.0399950001E-02    9.7246803559E-01    3.6292885092E-01   -1.8611265484E+00    7.2402378577E-02
    4.0499950001E-02    9.5373671938E-01    3.5294956866E-01   -1.9553802068E+00    7.2369289859E-02
    4.0599950001E-02    9.3507803868E-01    3.3918558452E-01   -2.0595045425E+00    7.2351748551E-02
    4.0699950001E-02    9.1787717196E-01    3.2196156248E-01   -2.1694599933E+00    7.2348855876E-02
    4.0799950001E-02    9.0321139689E-01    3.0210047263E-01   -2.2810318135E+00    7.2359148857E-02
    4.0899950001E-02    8.9171038340E-01    2.8077283616E-01   -2.3900682461E+00    7.2381053359E-02
    4.0999950001E-02    8.8352287391E-01    2.5930560850E-01   -2.4926665876E+00    7.2413020180E-02
    4.1099950001E-02    8.7837338796E-01    2.3900581392E-01   -2.5853046443E+00    7.2453494709E-02
    4.1199950001E-02    8.7567562710E-01    2.2102752236E-01   -2.6649390373E+00    7.2500941836E-02
    4.1299950001E-02    8.7467623553E-01    2.0629216546E-01   -2.7290778506E+00    7.2553900181E-02
    4.1399950001E-02    8.7460670917E-01    1.9546302854E-01   -2.7758177841E+00    7.2610973584E-02
    4.1499950001E-02    8.7481976921E-01    1.8896441051E-01   -2.8038403457E+00    7.2670781483E-02
    4.1599950001E-02    8.7489130312E-01    1.8702365501E-01   -2.8123817319E+00    7.2731926823E-02
    4.1699950001E-02    8.7468083528E-01    1.8970933092E-01   -2.8012020424E+00    7.2792995755E-02
    4.1799950001E-02    8.7435073547E-01    1.9694529157E-01   -2.7705737827E+00    7.2852574553E-02
    4.1899950001E-02    8.7434549993E-01    2.0849347704E-01   -2.7212964697E+00    7.2909266815E-02
    4.1999950001E-02    8.7532981512E-01    2.2391343442E-01   -2.6547300212E+00    7.2961693592E-02
    4.2099950001E-02    8.7808427447E-01    2.4251983782E-01   -2.5728258160E+00    7.3008461049E-02
    4.2199950001E-02    8.8336479479E-01    2.6336584185E-01   -2.4781281948E+00    7.3048112077E-02
    4.2299950001E-02    8.9174467831E-01    2.8527474395E-01   -2.3737316286E+00    7.3079123904E-02
    4.2399950001E-02    9.0346718254E-01    3.0692786182E-01   -2.2632019258E+00    7.3099966958E-02
    4.2499950001E-02    9.1833520029E-01    3.2700408141E-01   -2.1504749634E+00    7.3109125482E-02
    4.2599950001E-02    9.3566479947E-01    3.4435825074E-01   -2.0397234780E+00    7.3105076727E-02
    4.2699950001E-02    9.5433171697E-01    3.5820994224E-01   -1.9351635573E+00    7.3086471229E-02
    4.2799950001E-02    9.7292158350E-01    3.6828753632E-01   -1.8408056707E+00    7.3052616520E-02
    4.2899950001E-02    9.8994512731E-01    3.7486178478E-01   -1.7602248682E+00    7.3003940130E-02
    4.2999950001E-02    1.0040430152E+00    3.7863687314E-01   -1.6964240818E+00    7.2942125173E-02
    4.3099950001E-02    1.0141254441E+00    3.8052443864E-01   -1.6517703275E+00    7.2869987520E-02
    4.3199950001E-02    1.0194407246E+00    3.8136446175E-01   -1.6279323373E+00    7.2791250068E-02
    4.3299950001E-02    1.0195959390E+00    3.8167071607E-01   -1.6257997510E+00    7.2710232454E-02
    4.3399950001E-02    1.0145573251E+00    3.8147476862E-01   -1.6454223759E+00    7.2631456805E-02
    4.3499950001E-02    1.0046495743E+00    3.8031652494E-01   -1.6860077460E+00    7.2559220154E-02
    4.3599950001E-02    9.9055569430E-01    3.7738363538E-01   -1.7459803337E+00    7.2497199991E-02
    4.3699950001E-02    9.7330108831E-01    3.7175528018E-01   -1.8230690056E+00    7.2448150639E-02
    4.3799950001E-02    9.5419585631E-01    3.6267845636E-01   -1.9143796369E+00    7.2413700462E-02
    4.3899950001E-02    9.3471170469E-01    3.4980133493E-01   -2.0164556510E+00    7.2394249818E-02
    4.3999950001E-02    9.1629170340E-01    3.3330200435E-01   -2.1253869158E+00    7.2389085443E-02
    4.4099950001E-02    9.0013513038E-01    3.1388214503E-01   -2.2370041345E+00    7.2396797800E-02
    4.4199950001E-02    8.8702968043E-01    2.9264331470E-01   -2.3471149404E+00    7.2415760935E-02
    4.4299950001E-02    8.7728187307E-01    2.7090190654E-01   -2.4517141924E+00    7.2444348801E-02
    4.4399950001E-02    8.7074651502E-01    2.5000297383E-01   -2.5471416993E+00    7.2480939522E-02
    4.4499950001E-02    8.6692585187E-01    2.3117183383E-01   -2.6301939935E+00    7.2523958051E-02
    4.4599950001E-02    8.6510822003E-01    2.1541860241E-01   -2.6982025637E+00    7.2571973533E-02
    4.4699950001E-02    8.6452227410E-01    2.0349691949E-01   -2.7490813954E+00    7.2623714682E-02
    4.4799950001E-02    8.6448310807E-01    1.9590953563E-01   -2.7813394865E+00    7.2677994259E-02
    4.4899950001E-02    8.6450855476E-01    1.9294289805E-01   -2.7940638700E+00    7.2733634962E-02
    4.4999950001E-02    8.6439379576E-01    1.9470527640E-01   -2.7868932645E+00    7.2789444697E-02
    4.5099950001E-02    8.6424127213E-01    2.0114589355E-01   -2.7600038548E+00    7.2844227871E-02
    4.5199950001E-02    8.6444684813E-01    2.1204448748E-01   -2.7141174974E+00    7.2896802751E-02
    4.5299950001E-02    8.6564179469E-01    2.2697650492E-01   -2.6505273983E+00    7.2945993950E-02
    4.5399950001E-02    8.6859047223E-01    2.4527334181E-01   -2.5711224247E+00    7.2990574941E-02
    4.5499950001E-02    8.7405036298E-01    2.6600421325E-01   -2.4783864565E+00    7.3029183447E-02
    4.5599950001E-02    8.8261273141E-01    2.8800220018E-01   -2.3753603788E+00    7.3060302013E-02
    4.5699950001E-02    8.9455134941E-01    3.0994481934E-01   -2.2655705183E+00    7.3082346885E-02
    4.5799950001E-02    9.0970697303E-01    3.3048809466E-01   -2.1529277918E+00    7.3093744643E-02
    4.5899950001E-02    9.2743527534E-01    3.4844265243E-01   -2.0415879066E+00    7.3092929039E-02
    4.5999950001E-02    9.4664600428E-01    3.6296315314E-01   -1.9357561621E+00    7.3078472479E-02
    4.6099950001E-02    9.6594349327E-01    3.7369857660E-01   -1.8394468920E+00    7.3049511376E-02
    4.6199950001E-02    9.8383403477E-01    3.8084089625E-01   -1.7562628453E+00    7.3006206946E-02
    4.6299950001E-02    9.9892982109E-01    3.8503755896E-01   -1.6892626281E+00    7.2949920613E-02
    4.6399950001E-02    1.0100939812E+00    3.8718489887E-01   -1.6409002030E+00    7.2883130830E-02
    4.6499950001E-02    1.0165163489E+00    3.8815799393E-01   -1.6129650101E+00    7.2809244429E-02
    4.6599950001E-02    1.0177390633E+00    3.8854959452E-01   -1.6064970276E+00    7.2732322782E-02
    4.6699950001E-02    1.0136581978E+00    3.8849246701E-01   -1.6217142482E+00    7.2656710131E-02
    4.6799950001E-02    1.0045223900E+00    3.8761949003E-01   -1.6579961957E+00    7.2586610744E-02
    4.6899950001E-02    9.9093391581E-01    3.8517371451E-01   -1.7139345254E+00    7.2525686777E-02
    4.6999950001E-02    9.7383916649E-01    3.8023273835E-01   -1.7874235002E+00    7.2476744526E-02
    4.7099950001E-02    9.5448478037E-01    3.7198006077E-01   -1.8757423326E+00    7.2441531830E-02
    4.7199950001E-02    9.3431593960E-01    3.5994955512E-01   -1.9756114629E+00    7.2420626573E-02
    4.7299950001E-02    9.1480771033E-01    3.4418104413E-01   -2.0832698957E+00    7.2413485347E-02
    4.7399950001E-02    8.9725601339E-01    3.2524993402E-01   -2.1946299413E+00    7.2418774725E-02
    4.7499950001E-02    8.8259147382E-01    3.0417410710E-01   -2.3054967459E+00    7.2434850201E-02
    4.7599950001E-02    8.7127641729E-01    2.8224179478E-01   -2.4117921632E+00    7.2460043314E-02
    4.7699950001E-02    8.6330366946E-01    2.6082020090E-01   -2.5097395740E+00    7.2492696455E-02
    4.7799950001E-02    8.5827719178E-01    2.4119298690E-01   -2.5959958632E+00    7.2531198462E-02
    4.7899950001E-02    8.5554280634E-01    2.2444995681E-01   -2.6677362335E+00    7.2574116511E-02
    4.7999950001E-02    8.5434178913E-01    2.1143164226E-01   -2.7227059113E+00    7.2620265591E-02
    4.8099950001E-02    8.5396336121E-01    2.0272148357E-01   -2.7592444167E+00    7.2668636555E-02
    4.8199950001E-02    8.5387316407E-01    1.9867090600E-01   -2.7762832977E+00    7.2718280428E-02
    4.8299950001E-02    8.5380183924E-01    1.9943476954E-01   -2.7733285277E+00    7.2768245438E-02
    4.8399950001E-02    8.5378704218E-01    2.0499401824E-01   -2.7504466161E+00    7.2817573765E-02
    4.8499950001E-02    8.5416835262E-01    2.1515189115E-01   -2.7082673000E+00    7.2865317491E-02
    4.8599950001E-02    8.5553515338E-01    2.2950560125E-01   -2.6480009750E+00    7.2910525240E-02
    4.8699950001E-02    8.5862831211E-01    2.4741025781E-01   -2.5714552807E+00    7.2952163712E-02
    4.8799950001E-02    8.6420275111E-01    2.6795961824E-01   -2.4810318626E+00    7.2989001872E-02
    4.8899950001E-02    8.7286826772E-01    2.9000569138E-01   -2.3796943168E+00    7.3019574102E-02
    4.8999950001E-02    8.8493464358E-01    3.1223008658E-01   -2.2709069460E+00    7.3042289542E-02
    4.9099950001E-02    9.0028993001E-01    3.3327040924E-01   -2.1585379526E+00    7.3055553594E-02
    4.9199950001E-02    9.1834106285E-01    3.5189262581E-01   -2.0467146631E+00    7.3057778244E-02
    4.9299950001E-02    9.3804375394E-01    3.6718072686E-01   -1.9396258193E+00    7.3047465036E-02
    4.9399950001E-02    9.5803119511E-01    3.7869338598E-01   -1.8412881134E+00    7.3023570172E-02
    4.9499950001E-02    9.7681162503E-01    3.8652870955E-01   -1.7553334880E+00    7.2985962832E-02
    4.9599950001E-02    9.9297037515E-01    3.9126044347E-01   -1.6848789733E+00    7.2935647000E-02
    4.9699950001E-02    1.0053208306E+00    3.9375433626E-01   -1.6324687851E+00    7.2874723623E-02
    4.9799950001E-02    1.0129888583E+00    3.9491098644E-01   -1.6000188090E+00    7.2806240317E-02
    4.9899950001E-02    1.0154450310E+00    3.9540148013E-01   -1.5887301732E+00    7.2733957681E-02
    4.9999950001E-02    1.0125086057E+00    3.9546903166E-01   -1.5990056381E+00    7.2662006550E-02
